-5.000000000000000000e+00
-4.932885906040268331e+00
-4.865771812080536662e+00
-4.798657718120804994e+00
-4.731543624161074213e+00
-4.664429530201342544e+00
-4.597315436241610875e+00
-4.530201342281879207e+00
-4.463087248322147538e+00
-4.395973154362415869e+00
-4.328859060402684200e+00
-4.261744966442952531e+00
-4.194630872483221751e+00
-4.127516778523490082e+00
-4.060402684563758413e+00
-3.993288590604026744e+00
-3.926174496644295075e+00
-3.859060402684563851e+00
-3.791946308724832182e+00
-3.724832214765100957e+00
-3.657718120805369288e+00
-3.590604026845637620e+00
-3.523489932885905951e+00
-3.456375838926174282e+00
-3.389261744966443057e+00
-3.322147651006711389e+00
-3.255033557046980164e+00
-3.187919463087248495e+00
-3.120805369127516826e+00
-3.053691275167785157e+00
-2.986577181208053489e+00
-2.919463087248322264e+00
-2.852348993288590595e+00
-2.785234899328858926e+00
-2.718120805369127702e+00
-2.651006711409396033e+00
-2.583892617449664364e+00
-2.516778523489932695e+00
-2.449664429530201470e+00
-2.382550335570469802e+00
-2.315436241610738133e+00
-2.248322147651006908e+00
-2.181208053691275239e+00
-2.114093959731543571e+00
-2.046979865771811902e+00
-1.979865771812080677e+00
-1.912751677852349008e+00
-1.845637583892617339e+00
-1.778523489932886115e+00
-1.711409395973154446e+00
-1.644295302013422777e+00
-1.577181208053691108e+00
-1.510067114093959884e+00
-1.442953020134228215e+00
-1.375838926174496546e+00
-1.308724832214764877e+00
-1.241610738255033652e+00
-1.174496644295301984e+00
-1.107382550335570315e+00
-1.040268456375839090e+00
-9.731543624161069772e-01
-9.060402684563761966e-01
-8.389261744966445278e-01
-7.718120805369128590e-01
-7.046979865771811902e-01
-6.375838926174495214e-01
-5.704697986577178526e-01
-5.033557046979861838e-01
-4.362416107382554031e-01
-3.691275167785237343e-01
-3.020134228187920655e-01
-2.348993288590603967e-01
-1.677852348993287279e-01
-1.006711409395970591e-01
-3.355704697986539031e-02
3.355704697986539031e-02
1.006711409395970591e-01
1.677852348993287279e-01
2.348993288590603967e-01
3.020134228187920655e-01
3.691275167785237343e-01
4.362416107382554031e-01
5.033557046979861838e-01
5.704697986577178526e-01
6.375838926174495214e-01
7.046979865771811902e-01
7.718120805369128590e-01
8.389261744966445278e-01
9.060402684563761966e-01
9.731543624161069772e-01
1.040268456375838646e+00
1.107382550335570315e+00
1.174496644295301984e+00
1.241610738255033652e+00
1.308724832214765321e+00
1.375838926174496990e+00
1.442953020134227771e+00
1.510067114093959439e+00
1.577181208053691108e+00
1.644295302013422777e+00
1.711409395973154446e+00
1.778523489932886115e+00
1.845637583892617783e+00
1.912751677852349452e+00
1.979865771812080233e+00
2.046979865771811902e+00
2.114093959731543571e+00
2.181208053691275239e+00
2.248322147651006908e+00
2.315436241610738577e+00
2.382550335570470246e+00
2.449664429530201026e+00
2.516778523489932695e+00
2.583892617449664364e+00
2.651006711409396033e+00
2.718120805369127702e+00
2.785234899328859370e+00
2.852348993288591039e+00
2.919463087248321820e+00
2.986577181208053489e+00
3.053691275167786046e+00
3.120805369127516826e+00
3.187919463087247607e+00
3.255033557046980164e+00
3.322147651006710944e+00
3.389261744966443501e+00
3.456375838926174282e+00
3.523489932885906839e+00
3.590604026845637620e+00
3.657718120805368400e+00
3.724832214765100957e+00
3.791946308724831738e+00
3.859060402684564295e+00
3.926174496644295075e+00
3.993288590604027632e+00
4.060402684563758413e+00
4.127516778523489194e+00
4.194630872483221751e+00
4.261744966442952531e+00
4.328859060402685088e+00
4.395973154362415869e+00
4.463087248322148426e+00
4.530201342281879207e+00
4.597315436241609987e+00
4.664429530201342544e+00
4.731543624161073325e+00
4.798657718120805882e+00
4.865771812080536662e+00
4.932885906040269219e+00
5.000000000000000000e+00
