1.965868086845198537e+00
2.038825918966622019e+00
2.109507888498704187e+00
2.208293553215427529e+00
2.273249443252574054e+00
2.304878766693287062e+00
2.286055695799738441e+00
2.258330173191350099e+00
2.239188380576914827e+00
2.189724182555754517e+00
2.110818314608968294e+00
2.050216765586380330e+00
1.991723042596947657e+00
1.897868389755711149e+00
1.745699170684935631e+00
1.546727923135905236e+00
1.329647059233083128e+00
1.101021101114426415e+00
8.742675926087234428e-01
6.455174059582237112e-01
4.380953771330745594e-01
2.647822679716447247e-01
1.217075106022988268e-01
4.082965466718473102e-02
3.882418955129851579e-02
6.681870383991700413e-02
1.433033955607229681e-01
2.923068879522747188e-01
4.772929356720083116e-01
6.621814008018550579e-01
8.086676892178705778e-01
9.221939732655187738e-01
9.823413056007903599e-01
9.947068845268796089e-01
9.727025090137433327e-01
9.366391927485857583e-01
9.161318257877463234e-01
8.731306484498684295e-01
8.582355827133502091e-01
8.640969413555863454e-01
9.023733972138827664e-01
9.368132765747061441e-01
9.539743559267707118e-01
9.689265367486301628e-01
9.941994465120443936e-01
1.035081816953311362e+00
1.101965549416045187e+00
1.137640228775782525e+00
1.182684729726035666e+00
1.253531150010299466e+00
1.341894290060173356e+00
1.450802132886558349e+00
1.583780907367627222e+00
1.729673558709117875e+00
1.857246523147054074e+00
1.952973796143944618e+00
2.036310471323047100e+00
2.073710419244124470e+00
2.097186938020662694e+00
2.121685434249153790e+00
2.143613211068021940e+00
2.164359642108300452e+00
2.126327009260936318e+00
2.037321962721870605e+00
1.948124400361480157e+00
1.831937599942377037e+00
1.683437755516746792e+00
1.559735621160233787e+00
1.446649002779363480e+00
1.307986579013000528e+00
1.141349558168943901e+00
9.608375702323552758e-01
7.727100095158073723e-01
5.946205408020849292e-01
3.739263457319291217e-01
1.593770988740421946e-01
-3.956267435996557724e-02
-2.420405488344611333e-01
-4.256032741215994841e-01
-5.947144739591717633e-01
-7.175438814728375414e-01
-8.006096621384547474e-01
-8.497140428121974232e-01
-9.238560906619190938e-01
-1.033258964753729359e+00
-1.111486035707693665e+00
-1.147314311659159092e+00
-1.153224527806129496e+00
-1.143395567963041648e+00
-1.118599573974805583e+00
-1.116158359265121636e+00
-1.143448932361344372e+00
-1.220294526658402878e+00
-1.354740983183786218e+00
-1.463035089285979584e+00
-1.547668880470534303e+00
-1.587573162932736315e+00
-1.607852183857945816e+00
-1.597503599748224756e+00
-1.519373625027088837e+00
-1.422158816670758608e+00
-1.287689781004780043e+00
-1.129532344038932656e+00
-9.757731839348758873e-01
-8.188908989432004404e-01
-6.301129220075002424e-01
-4.315904835404067996e-01
-2.176969718069357296e-01
-1.218100888492297876e-02
1.484659604363060825e-01
2.815694089249685117e-01
3.893487238887239910e-01
4.838756430616297233e-01
5.594380521141899543e-01
6.055952095291219361e-01
6.322993854282623616e-01
6.420911890630213170e-01
6.095738646276501749e-01
5.430227713413791069e-01
4.989328737869360708e-01
4.966859206021853601e-01
5.143236204801761025e-01
5.257586312304014520e-01
5.537745465440763182e-01
5.921046406114356397e-01
6.005750793673660937e-01
5.787173005572677775e-01
5.448123871026253617e-01
5.083299048639926543e-01
4.763215396764242104e-01
4.464395480207914435e-01
4.238152883734245258e-01
4.161757624134587163e-01
4.293068715011957859e-01
4.456326740376680418e-01
4.968337562702739296e-01
5.700778251093577831e-01
6.632037934698375992e-01
7.303080707080805700e-01
7.448861445095605882e-01
7.158092347962125013e-01
6.606984770177130040e-01
5.590429592799320835e-01
4.132256239773774986e-01
2.804871732525786032e-01
1.525139697988545928e-01
-1.420136857168503332e-02
-1.716283876808515629e-01
-3.009585424995930847e-01
-4.028567473881549121e-01
