1.051063030368060369e+00
8.439191453637278073e-01
6.311409959006486492e-01
4.565098706796104633e-01
3.374462372046899139e-01
2.894412896760343301e-01
3.366900431490454926e-01
4.711718986202149684e-01
6.449823496252979904e-01
7.877434439134577415e-01
8.752941385496655347e-01
9.496161827198245087e-01
1.059993487638718701e+00
1.160309551701556918e+00
1.167069669475836458e+00
1.034377645536676216e+00
8.217446654850322219e-01
6.117999049120609323e-01
4.429322885171764757e-01
3.277427818943762783e-01
2.892948349742808234e-01
3.499038915217931867e-01
4.887155912848624717e-01
6.601186400334733140e-01
7.977214947808991541e-01
8.832049762961704520e-01
9.589189087701248670e-01
1.068996449301106821e+00
1.167286687472296025e+00
1.158946539023736566e+00
1.014447193192132168e+00
8.007626474243532133e-01
5.925486076380521716e-01
4.269401346343328907e-01
3.193638545149096730e-01
2.932296345285113626e-01
3.598363095902001318e-01
5.040240548635921414e-01
6.765797562092953354e-01
8.092347585204801019e-01
8.909047002158484441e-01
9.698868201926555965e-01
1.083631936442779775e+00
1.171477603551328128e+00
1.147680314584123007e+00
9.959876397313178753e-01
7.788316348789070531e-01
5.754186785804665805e-01
4.131212128024939201e-01
3.121157669232331733e-01
2.939993062048293915e-01
3.715736469169301781e-01
5.237776294982833258e-01
6.928316534348909483e-01
8.192574415311347780e-01
8.972004120609087252e-01
9.791683639108613724e-01
1.093263888523980931e+00
1.177352345358850583e+00
1.139433540378022247e+00
9.749218103316411588e-01
7.564200901378372865e-01
5.564217325045245355e-01
4.018590889595916593e-01
3.050255246409158683e-01
2.989911735810541482e-01
3.839521360506389369e-01
5.403851679692887044e-01
7.066177269024068730e-01
8.282075721526266365e-01
9.039825208915934773e-01
9.893374735411579746e-01
1.105071654952064275e+00
1.178279205440197375e+00
1.127486134084105807e+00
9.540204818709185908e-01
7.345717951067450846e-01
5.371205981713114141e-01
3.893404359084827737e-01
3.003134759949483978e-01
3.009460817550603240e-01
3.973144424072818648e-01
5.585226468462183291e-01
7.238365177501169256e-01
8.364499473180778688e-01
9.117951142658162755e-01
9.997180864274464174e-01
1.115984147556055461e+00
1.179436790292254011e+00
1.113242775762719017e+00
9.330503320477745444e-01
7.117773498877216776e-01
5.200282315229701746e-01
3.764204585420276583e-01
2.979421875822344523e-01
3.083560087964813401e-01
4.113589599695824939e-01
5.756157081042747592e-01
7.372912560441882146e-01
8.462155033385437841e-01
9.199315311903580872e-01
1.009984716468484978e+00
1.126975426391134683e+00
1.179193696755090448e+00
1.099650112601123553e+00
9.104290131413766973e-01
6.928784344359875114e-01
5.035102915036707705e-01
3.650225928567581990e-01
2.940062867168214411e-01
3.143339594336084231e-01
4.242940867165718166e-01
5.927877631352390653e-01
7.513665915858535049e-01
8.550051372494427149e-01
9.269605690492284111e-01
1.024039905819122076e+00
1.136153558891889404e+00
1.177919437630349453e+00
1.084537385077957161e+00
8.884348127006569396e-01
6.727350363457035298e-01
4.861467814358031436e-01
3.566018649031494347e-01
2.908844142663028487e-01
3.204292038387215880e-01
4.416752504371040389e-01
6.099468181583372894e-01
7.617003103417647747e-01
8.618944022693124651e-01
9.331572974386567187e-01
1.035154953988121962e+00
1.144865907488155976e+00
1.177282036233181728e+00
1.068320338647952505e+00
8.674638688268295761e-01
6.506094676878937388e-01
4.724482425070432590e-01
3.458707800197257654e-01
2.921553374283046289e-01
3.295895473435605516e-01
4.560445461873951500e-01
6.261143633856518509e-01
7.755733865002426564e-01
8.680588100898534165e-01
9.399588343461132700e-01
1.045495949102948074e+00
1.151565033331475751e+00
1.173254343884339468e+00
1.051824282805685185e+00
