2.007044796129739961e+00
1.989805371717384919e+00
1.952452824877233262e+00
1.889923591208606091e+00
1.813155230359111414e+00
1.735841435199391380e+00
1.666364135432273574e+00
1.612503029344459327e+00
1.574640755096252231e+00
1.563483695566430631e+00
1.562553673081569006e+00
1.559176076447194470e+00
1.546799793110042787e+00
1.535467094992071901e+00
1.532848651915450278e+00
1.544044988388435069e+00
1.568228222926114857e+00
1.605858499734777567e+00
1.655156593417467237e+00
1.694264374094813785e+00
1.696284568004995164e+00
1.641383768526691656e+00
1.549613536652632906e+00
1.428571278906531905e+00
1.306798087959790022e+00
1.184409908579559190e+00
1.051273573429948982e+00
8.948018305217840807e-01
7.216419209116299305e-01
5.587091278282996232e-01
4.225759829990898275e-01
3.367494356048889581e-01
3.254429939669803429e-01
3.787053956799450449e-01
4.634555489981447285e-01
5.434274146062173516e-01
6.125254103635479064e-01
6.773555920226806970e-01
7.324299527431006318e-01
7.686292259225940837e-01
7.959982902284813422e-01
8.322399863651441798e-01
8.893818893256869584e-01
9.712936264030627154e-01
1.075833875721552868e+00
1.206749156412449953e+00
1.356444373682912152e+00
1.512070370097949423e+00
1.646801350484199178e+00
1.740123903285937690e+00
1.795698263235502523e+00
1.820793847978940505e+00
1.821841728513928782e+00
1.813086623444880585e+00
1.795076742919800461e+00
1.755317508020891593e+00
1.684663795183834578e+00
1.593610530445514595e+00
1.496698623368851511e+00
1.404792577892059136e+00
1.323088005735642225e+00
1.257573305856122925e+00
1.210903808193942499e+00
1.181878476487370877e+00
1.162046043408418994e+00
1.151131189420675049e+00
1.152669789979786419e+00
1.158291264970674916e+00
1.152679262349523892e+00
1.129611143573979737e+00
1.085013290455659085e+00
1.018760706067458832e+00
9.298389977342039758e-01
8.295756752638486775e-01
7.231039653215715068e-01
6.061392855048943762e-01
4.767892032479406073e-01
3.435507794826801464e-01
2.271435149359932182e-01
1.349982930322890518e-01
6.434979711036632744e-02
8.667049735359149895e-03
-3.293819235573263587e-02
-5.814089168249785000e-02
-6.766961183395879542e-02
-7.890654881535337506e-02
-1.041196201542133465e-01
-1.560551085865820864e-01
-2.299565496983586310e-01
-3.267716765997900064e-01
-4.387567680888597166e-01
-5.394885203160395548e-01
-5.923471856707551719e-01
-5.724081155112561436e-01
-4.895920246528108755e-01
-3.741335338412414835e-01
-2.497770342687278267e-01
-1.356629448932648030e-01
-4.171176348530268585e-02
2.899138964674190591e-02
8.343011625150174859e-02
1.330156362541312087e-01
1.829401262029990982e-01
2.223549080040103099e-01
2.385989262744472039e-01
2.188642711108398364e-01
1.634094239205136634e-01
9.172794891947248785e-02
2.844944540592595980e-02
-1.024076443164406193e-02
-2.213056824470359743e-02
-1.297746978733319186e-02
1.499932114903241784e-02
6.468802817909305447e-02
1.472995997331549012e-01
2.594475401687750260e-01
3.920090754578527958e-01
5.243514715487784805e-01
6.395097118053501006e-01
7.257144840196764202e-01
7.888282006568725357e-01
8.405339541161670480e-01
8.849944553536966962e-01
9.126982745055519652e-01
9.153667594156257303e-01
9.046325362885941912e-01
8.908112251254243219e-01
8.780120398798569870e-01
8.591369311736972714e-01
8.336073814885781585e-01
8.073230057741627164e-01
7.690856078671318707e-01
7.148153875823318737e-01
6.402864574625115601e-01
5.572587669113582276e-01
4.860794185798809619e-01
4.213294576399004288e-01
3.749166057750028536e-01
3.634501553385197092e-01
3.926491018652433773e-01
4.575641349507655331e-01
5.463558135876857014e-01
6.351246463214831328e-01
6.979261141111086086e-01
7.139606018968288614e-01
6.948991333590782693e-01
6.779934029807581641e-01
6.727052026968737275e-01
6.753697418341563230e-01
6.587627661824946301e-01
