8.375217490322250935e-01
7.110446195188434571e-01
5.625561656277127121e-01
5.970586285362606827e-01
6.903676237220729428e-01
6.018611891951061166e-01
3.060607062312182269e-01
1.857551864271949349e-01
2.949840475300844478e-01
2.037560335007212176e-01
-3.305994104973096204e-01
-8.301258092079526474e-01
-8.947341011574115877e-01
-7.130185665647356119e-01
-6.065393070529412345e-01
-7.784587550959710667e-01
-9.881679089917345671e-01
-7.674886838389460841e-01
-2.593903589591635139e-01
1.891508702530352026e-02
-8.474147824859185052e-02
-4.007140250525821901e-01
-5.590276354581313889e-01
-4.745228581519653210e-01
-4.476767557281696175e-01
-3.893944781474674155e-01
8.389126637454467905e-02
8.602511511703976321e-01
1.405020445819130881e+00
1.178292945832072780e+00
3.520158097514717865e-01
-1.932870555167279514e-01
-6.978667324935523830e-02
1.170232490287571869e-01
-1.314098547922618876e-01
-4.640546112053861028e-01
-6.920641202036768025e-01
-8.678873550165242534e-01
-9.210810064534347141e-01
-7.018375253446530460e-01
-1.148073161451996192e-02
8.489558145229749719e-01
1.459623772410083120e+00
1.671807149380469149e+00
1.347351419452253340e+00
6.000559098407627356e-01
-1.149866846195963244e-01
-6.389445703356742001e-01
-1.200524641178951413e+00
-1.656351976868169817e+00
-1.592647511461212639e+00
-1.339557961021467847e+00
-1.361256862443635418e+00
-1.337141429552347160e+00
-8.488345484502068938e-01
-1.848871601166035827e-01
2.420144859861170783e-01
4.094380279521947497e-01
3.553961449690605789e-01
2.748084808811150984e-02
-6.060788379487246358e-01
-1.355488315898511820e+00
-1.761075131743135680e+00
-1.661577216099804577e+00
-1.185071925153427186e+00
-4.554674848056591840e-01
1.954278767726197741e-01
4.070528113637353340e-01
3.722765389650075085e-01
3.243838441747531887e-01
2.815265842240782246e-01
1.701200896591013034e-01
-1.025866536168803939e-01
-3.933672599306874962e-01
-6.088937118243238356e-01
-8.166784941682073695e-01
-1.067811115026065405e+00
-1.222459551525076904e+00
-1.060520429319137259e+00
-4.174990615836717822e-01
3.592797989915926249e-01
6.576704826268519044e-01
4.374558967576280266e-01
1.325363344583332104e-01
-3.043539318357948650e-02
-6.684260639422322237e-02
-2.725222456670847379e-02
7.146287216289026745e-02
2.233134036111436571e-01
4.907714808121422800e-01
7.573355446030176630e-01
7.109313786869335683e-01
3.780278960065977523e-01
3.629040643230810326e-01
9.524650246581283231e-01
1.420375418134904422e+00
1.136446440189772256e+00
3.875016415840192296e-01
-2.629614669059809340e-01
-5.984985296748395189e-01
-6.956990670800821119e-01
-4.951285217419602591e-01
-5.172606138065369979e-02
3.960982128406884684e-01
8.844911847724507004e-01
1.368805872159093218e+00
1.519699502137793701e+00
1.217851743446262125e+00
9.968844707537439787e-01
1.202015138751816759e+00
1.393083708071986004e+00
1.061986341945058143e+00
2.854820515572730755e-01
-5.144615355610887564e-01
-1.210543548289626514e+00
-1.722012709647584794e+00
-1.749259190339236048e+00
-1.283175940686115402e+00
-6.141833938629557288e-01
-1.952354212098149910e-01
-1.204905670812782270e-01
-1.647730465839642167e-01
-3.841094188729903269e-01
-6.162712728202769386e-01
-5.461253726149453147e-01
-2.040807758141297001e-01
-1.676747188810734090e-01
-6.077975419182192196e-01
-1.036328840643559346e+00
-1.244457524406272109e+00
-1.274597093463542441e+00
-1.180062843089943581e+00
-9.544380868576185506e-01
-7.300423555312623991e-01
-1.044093217700792220e+00
-1.622134401479803589e+00
-1.700127823854173936e+00
-1.472203644385507992e+00
-1.361018468433467188e+00
-1.187527628335807162e+00
-7.749880918109662842e-01
-6.124153229151597655e-01
-8.480150702926231299e-01
-9.528948538201743590e-01
-6.694420056974303979e-01
-4.022054294621377202e-01
-4.941014664433739934e-01
-8.191935476738936295e-01
-1.268395217491814719e+00
-1.826502754925517058e+00
