6.465065286887020646e-01
1.030778546604385282e+00
1.147010570663240969e+00
9.894814701266606560e-01
8.293715764707456639e-01
5.979450587134997885e-01
2.066233391726356172e-01
-7.151223837253645188e-02
5.863223116615878805e-02
6.014505724192210634e-01
1.140516175270368082e+00
1.315128535924667830e+00
1.035786412121073807e+00
6.312408373639083470e-01
5.721486672882004632e-01
8.430702421242864952e-01
1.094740580738489122e+00
1.040062181413940134e+00
7.465571790544475173e-01
4.633765854308639076e-01
9.463561817797121190e-02
-4.174831002253998058e-01
-7.765823899255512863e-01
-6.858624366735391886e-01
-2.082009928058240755e-01
2.366875373330898091e-01
3.088222305273525259e-01
-6.186856632181539362e-02
-4.892640476182119613e-01
-5.480023533997329110e-01
-2.915778424384898315e-01
-9.620480951699696137e-02
-2.096174968856179266e-01
-5.403565483178881523e-01
-8.474846048739571591e-01
-1.272501129137893372e+00
-1.815301891444533133e+00
-2.164546245869401808e+00
-2.060119267445819080e+00
-1.588089584447878622e+00
-1.191544272217910372e+00
-1.182776755326776730e+00
-1.579548956950559413e+00
-1.968461699742693805e+00
-1.946802442238404485e+00
-1.635030387805566310e+00
-1.389884887361808152e+00
-1.439841826124672597e+00
-1.661800423059341725e+00
-1.831851126993937484e+00
-2.112706488342159794e+00
-2.473229767524007805e+00
-2.587152120070155714e+00
-2.222441788591009715e+00
-1.512340004716189679e+00
-9.116274577950236324e-01
-7.169679191151798747e-01
-9.043461551039549962e-01
-1.038612573929380112e+00
-7.684953279443386132e-01
-2.423933727916662839e-01
1.554141220453001959e-01
2.295653461000281836e-01
1.341590631896237840e-01
7.083691094168317881e-02
-1.611715006793194571e-01
-4.738431691461617024e-01
-5.366816317834526284e-01
-1.394433308740152810e-01
5.273062508842604190e-01
1.016938457718445044e+00
1.063408712864606587e+00
7.359820847717424286e-01
4.876521967616833098e-01
6.421830535956903896e-01
9.992804910121138029e-01
1.192571597359371127e+00
1.052635646759046528e+00
7.813072774641187657e-01
5.256979165647203134e-01
1.017115544972197888e-01
-3.697923637488786386e-01
-5.502675778384493732e-01
-2.591558039703308891e-01
2.710248447131424765e-01
6.016509821390130242e-01
4.868499671790074701e-01
4.127462647482068453e-02
-2.551809672886221070e-01
-1.354969739157092234e-01
1.580866360814364990e-01
2.745398945111298117e-01
7.388986799876684497e-02
-2.170866282203250397e-01
-4.911599201170240292e-01
-9.309678500418233638e-01
-1.374477158514300967e+00
-1.484248163764032569e+00
-1.116913193396310344e+00
-5.350939859048045033e-01
-1.843079426321290737e-01
-2.741139997096679326e-01
-6.504303249387700658e-01
-8.189916394474761052e-01
-5.717108945543094567e-01
-1.826241010474777549e-01
6.272056580263227037e-03
-1.161319972100707948e-01
-2.899598574540473983e-01
-4.704916702630245751e-01
-8.197490109201267527e-01
-1.147656798647212151e+00
-1.124585935329942998e+00
-6.300038336415794138e-01
1.906426595265816454e-02
3.947777998664276922e-01
3.112757598558167360e-01
-3.307331165282712676e-02
-1.386220153175700132e-01
1.494984754616742462e-01
5.337214286420731701e-01
6.719709752137783543e-01
5.044783738093778780e-01
2.915576109757412326e-01
4.890181016870218111e-02
-3.768073771274917938e-01
-7.479246254943787697e-01
-7.484294996776559294e-01
-2.932251347668569652e-01
2.641093337337028779e-01
5.230930689817442358e-01
3.303215231986291744e-01
-7.028742635010862272e-02
-1.843457558257094731e-01
9.317123653591165289e-02
4.435463311890502358e-01
5.433216849725727160e-01
3.651360906898787895e-01
1.897111347641015355e-01
-2.830728147496951869e-02
-4.016735805761619260e-01
-6.692682881710283471e-01
-5.320474727932227310e-01
5.441609540470222772e-02
6.991375552604639498e-01
1.025664914100471892e+00
8.935838540164140475e-01
6.078562805594075469e-01
6.221794343717604869e-01
1.005344546448116771e+00
