-1.269003685074177268e+00
4.566946137079709866e-01
-3.297513390572463177e+00
-4.088337395529342722e+00
1.402987940842965964e+00
-1.269003685074177268e+00
1.202531838049019752e+00
-2.354352266333719967e+00
6.918065356544895739e-01
-2.843852101989894798e+00
1.240338453968174992e+00
-2.363487316194450294e+00
1.553254780764838250e+00
-1.018792741354690223e+00
1.770595281047919523e+00
4.528883796532546802e-01
-1.780194817990816247e+00
2.615137431517413624e+00
-5.437122089302659944e+00
-4.183642758494893421e+00
-1.441294938008379267e+00
-2.362610498281787486e+00
-4.828159516227650272e+00
3.781798743540961683e-01
-2.170466218341255082e+00
-6.667263289610174670e-01
-1.203666751304797167e+00
-3.131308389563499439e+00
1.698205477236020000e-01
-2.819954962131057119e+00
1.557891451323966336e+00
1.242311501210401126e+00
-4.425702936387525099e+00
-2.221298239011966658e+00
-4.334764474112398958e+00
-2.757516572483428074e+00
-9.036710901427557063e-01
1.581782507535733018e+00
-3.249612166099262733e-01
-4.342030404794353871e+00
-4.358490771609256242e+00
1.985224156448585964e+00
3.876535536293343465e-01
2.697088291728573672e+00
-1.383963557900111274e+00
1.791419211810395318e+00
-1.545784200965816479e+00
-3.058874587917028265e+00
4.960246909406210714e-01
-4.249452174065312171e+00
-3.368892140276363190e+00
-2.694843057624970228e+00
-1.282990161964459475e+00
-2.183873031698150058e+00
2.617425939690078085e+00
-6.242903604133693829e-01
-1.729057259156651760e+00
5.577670370774025166e+00
-2.526773238915357656e+00
2.578262193152482951e+00
-1.663556490168411894e+00
-4.231186735943543997e-01
-5.275359726087241796e+00
1.496481136773741838e-02
3.792335066211240502e+00
3.422005150674314322e+00
-1.517470096272211411e+00
3.344783592544855910e+00
-4.592351102452046918e-01
-1.015262455511821038e+00
-3.739100552712927517e+00
2.112446912897492979e+00
-1.130190910767505219e+00
2.755220646266940854e+00
-1.234396398775391646e+00
-1.018385282888186971e+00
-3.661668369794861988e+00
7.928150803318900763e-01
2.504837246715347909e+00
-2.502527632105374433e+00
8.230088479324931816e-01
5.896068068176948396e-01
-9.082395770290726533e-01
-3.645953156780342042e+00
-3.540592274053570687e+00
-7.148274969228046727e-01
2.083830122809190444e-01
