6.789000000000000000e+03
1.800000000000000000e+03
5.130000000000000000e+02
5.130000000000000000e+02
5.130000000000000000e+02
5.130000000000000000e+02
5.130000000000000000e+02
5.130000000000000000e+02
5.130000000000000000e+02
5.130000000000000000e+02
4.010000000000000000e+02
4.010000000000000000e+02
4.010000000000000000e+02
4.010000000000000000e+02
4.010000000000000000e+02
4.010000000000000000e+02
4.010000000000000000e+02
4.010000000000000000e+02
4.010000000000000000e+02
4.010000000000000000e+02
4.010000000000000000e+02
4.010000000000000000e+02
4.010000000000000000e+02
4.010000000000000000e+02
4.010000000000000000e+02
4.010000000000000000e+02
4.010000000000000000e+02
4.010000000000000000e+02
4.010000000000000000e+02
4.010000000000000000e+02
4.010000000000000000e+02
4.010000000000000000e+02
4.010000000000000000e+02
4.010000000000000000e+02
4.010000000000000000e+02
4.010000000000000000e+02
2.600000000000000000e+02
2.600000000000000000e+02
2.600000000000000000e+02
2.600000000000000000e+02
2.600000000000000000e+02
2.600000000000000000e+02
2.600000000000000000e+02
2.600000000000000000e+02
2.600000000000000000e+02
2.600000000000000000e+02
1.540000000000000000e+02
1.540000000000000000e+02
1.540000000000000000e+02
1.540000000000000000e+02
1.540000000000000000e+02
1.540000000000000000e+02
1.540000000000000000e+02
1.540000000000000000e+02
1.540000000000000000e+02
1.540000000000000000e+02
1.540000000000000000e+02
1.540000000000000000e+02
1.540000000000000000e+02
1.540000000000000000e+02
1.540000000000000000e+02
1.540000000000000000e+02
1.540000000000000000e+02
1.540000000000000000e+02
1.540000000000000000e+02
1.540000000000000000e+02
1.540000000000000000e+02
1.540000000000000000e+02
1.540000000000000000e+02
1.000000000000000000e+02
1.000000000000000000e+02
1.000000000000000000e+02
1.000000000000000000e+02
1.000000000000000000e+02
1.000000000000000000e+02
1.000000000000000000e+02
4.600000000000000000e+01
4.600000000000000000e+01
4.600000000000000000e+01
4.600000000000000000e+01
4.600000000000000000e+01
4.600000000000000000e+01
4.600000000000000000e+01
4.600000000000000000e+01
4.600000000000000000e+01
4.600000000000000000e+01
4.600000000000000000e+01
4.600000000000000000e+01
4.600000000000000000e+01
4.600000000000000000e+01
4.600000000000000000e+01
4.600000000000000000e+01
4.600000000000000000e+01
4.600000000000000000e+01
4.600000000000000000e+01
4.600000000000000000e+01
4.600000000000000000e+01
4.600000000000000000e+01
4.600000000000000000e+01
4.600000000000000000e+01
