6.789000000000000000e+03
1.800000000000000000e+03
5.130000000000000000e+02
5.130000000000000000e+02
5.130000000000000000e+02
5.130000000000000000e+02
5.130000000000000000e+02
5.130000000000000000e+02
5.130000000000000000e+02
5.130000000000000000e+02
5.130000000000000000e+02
5.130000000000000000e+02
5.130000000000000000e+02
5.130000000000000000e+02
5.130000000000000000e+02
5.130000000000000000e+02
5.130000000000000000e+02
5.130000000000000000e+02
5.130000000000000000e+02
5.130000000000000000e+02
5.130000000000000000e+02
5.130000000000000000e+02
5.130000000000000000e+02
5.130000000000000000e+02
5.130000000000000000e+02
5.130000000000000000e+02
5.130000000000000000e+02
5.130000000000000000e+02
5.130000000000000000e+02
5.130000000000000000e+02
5.130000000000000000e+02
5.130000000000000000e+02
5.130000000000000000e+02
5.130000000000000000e+02
5.130000000000000000e+02
5.130000000000000000e+02
5.130000000000000000e+02
5.130000000000000000e+02
5.130000000000000000e+02
5.130000000000000000e+02
5.130000000000000000e+02
5.130000000000000000e+02
5.130000000000000000e+02
5.130000000000000000e+02
5.130000000000000000e+02
5.130000000000000000e+02
5.130000000000000000e+02
5.130000000000000000e+02
5.130000000000000000e+02
5.130000000000000000e+02
5.130000000000000000e+02
5.130000000000000000e+02
5.130000000000000000e+02
5.130000000000000000e+02
5.130000000000000000e+02
5.130000000000000000e+02
5.130000000000000000e+02
5.130000000000000000e+02
5.130000000000000000e+02
5.130000000000000000e+02
5.130000000000000000e+02
5.130000000000000000e+02
5.130000000000000000e+02
5.130000000000000000e+02
5.130000000000000000e+02
5.130000000000000000e+02
5.130000000000000000e+02
5.130000000000000000e+02
5.130000000000000000e+02
5.130000000000000000e+02
5.130000000000000000e+02
5.130000000000000000e+02
5.130000000000000000e+02
5.130000000000000000e+02
5.130000000000000000e+02
5.130000000000000000e+02
5.130000000000000000e+02
5.130000000000000000e+02
5.130000000000000000e+02
5.130000000000000000e+02
5.130000000000000000e+02
5.130000000000000000e+02
5.130000000000000000e+02
5.130000000000000000e+02
5.130000000000000000e+02
5.130000000000000000e+02
5.130000000000000000e+02
5.130000000000000000e+02
5.130000000000000000e+02
5.130000000000000000e+02
5.130000000000000000e+02
5.130000000000000000e+02
5.130000000000000000e+02
5.130000000000000000e+02
5.130000000000000000e+02
5.130000000000000000e+02
5.130000000000000000e+02
5.130000000000000000e+02
5.130000000000000000e+02
5.130000000000000000e+02
