4.721592825762037648e-01
1.381305507718046499e+00
2.148396160604082894e+00
-1.603316627482593404e+00
4.952834206341165668e-01
1.180479584811702232e+00
-9.120192861596789768e-01
-1.194162524992439245e-01
-1.088406897686201802e+00
1.992618527573650766e-01
1.825507093344445053e+00
1.735008449643049566e+00
1.743020554384244747e+00
-1.911232888259061014e+00
1.132352285976879536e+00
-1.962460118917315199e+00
-9.707389264707542154e-01
-8.337446261595324870e-01
-2.437761845966760710e+00
-2.249620852159370799e+00
-9.084104904386975932e-01
-2.390215898563821106e+00
1.947703523263832892e-02
-3.791303954029463519e+00
2.922370592452914195e+00
6.001495683820801119e-01
-1.848823998642392663e+00
-2.321554016769553641e-01
-1.909965569166319987e+00
2.223880823562525144e+00
2.305895572624927503e+00
5.732034305931783535e-01
2.916419790871445983e+00
3.226105327373076648e-01
-1.076148764839453875e+00
4.029331401568043702e-01
3.010210352429975700e+00
2.889373029537637194e+00
6.715890038929241967e-01
1.403816147350935850e+00
6.023188123322924525e-01
7.319038361861629483e-01
-5.249212545899348825e-01
3.883028287654200383e+00
3.068567544263377300e+00
-6.061761858902983136e-01
9.185770999418521043e-01
-1.582065217969090831e+00
-1.882741819048807663e+00
-1.501153626687050657e+00
-5.000000000000000000e+00
-2.728275451865534329e+00
-2.281561592920731130e-01
-1.190558883408459057e+00
4.537271306142267591e-01
-1.761755535696854391e+00
-6.890637461995190449e-01
1.646796357378343068e+00
-3.231101174698932432e+00
-3.717018208042160321e+00
1.122680559914392084e+00
1.955176321288465857e+00
1.471582645339099216e+00
-2.493666801493454432e+00
1.260867680407606883e-01
4.998805015335117119e-01
-9.305989733563624355e-02
-4.545567505025944754e-01
-1.492473931586557612e-01
-8.881693828832384341e-01
2.860127348241584322e+00
2.122280716454262972e+00
-2.918649674148650064e-01
5.272228613111993312e-01
9.070101406879746975e-01
-1.281352808419875533e+00
4.587048110473412876e-01
-1.223883401954795502e+00
1.318342430888890249e+00
1.588289274162856479e+00
-3.640003968820995084e-01
-9.401930900571215943e-01
2.400075350886861969e+00
2.691418374734144692e-01
-8.606182216116051720e-01
-1.362482282145809798e+00
1.019713434670332930e-01
1.052987232164202425e+00
5.581084218101493022e-01
-6.607024947788682212e-01
-1.982248197755928754e+00
-1.850888897914010123e+00
1.676989393613926183e+00
-3.589702745118685812e-01
1.940501767032477787e+00
-6.895512301167432412e-01
5.731679772282074481e-01
-3.466442790679105102e-01
3.000006926332297041e-01
-2.318969282081182914e+00
-2.498761353941745256e-01
-8.584427394120774935e-01
-4.378834398872744060e-01
3.491596365175146488e+00
1.808295808185977904e+00
-4.748879962713107084e+00
-2.386174241011564945e-01
1.992843938842597140e+00
3.090461472069872428e+00
-1.402268712375367876e+00
-1.899352897177979838e+00
-3.866077468845379173e-01
1.859973298724311164e+00
-2.243501927821725417e+00
2.160159944439172364e+00
1.862711430428855230e+00
-1.550146903426326439e+00
2.699246206851863228e+00
-1.442728414870719789e-01
3.858183218149392246e+00
-2.177272244491804010e+00
-2.321880127500800306e+00
-2.388854905051159605e+00
-1.446691734113168870e+00
1.047156282136509020e+00
-3.601938003743986094e+00
4.266612934829030479e-01
6.882702664314779284e-01
-3.527476236578541702e-01
-1.528988203786898481e+00
-1.794869765671748496e+00
1.348245087636423811e+00
2.671893450154882999e-01
9.480916067382141321e-01
1.470403801213007178e+00
-5.577353320116884561e-03
-8.672150835744734110e-01
-2.041543731240409443e+00
-2.581403756608362077e+00
-2.681554594625649823e+00
-1.892569699973561725e+00
-4.405678859770258526e+00
3.352291294264711397e+00
1.455173323618721426e+00
-3.268480472502030665e+00
-3.666825909239676662e+00
3.319928322249218411e+00
-5.708459353203281239e-01
-3.061760227765670805e-01
-1.687495506393127620e+00
2.701279588261984443e+00
-5.280699270185742478e-01
1.652316010457763440e+00
-1.759314023863725041e-01
1.818861650059044877e+00
-1.181688070991373518e+00
2.599841144662631720e+00
-2.430888831638880365e+00
4.914573704774056750e-01
-1.713143347922807980e+00
-1.897380861543940256e-01
-3.714510676007654055e-01
-1.788523168452538226e+00
3.763932962349478828e-01
8.809435489545167641e-01
-8.708126231844541820e-01
7.911613824037422305e-01
1.564438546935067009e+00
3.332742561421140337e-01
-1.763505210781330934e+00
-2.825106759505613852e+00
3.293259466690994230e-01
3.197836987475346504e-01
-3.208715349706357856e+00
1.084768872545510909e+00
-9.467105976807310697e-02
-5.827133082345286041e-01
1.954743612199509428e+00
3.208939322525647952e+00
1.442219164723165470e+00
-8.295123308894654102e-01
3.055115791212111631e+00
2.467309291407071115e+00
-8.316311518924290880e-02
-3.716153811659206330e+00
1.250108892985354103e+00
-2.592727529808955378e+00
1.065243418157194810e+00
-1.962893382405136222e+00
3.567344259603189016e-01
-1.130161039961138592e+00
2.670182614096199281e+00
2.682903126106194414e+00
-2.276905361053391808e+00
-1.479433027386327648e+00
-2.483591734352110336e+00
2.461341573863453647e-01
-2.297266427263449096e+00
-2.735950152767471888e+00
2.507782957844266747e-01
3.051633609099811295e+00
9.041827316624395650e-01
1.853181601497960962e+00
1.312063476521067251e+00
1.335409509552536456e+00
3.357190344810724980e+00
3.942772854644491787e-01
-1.126952746257656290e+00
1.643529392401308797e+00
-2.126650355650763213e+00
-7.602596756855426463e-01
8.972814803814612716e-01
2.787534141932476395e+00
-4.683186942433641420e+00
-9.926884360685868103e-01
-3.221236067481489940e-01
-1.771123087613989178e+00
1.748478192397673325e-02
-9.252502303280198959e-01
1.001370191849008329e+00
-5.874555868773114753e-01
-1.520632360396612981e+00
-2.589426649736435770e+00
6.673457414956978084e-01
1.871134911706252346e+00
6.099069974832938001e-01
-1.367265662327716402e+00
-8.608407839025957742e-01
2.118819592179646882e+00
-2.533433164447511654e+00
-1.769483145260357659e+00
-7.121745960480048154e-01
-9.896171402182840637e-02
-3.029789724893936054e+00
3.334892450027364674e-01
1.077748716684961749e+00
-1.182541325422051592e+00
-1.311099384455799211e+00
9.515062289138640494e-01
-2.212838265171601648e-02
-1.397653565568726997e+00
-8.976315487189525655e-01
3.007016952815391164e+00
-1.206621625583441215e+00
2.106072333607489355e-01
2.962432680554601738e+00
-4.203884828496295967e-02
3.079251045295885447e-01
-6.970366349022336649e-01
-2.441937886423701354e+00
1.018910360766019707e+00
-1.654563436566967027e-01
4.315136385574415812e+00
-3.152440921641241900e-01
1.664509902303823452e-01
-2.924677198030094516e-01
-7.835961290389183986e-01
1.079866810826866086e-01
-1.687165075777011580e+00
1.219941606558238689e+00
-2.763375448824749281e+00
-4.046508097022885053e-01
-1.675226144832471675e+00
1.478705340405019442e+00
-2.631163226727866178e+00
2.812274288853617854e+00
-6.950325032061019925e-01
1.187998030214556522e+00
-2.464245920460910177e+00
1.345922845233777032e+00
-4.147091347799927163e-01
1.268585592625193215e-01
2.287302937845265838e+00
1.938699763607711901e+00
6.515733228459428261e-01
2.055268417822127880e+00
-3.678312148180707730e+00
2.162815682114134219e+00
-2.386086599718756140e+00
-1.469450496455181110e+00
-3.221854110318622233e+00
-2.508619695148563977e-01
1.691577685322354085e-02
-1.805828924146136494e+00
2.812489754520980156e+00
-2.247419401818620432e+00
-2.443990542938876853e+00
-3.802595690527388328e-01
-2.263280410362413342e+00
-4.882909864838731906e+00
-4.518563799306257955e+00
7.424640624772260722e-01
-1.762644055496807027e-01
-2.948467109687993748e+00
-7.986986587966589113e-01
7.357935533965349606e-01
1.697698446169393804e+00
1.302839709392664247e+00
-1.897735103703893422e+00
-1.612704530503782152e+00
1.385822685035478230e-01
3.821582632361238296e+00
2.598046399940461271e-01
-4.702238518052883620e-01
-3.378018453224980178e-01
3.247372864492925615e-01
-2.741464543894567729e+00
4.533081737089137420e-01
-1.013743879612853505e+00
4.320102879973122256e-01
-2.816802021087594365e+00
1.679502376930317453e+00
-4.258052691523671385e+00
-1.900697486365210409e-02
-2.615762938251862124e+00
3.004288563786015942e+00
1.684472444246461365e+00
-3.501871881653171314e-01
-1.672353367207887853e+00
4.483301751481780784e-01
1.079378262774937092e+00
-9.196051297227239019e-01
3.525288630937613021e-01
3.274387105630458095e+00
-1.753496533966476534e-01
-1.245865677127877547e-02
9.418169413935695289e-01
-3.503526291539138526e-01
3.985889506257457526e+00
-1.492515685651039981e+00
-2.537155976501718868e+00
-1.321906411911029977e+00
-2.283396901193729178e+00
2.395268312401151789e+00
1.996805620169972428e+00
1.221640440859267152e+00
7.503064673079489211e-01
-4.419663459813607531e-01
1.382298128460419662e-01
5.419644427120342556e-01
-4.962370121280565982e-01
-2.386226054646383599e+00
1.681649297300634949e+00
2.468855584854918739e+00
1.379757020888201069e+00
-1.389740886376671369e+00
2.129973497096853130e+00
3.925044154502755234e+00
2.876360431588677713e+00
-6.319738029911512456e-01
6.642111193355093590e-01
-2.568567802463725513e+00
2.564668174480012830e+00
6.540968622112259823e-01
-1.668200048133254842e+00
-1.625074879718764631e+00
-2.370894335820068477e-01
-2.338330398202667748e+00
6.904874206668596415e-01
1.128886074200897482e+00
3.352874962983490192e+00
-7.540597137448648013e-01
-2.343540673150372289e+00
6.686538937109034464e-01
-7.170210561178009812e-01
-1.423402122356307586e+00
-3.645663399110157243e-01
1.584974233601959881e+00
1.240404037321154007e+00
-1.284947679024259770e-01
-1.802662154775180881e-02
1.559575992026699609e+00
1.405812989884667630e+00
2.175963039222023276e+00
1.255991333985755354e+00
2.096452392313580049e+00
-1.724387731807913049e+00
-3.345451717889496024e-01
-1.104510993496626625e+00
4.136610279032169046e-01
-1.136998526936936926e+00
-2.865363821655243726e+00
2.348036776340461707e+00
2.500209189203338234e+00
1.357438158437998865e+00
1.120198127756824924e+00
-3.415258409029018338e-01
-6.149427311794788409e-01
3.276685271433645852e+00
-2.323768184089676225e-01
-2.756885422382391315e+00
-4.050823988808157416e+00
-8.300300762932888432e-02
-1.126036859101379406e+00
-1.881025316314848261e+00
-5.507994352622676004e-01
-6.115663182801345243e-02
-2.654719017433633255e+00
-2.415055899239824111e+00
-2.591800253543845134e+00
-1.100471626975945139e+00
2.112866004947861143e+00
-1.229479342535348074e+00
-2.835604984618331770e+00
1.740162212256710639e+00
-1.293937448340756191e-01
1.013390714585362673e+00
-1.043935537642006750e-01
5.006252423748689395e-01
1.003850923710606580e+00
-1.466623938717038556e+00
2.108216591291625974e+00
-1.548392533439666430e+00
-1.385312981689674761e+00
-5.299819386509163621e-01
2.220503278214641441e+00
2.144529042150108644e+00
-1.380704428958312580e+00
-2.074360583507512956e-01
-4.333230933668819063e-01
-3.259080576387946682e+00
5.998067671850915161e-01
-1.048466001354965371e+00
1.901887320847537310e-01
2.396305059799376025e+00
1.519716926396892376e+00
-1.836769462887739124e+00
-2.899737114335140475e+00
-4.285348640098112227e-01
-3.782916980395718110e+00
9.515497752513892848e-01
3.790626828479997101e-01
-1.174001438961309596e+00
-2.140635605910076844e+00
-1.309838119472035434e+00
1.510826291284157463e+00
1.657186947276163558e+00
2.257409654634471963e+00
-3.147889356669872463e+00
-6.552234775295211477e-01
-1.856741148053605350e+00
-3.726841464172343077e+00
1.233958529254195469e-01
2.707178281634389450e+00
-1.963193087340792786e+00
-4.104936626169219949e-01
2.019482852973658815e+00
3.346607932022694243e+00
1.843214719620331898e+00
2.275201224135786404e+00
-2.006721104514675336e+00
-3.871713314113260918e+00
2.071990956033731734e+00
3.863828444492334313e-01
2.892069122592086927e-01
1.153850506274411103e+00
-8.803208872011136776e-02
-9.355794517141120537e-01
-2.377329659877673862e+00
1.837361789070898865e+00
-2.106296588168333983e+00
3.075289142796227893e+00
1.607356586141809984e+00
-2.737297573375823134e-01
1.400548211823105405e+00
-3.040180385595565582e-01
-3.888764019513818226e+00
-2.647780395003034304e+00
2.708554636186991438e+00
-2.464471002026479063e+00
7.236926297499586269e-01
-2.110609027464716903e+00
1.265870046755750877e+00
-1.041245649418769403e-01
-2.605384700380033447e+00
2.019649887738550476e-01
7.909909230415994585e-01
2.074334517987388438e+00
-9.641486307055178173e-01
-4.517629850039508455e-01
-2.336053092170168988e+00
8.940875040588291967e-02
1.279059472421776533e+00
2.301842139287258782e+00
3.004678229147319968e+00
-4.558703468215465904e-01
-1.088627154234144356e+00
4.365020878143655025e-01
6.271292400892392038e-01
2.242333828429980969e-01
-6.208975300299703903e-01
2.564626931626287742e+00
6.883461924562706002e-02
-1.934005878323623584e+00
-1.337996263030300170e+00
2.395654212060444266e+00
1.772665287400596590e+00
2.118176789974111074e-01
-1.783281101032155647e+00
-1.050077744509654298e+00
-1.303640566180061633e+00
-2.315638492753797628e+00
3.275034185639924544e-01
-1.268897217288293078e+00
1.297205861071920374e+00
-2.455546272326357915e+00
3.268339759591309956e-01
2.809476421186598571e-01
6.251936287693462546e-01
-1.749084840724188794e-01
7.383073080811142219e-01
5.701120762283382604e-01
1.008437140909331120e+00
