1.259260590942513858e+00
-9.199795482184516260e-01
-3.677584559660989072e-01
-1.317404839388826687e+00
4.081788050103405396e-01
-1.036761628630955556e-01
2.658036605988547407e-01
2.029749893187915433e+00
-2.948665137148029913e-01
8.312088529069203702e-01
-2.447665205609423467e+00
-1.098154676752246317e+00
4.166588848762673436e+00
-1.638288651912747085e-01
-1.472707980766490010e+00
5.663826694471385537e-02
-7.639972525362548339e-01
1.910491796207356430e+00
1.857498129086165406e+00
-3.356469750063908464e-01
2.062766911143789628e-01
-1.180194693945486595e+00
-2.760018737415305790e+00
3.679243176591082687e-01
-1.843491679210419676e+00
7.151761034374350956e-01
-7.794055197257403478e-01
2.232143817310056733e+00
-8.155358799918488444e-01
-4.063949608301524741e+00
1.495746906170002610e+00
7.184921830058756953e-01
2.120123922119647730e+00
-4.514510591679918861e-01
-1.499011730227199024e+00
5.499580239389620928e-01
-7.161833390156280288e-01
3.077690650712705533e-01
-2.528249951217722113e+00
2.345496964948976526e-01
4.259267139417005410e+00
-1.214784880464802264e+00
-1.236878366374880578e+00
-1.009298381580327586e+00
5.126168759256346519e-01
1.951582288342531335e+00
1.926907586326009891e-02
-2.267700983067779674e-01
1.385349500780682419e+00
-2.613884123938581272e+00
-8.846866278922487226e-01
-1.577195718372150779e-01
1.807322546873249891e+00
-1.063584528433913157e+00
1.636280013951243006e+00
1.565376797538251097e+00
1.023393621874014947e+00
-8.552904914655119484e-01
-8.654541954907974954e-01
-2.977070286115657716e+00
-1.102764855698744384e+00
-1.044298838435376631e+00
2.248014487201893452e+00
-8.516128227333350509e-01
-1.079807311444955786e-01
-2.143483675321307125e+00
1.886860884934594473e+00
-2.663741803546464393e+00
1.240482157796357399e+00
-3.004870809864157888e+00
1.881279693404910525e+00
1.771407203603007297e+00
1.952955832437771377e+00
9.891880448915646440e-02
5.272798456536653688e-01
9.522305206031500546e-01
1.744590707359929382e+00
2.859184242814753141e+00
2.264494265344697332e+00
-3.071480503692392006e-01
2.581909887343128318e+00
-3.214789651914971014e+00
-1.330947090427125890e+00
2.040624206300055477e+00
-3.847862711687928261e+00
-1.630633778027234193e+00
-2.139373012454037770e+00
4.262008616400041916e+00
4.265729431999423227e-01
-1.055155728612132027e+00
-3.729337747651992885e-01
-3.019043569476354882e+00
4.006516472163788478e+00
-3.505709836434160565e+00
-5.079049321079791568e-01
-9.126567159875014212e-01
1.336464597546012101e+00
-1.276101754573764069e-01
-1.957625855173969143e+00
-1.727656745359380519e+00
-2.000997058124025063e+00
-1.988368717293673704e+00
-3.876737172613498039e+00
4.267298854651100370e-01
-7.379053018982251189e-01
1.440552696035974911e+00
-2.487358820033325202e-01
-4.331926305996804061e+00
-2.873030918238008713e+00
2.031757147532418983e+00
-2.332495113757916627e+00
4.243242712023249652e-01
-1.696961883693468565e-01
-1.372001678529538360e+00
-1.706927068159609817e+00
-6.529663850752438492e-01
6.425974768581568242e-01
7.133757605868424889e-01
-1.135090976867813684e+00
4.718091655758723135e+00
2.238796645272440600e-01
-2.920865536600345536e-01
-2.837520570967712707e+00
-1.846904907675144258e-01
8.406738791832601976e-01
-1.708480978971445463e+00
3.109721205327613092e+00
-2.007472079243037832e+00
-2.036835292744018755e+00
4.429083073032090923e+00
2.269759772480323790e+00
-6.094422006272974812e-01
-1.357181190093330603e+00
1.914139367365217836e+00
-2.204917313985029104e+00
4.653010900931718652e+00
-4.049025532963002938e+00
-1.344904463329092081e+00
3.594871189695068026e-01
2.143393868215439646e+00
-1.741229190312894914e+00
1.378608710687950989e+00
-3.630147727535737445e-01
-3.441711242223854939e-01
3.046397530277342725e-01
4.242462664176196441e-01
-1.946785301908484644e+00
-4.243964578562059664e+00
4.396004286161641517e+00
1.658052023234946049e+00
2.144452542274444262e+00
-1.886769137240547067e-01
8.479245592362536499e-01
1.435167143780748944e+00
2.153098987467463310e+00
1.100148564805901508e+00
9.050985010339118730e-02
2.952239999854828767e+00
1.910529900918582769e+00
6.476763333687678426e-01
-2.786454313165250163e+00
-2.304072135610874206e+00
-9.676941341991049939e-01
2.040302661157964437e+00
-2.312762860141014620e+00
-3.018875116442873541e+00
2.963460479678969861e-01
3.585571230247406760e+00
-8.709383161895711822e-02
1.498687813501041077e+00
3.089990541132221935e+00
8.121530791027247176e-01
-8.041086969208066648e-01
-3.646455641118349078e-01
-4.195868858352564956e-01
1.542642348712517375e+00
2.421979673950604095e+00
-7.460057604423724342e-01
9.263237150773662165e-02
2.827675269147819748e+00
1.837351364474430149e+00
7.906216457728154623e-01
4.969703171705921463e-01
-1.694833364238733431e+00
-1.100728859665176085e+00
-1.632386057574226612e-01
2.623016907659581065e-01
-1.159750075690118898e+00
-1.792530505248629780e+00
7.862312245825613388e-01
1.892980221144542341e+00
-1.013070949499841333e+00
3.118640820274265479e-02
1.538371779931231309e+00
9.239536341682548226e-01
-4.287335533710399105e-01
-1.255574177307490658e+00
-1.152156650744054822e+00
-2.189345575362659169e+00
-2.503301576232832559e-01
-9.793763989601274034e-01
3.185467218764143738e+00
-1.133042238261143364e+00
1.943685959244064065e+00
-2.643214478421972657e+00
3.237352399303738082e+00
2.484434064052933877e+00
-4.691948858700918379e-01
-1.357655086630966679e-01
-8.197622693964570217e-01
-9.262520244456950991e-01
-6.551519473444340491e-01
5.774615175840729364e-01
2.459704738505995358e+00
-1.310284003523726426e+00
-2.030915838910511972e+00
1.004041599239251070e+00
-7.428700995999824030e-01
1.586831521009703927e+00
6.046530664587912440e-02
2.699445817364045652e-01
-2.536416019511120723e-01
-1.837848884008170813e-01
-2.235051040524394850e+00
2.604503879722848581e+00
4.913700347234009058e-01
-7.500399089219644821e-02
6.109616706851328516e-01
1.915662037351863134e+00
-6.330422833921680592e-01
3.643831461949545769e+00
3.017290602181263992e-01
2.387894556051182171e+00
-3.445006125509397776e-01
1.136992560811616038e+00
-2.509218818068583268e+00
-2.661940985792370373e+00
-1.160068025172417805e+00
-1.558482521419852773e-01
-9.106669294260836267e-01
-1.246888326511358613e+00
-3.533957282672306466e+00
-4.942974399323061263e-01
-1.001658302946995427e+00
-1.650364984795897882e+00
-1.135321126079260168e+00
-1.002933130082266366e+00
-2.077642757895832304e-01
1.009323077259987933e+00
-4.112774588858636449e-01
4.071235137573845364e-01
1.940970093023333121e+00
1.401834305508020684e+00
3.264825490402039065e+00
-1.314036983744168996e+00
1.489303094853231535e+00
-4.734325961849337183e+00
-9.485201522494222104e-01
1.019905474607522677e+00
-9.390176341440321650e-01
2.299034841721305789e+00
2.158397433485007788e+00
2.487230049002377541e+00
-2.320191018946232475e+00
-1.046215948444459976e+00
-1.202083751882350171e+00
-2.609247101007285963e-01
-1.793178888597997567e+00
6.000289864644949844e-01
-1.734984091717546750e+00
1.581150628335583619e-01
7.583284890806396561e-01
-1.220126575627223708e+00
-2.798271092041261898e+00
-2.628564826790662501e+00
1.373665206089778046e+00
1.914915454840784292e+00
-1.140975544952808285e+00
-1.035808671749220977e+00
4.871135459912744992e+00
-1.286850839892115683e+00
8.249446855619542163e-01
-2.914361923577682312e+00
1.067043514705644291e+00
-6.515976417258251274e-02
1.999920837255348971e-01
-2.038788718191995031e+00
-4.189532286062922495e-01
-4.755678864038550557e-01
3.916864541146480860e-01
1.051876213155356510e+00
5.000000000000000000e+00
4.999999999999998224e+00
-2.126523639072718019e+00
2.342682864522932285e+00
2.395142961688529581e+00
-1.292548649927266702e+00
7.353631161357121471e-02
-4.101366857035475988e+00
-3.969190292350592841e-01
-2.001919131265808005e-01
-2.684262462843123753e+00
-2.699738128071642151e+00
-1.752748700323931708e+00
1.116554928659597934e+00
1.092378684466844163e+00
8.789615371488057605e-02
3.842604534779679781e+00
-3.965246726637591479e+00
7.506284796327360453e-01
-2.226903519089420413e-01
1.029031171986924065e+00
3.601362121443331787e+00
1.652076980368859083e+00
1.357798035098651823e+00
-9.312219350020214392e-01
-1.294322282336776375e+00
-7.979037177023275973e-01
1.436373582480552358e-01
3.042611550196783199e-01
-2.889496156296162965e+00
-9.004860707255435415e-02
2.425245226157528577e-01
-1.347689228389838512e+00
1.230657102695965399e+00
-4.927694000086670911e-01
3.369459037327320772e+00
-2.390821184121163956e+00
8.516001680843565680e-02
-2.943349844158689166e-01
1.273292936740492820e+00
9.541321302418186434e-01
-1.366545896790149595e+00
-7.476764457479472270e-01
-2.519941324673116156e-01
-8.807112736758844207e-01
3.511272611019162326e+00
3.936494232324399434e+00
-7.239160135926612227e-01
-1.221895710461625484e+00
-1.127712771300116934e+00
1.675900842037649774e+00
7.334209102329243279e-01
-1.066770900474095285e+00
-1.811948011607641185e+00
-1.912918514545989268e-01
-1.067171210271650850e+00
-9.915157105492378165e-01
1.900630691216962376e+00
2.438942387919789567e+00
-4.999999999999999112e+00
-1.200240575836762247e+00
-9.287455551984322710e-01
-1.206639830251603929e+00
-2.233049638079533494e+00
1.259617289070346757e+00
-1.364178519974812875e+00
-1.063274223637231675e+00
3.909677333494807172e+00
1.950254900028777882e+00
1.198480046782119501e+00
1.485604983322170725e+00
-3.482543277372052160e-02
-1.818651582783922471e+00
-1.248711522461023904e+00
2.221761515862231917e+00
-2.394014538812771598e+00
2.709821609780906471e+00
7.447085467770389045e-01
1.381866941729148479e-01
-9.561110060139510480e-01
6.748704009014350191e-01
-9.076245246488454654e-01
1.206983854566163750e+00
-3.271489696073190956e-01
-4.915477470730808207e+00
2.317012504337561118e+00
8.695167308093267877e-01
2.779055199293388512e+00
-2.218815533002817197e+00
2.842692783522496214e+00
-3.587492802106136303e+00
1.323362628363433657e+00
-1.995994871590211162e+00
2.886540361688636480e-01
2.813166570803462108e+00
-4.109126944211531907e-01
-2.558014468471846214e+00
-3.436311567805385270e+00
-1.718638911697047078e+00
-1.734393321082348116e+00
-9.085195606805136492e-01
-3.927494386485420819e+00
1.688773650570113638e+00
3.452915691712249213e+00
3.052004948734587941e-01
-8.717718265143652445e-01
1.523575531021776008e+00
8.154985218420485182e-01
-5.000000000000000000e+00
-2.673130088287277051e+00
-7.917933793602021098e-01
3.328173050931074073e+00
8.205524449721526281e-01
2.196272347639121492e+00
2.918445234583355585e-01
-2.770820555456929846e+00
-2.348975408842429058e+00
-2.833946570299610279e+00
-2.793124597519229813e+00
1.865221080069899173e+00
-1.342358721618828188e+00
-2.619388214383864266e-01
-3.252826624921959286e+00
2.868172193906872280e+00
-4.254673089317613233e-01
-6.485471747582067792e-01
3.000741728371732364e+00
-1.372588273031913886e-01
3.683587693340147240e+00
1.417470697739695140e+00
3.100367289017746941e-02
3.519617616648179848e+00
-1.960174479013152560e+00
1.859295573604446972e+00
1.454248715224530919e+00
9.670750280162643264e-02
2.808085644464350494e+00
-3.986065334732184162e+00
4.218308109632911140e-01
-7.157564487621854710e-01
-1.074043088902030263e+00
5.520367472146503474e-02
2.715748228816746490e+00
-4.204296332833816763e-01
9.893216382461220704e-01
3.189087415815217597e+00
7.916509686129344914e-01
9.988786801547009375e-01
1.439445114521071822e+00
4.611999105213833161e-01
6.300857806249569038e-01
-3.159623040566903018e+00
8.635064322635503942e-01
1.600315796260318280e+00
-4.310134359049856201e+00
2.205138350730795338e-01
-4.593993818777537541e-01
-1.225055186898327708e+00
-4.999999999999999112e+00
1.591775339122040833e+00
-9.047210471757676231e-01
-4.772247064941437245e-01
-3.046950089833622144e-01
2.878397761943612743e+00
-4.392580071255909324e+00
-7.689423168582756318e-01
1.848360406229243580e-01
6.880511830781275151e-01
-8.102686670596810359e-01
-1.135287853300175342e+00
-9.208954854185869010e-02
-3.812512756939279157e+00
-8.480545501490865945e-02
-3.730284773746896931e+00
4.394373816620653628e-01
-7.641986515539223035e-02
-6.039733761935472955e-02
2.767618888873139227e+00
-1.628203121328434477e+00
1.264003201473622440e+00
1.713101778636549888e+00
9.228142241886994057e-01
9.359989126361973888e-01
-2.720453086512049090e+00
-8.027004485777808895e-01
3.622240537082461742e-01
-8.096798922063310755e-01
-2.250441240106294316e+00
2.590670404155206441e+00
-2.734863227872212921e+00
4.864881148800449751e+00
2.329365351604639756e+00
-2.399088641926553578e+00
1.588160023355023043e+00
-1.096734555403757305e+00
-4.421230008018826041e-01
-1.440260995742784544e+00
5.650970135388000415e-01
-2.478004892902596623e-02
3.543731262442051388e-02
-1.969566683924350858e+00
2.764457529295468063e+00
-3.405767614186197001e+00
2.647156108635035920e+00
9.767737880107318915e-01
1.176000785973431384e+00
-3.469956694333394154e+00
1.464212791112208478e+00
-4.113711943965757456e+00
7.277305912537901378e-01
5.000000000000000000e+00
9.955189136620790080e-01
7.102156023779855332e-01
-2.846787343778727220e+00
-1.937922682170523103e+00
5.752680786630381959e-02
5.264055962244595932e-01
3.431799278118708330e+00
2.228833404290275766e+00
-1.652950219986642821e+00
-4.190084638471462952e-01
1.005335044616616713e+00
