-1.032254350811096399e+00
-3.998756838850046624e-01
1.171023801612691484e+00
-4.736744605898718596e+00
-1.501062891925610820e+00
6.343059701576336806e-03
-2.136896461988916140e+00
1.249064412818018666e-01
-1.625314655698554489e+00
-2.889250288807099221e+00
-1.773810028919174941e+00
2.092733620085591717e+00
-3.154571721517019922e-01
-1.314526512381159806e+00
1.480614325052671987e+00
7.723611598482506002e-01
1.017228577911153620e+00
7.534080455403070475e-01
6.111051794457341702e-01
-2.068716930734733950e+00
-1.030996714372679257e+00
1.169036674697271572e+00
1.172007983302256084e+00
4.070443160884954281e+00
-4.321621785229868173e+00
-5.273785993338460099e-01
2.580194837326166279e+00
7.335965415901807285e-01
-6.423967991856228688e-01
-2.926702196246175003e+00
-7.596571043392503775e-01
-2.235649223933762197e-01
1.243738175305801663e+00
2.865788482029513196e-01
1.299926471665333594e+00
4.501706473944526721e+00
-3.875248911715541311e+00
-1.844291899048082772e-01
9.517894645079975069e-01
8.345407528297096311e-01
3.607880297830591831e-01
1.533933401435202626e+00
3.340220508395827181e+00
-2.001305871527362612e+00
8.982827456799411525e-01
1.510016692776946279e+00
-4.988492784127738666e+00
1.910234912222276815e+00
3.506372140509724122e+00
2.519278755691419125e+00
3.310351567372298742e+00
1.761261227351939018e-01
2.481099881908219285e+00
1.726464689430694088e+00
1.028374720605905956e+00
3.088935304448207297e+00
1.688357063897968802e+00
3.594368173790947640e+00
6.043088829670955064e-01
1.646383944823335721e+00
4.308280443391065972e+00
2.006234970071567147e+00
2.995174440792628179e+00
2.547668768705087849e+00
-1.993057915398114499e+00
8.393033383380289481e-01
2.112306186906702354e+00
1.691462298142756282e+00
-2.793187267080577296e+00
6.795216290236147927e-01
8.048532807158262359e-02
-1.142419602320353000e+00
6.957802216036907961e-01
3.847000883083693257e+00
-4.511842325278478505e+00
-2.511438678033551142e+00
-1.800545700414963202e+00
-3.241475537156175868e+00
1.915429415737205376e+00
5.814079446073129098e+00
2.397684277311141532e+00
1.657814788826571517e-01
1.890354883902041760e-01
-5.910819679174461605e-01
3.864970547624015040e+00
9.788668586554074569e-01
-1.862561481749118508e+00
7.018953649818828744e-01
3.046028150711831195e+00
7.660060203939741408e-01
2.238519666751153103e+00
-5.456810628522115181e-01
-2.997686019709693839e-01
3.485058092007003339e+00
2.237774433622423231e+00
7.197870693859171887e-01
-2.862835051312267787e+00
-1.018574735136481557e+00
1.354043614730321199e+00
2.933374599435885077e+00
