9.348480524613611564e-01
2.832457244523391537e+00
-4.068746002816183704e-01
4.823094587779550579e-01
-1.943312193011024203e+00
5.936431029106534751e-01
-1.814230623393797703e+00
1.760231164593674791e+00
-1.237158918100258465e+00
2.299925388915616153e+00
1.469546006192850029e+00
1.783878876743257180e+00
1.919016774134850500e+00
-2.010839727652131259e+00
-3.160488551670255220e-01
4.768276832742248672e-01
-2.377459895392751932e+00
-7.137609668277278274e-01
-1.545021418177748629e+00
-1.383664518475052674e+00
-1.633923918369468709e-01
5.368543879433396171e-01
-7.263129238186554204e-01
-2.938036404511566335e+00
2.528829444302774121e+00
-2.040247947524145289e-01
6.583520997489511473e-02
-2.774403807209643524e+00
-1.042674178135204244e+00
-4.173905581474475213e-01
6.031391626707787168e-01
-8.244211270782102474e-01
1.362689199002662832e+00
-1.432891138626180449e+00
1.880250254301499169e+00
1.067915251942393340e+00
7.485660021110707163e-02
5.144969067152587172e-01
-4.537289413240648273e-01
-6.458810551633291652e-01
3.867834166016573150e+00
2.911521928291485040e-01
-3.015587042482845703e-01
-5.191157385303633021e-01
-1.610347144826205223e-01
-1.426978035058534822e+00
-9.684407178433787067e-01
7.251502147336186255e-01
3.070057385967988495e+00
7.363648045566524303e-01
-9.472488614569716248e-01
-1.256924421797038782e+00
-7.445114735464732902e-01
-1.411924642172369015e+00
-3.083736704777745530e+00
-3.768168479707689755e-01
2.566525428933266184e-01
1.825941272884410438e-01
1.793017710805100862e+00
-4.487494236117245627e+00
1.743012636225262924e+00
1.480712339211695650e+00
1.536519275242875793e-01
1.878818977581470762e+00
1.457966974224697232e+00
1.004334554786462164e+00
-4.034983447048121619e-01
-1.260947746479954557e+00
1.422929888265437981e+00
-1.004605029223213375e+00
9.522912669546919062e-01
3.636625648842462866e+00
1.784816680209208251e+00
2.215377037775274616e+00
-1.136384537797503480e+00
-7.779269156314141398e-01
1.417489435138465481e+00
7.966544525318557390e-01
1.445142029351943691e+00
-9.209607739984972952e-01
-3.310812670867546714e-01
-3.043358515973422218e+00
1.909866161172001142e+00
2.340475572130173987e-01
-9.740529916559337309e-01
-3.084871647269905814e+00
-3.089573809341566335e+00
1.619485300148397755e+00
-5.727548152046955110e-01
-4.757932159560915863e-01
-8.911459466321716150e-01
-6.430981072123787001e-01
3.880077307299281131e-01
-2.823181577403797604e+00
2.285892403498338332e+00
-9.416279251874826173e-01
2.329454526708341078e-01
2.222526478255915094e+00
-6.277390811291638784e-01
-3.090753405277750776e+00
-1.889320281634736531e-01
-2.153658064019414731e+00
-4.051992317163186641e-01
1.904160319754137021e+00
6.111821198692073409e-01
-9.900556777451017254e-01
3.645462111575223929e-01
-4.969962532404554878e-01
6.669401760323436790e-01
-2.458590499760821224e+00
-2.526091212627774141e+00
-1.207930515892662093e+00
3.145461830672768855e-02
-3.125420550090229455e+00
-2.119420062209421474e+00
-8.398712571338782240e-01
-1.844020736668757543e+00
3.017400856809482335e-01
1.078370751543130446e+00
3.738124060048749087e+00
-1.557167628404281245e-01
-1.149680915887574706e+00
-1.682141872557951778e+00
-1.870200735350543653e+00
2.500932841622503844e+00
-1.410408699102829733e+00
1.141059443825493958e+00
-1.577873202193304181e+00
-1.131090382649182047e+00
-1.262998429278656687e-01
1.891978585842921667e+00
8.741922489144045016e-01
2.144696576185722847e-02
6.047757079914788392e-01
1.660873441107295179e+00
1.806450700728550629e+00
-2.376647166101684583e+00
-1.543847826005836588e+00
3.420306973870346212e-02
-2.501800412355481118e+00
-1.801505669131580945e+00
-9.800761582979635733e-01
2.186844092626154534e+00
-1.553455906790132346e+00
-1.990820009554971293e+00
-2.170220694885490076e+00
1.584191559261043381e+00
7.476053801359805462e-01
1.830547553090163149e+00
1.202324781904406947e-01
2.452422883507394680e+00
-3.260994585348434782e+00
3.842956231500091135e+00
2.620579238736729266e+00
6.552987402199139666e-01
2.727457483772482760e+00
1.280103686104741456e+00
-3.291427572683677027e+00
2.524813041316608775e+00
-1.299931292851384868e+00
2.375218452340428499e+00
-4.905562241814207525e-01
-2.318614362858614442e+00
1.940734691398251499e-01
9.523064380139594221e-01
-2.955181421479218251e+00
-8.359105122262606713e-01
1.296483924249974606e+00
1.999454570299982414e+00
8.483932751703093800e-02
1.040565893381177887e-01
-2.370453208622782526e-01
-4.184115396544463295e-02
-6.559954056445445048e-01
6.363842984960221827e-02
5.786981478656496591e-01
1.440081810718751854e-01
-1.068867235450987607e-02
1.551598544357951859e+00
5.471186490036297201e-01
-1.309776810083204790e+00
-2.020280623044836688e-01
-4.697038275141629526e-02
-5.698708681858146718e-01
-1.321687180431268871e+00
4.930980822247370554e-01
-3.998763300695511447e-01
-3.760163252588482052e-01
-8.147253585160250111e-01
-2.170593353486398591e+00
-3.536002790524639394e-01
-1.555009048007462980e-01
4.046096645594960961e-01
-3.046331523732201951e+00
-6.051394881938625403e-01
-1.465916702989780163e+00
1.799693070615027146e+00
-3.615994734734556459e+00
8.075964099011789799e-01
-1.130211870089741222e+00
4.691223636443577760e-01
3.174748367099558877e+00
-1.633091843654970177e+00
2.193011600971957797e+00
8.153802692748159942e-01
1.893463551607852402e+00
-5.320364673437723013e-01
1.304615133251665782e+00
-2.797829285653747888e-01
-9.701205584097660761e-01
-1.046913393544190107e+00
-5.730447594514487264e-02
8.566685604867725345e-01
-1.298501681324783164e+00
-9.586089083117341758e-01
-1.091020366395916152e+00
1.756027367338004908e+00
1.724098051756044470e-01
2.014183413802108191e+00
3.497121568478204878e+00
-2.342682367322961312e-01
-7.258342790251663956e-01
-7.548058028361674943e-01
4.570169554537528711e-02
2.676131855635697221e+00
-1.281486870855925719e+00
1.115239221021157690e+00
5.102342333248364170e-01
9.897700760195853320e-01
-2.832840493080164279e+00
8.489136926868665611e-01
8.689931591595474458e-01
5.063014198157702594e-01
-5.000000000000000000e+00
1.238641410809309562e+00
3.104634212100407353e+00
-2.846097267156081578e+00
1.250371811262420252e+00
-1.513009451595657140e+00
3.359972535042823338e+00
-5.385357631137583923e-01
-1.741599453630509498e+00
3.966871182619707170e+00
1.237229317203784262e+00
-9.708338534185401159e-03
2.413212917205118657e+00
-1.314973764207900242e+00
1.080443193336371621e+00
-1.899601850616622123e+00
-5.382497713842395726e-01
4.008878775690542184e+00
2.042369786573007495e+00
-1.183390522029432734e+00
1.744542420258401449e+00
-2.375839683224354459e+00
8.551624018953489781e-01
-1.405959139378107903e+00
-1.448941795541554001e-01
-1.212006933894851368e+00
2.690096967278772233e+00
1.900045295953356472e-01
4.362820042763972950e-01
-6.348964637628178309e-01
-3.207289294748880693e-01
-3.603600736875162802e+00
3.438221917516099069e+00
-3.472765085140627761e-01
8.369418560255645900e-01
-4.456156531502106333e+00
1.352902326641713060e+00
-1.419044488601034715e+00
-2.122927769801723485e-01
1.483755069835321905e+00
-4.749113609833166549e-02
2.071905679430088298e-01
1.186193069676377831e-03
1.450211140480872629e-01
5.372722629007933293e-01
-1.961260340054954199e+00
1.189619494493456386e+00
-1.178374583944530762e+00
-9.513968254571407712e-01
-2.539389533810150645e+00
-9.809489370873709646e-01
-1.713210082024498426e+00
-2.138959531764829780e+00
-2.207000743164115875e+00
1.246680183135944198e+00
2.237901858614659290e-01
1.054493624906607252e+00
-1.527361455004134783e+00
-1.430258501342960287e-01
-5.597835502131385255e-01
7.585646317664362925e-02
-4.204274081407390895e-01
2.578277436231801722e+00
2.568402279468545046e+00
1.790957408711085996e+00
-2.146520199074952728e-01
2.109867315338163074e+00
1.664480892619412344e+00
8.788492294353567047e-02
3.824779235269986088e-01
3.405566897020442241e-01
5.859686573292055556e-02
1.263800185442889301e+00
-7.011680750233217907e-02
-4.733472498586870358e-01
8.998922395380350991e-01
-1.502983539339395325e+00
-1.882536726160019214e+00
1.434064383280512445e+00
2.628638374848577541e-01
6.563347229811880013e-01
-2.280168764693303984e+00
3.940942992126370115e+00
1.947266459932369465e+00
8.021173572197248802e-02
-1.134518166175592313e+00
-5.073981545263803739e-01
3.141286214457283066e+00
-2.250199410636954056e+00
1.251911536410485581e+00
-7.438382699336703041e-01
3.933896971945486598e+00
-4.800927002335333427e-01
2.225232584706828831e+00
1.494214530709470523e+00
2.252935378793960552e+00
-5.991514726067128649e-01
1.743935830187987257e+00
-6.338202696030057481e-01
-6.622193510779803560e-01
8.153192322195810249e-01
2.528033917916518547e+00
-6.893299268312302885e-01
9.945526044881614069e-02
2.504744149726981561e+00
1.108557008741923866e+00
-3.213330350150117809e+00
-2.900151903463400238e+00
1.071307789536739108e+00
1.421100335381177970e+00
5.633732220010800873e-01
-1.285714571595404809e+00
9.919257200900810645e-01
2.723701789375949645e+00
2.145937589591455641e+00
1.270410187645198086e+00
1.538846356739760779e+00
-1.468735229222255523e+00
1.044040600054928269e+00
1.823804308471698832e+00
-1.240766050502189799e+00
-2.138569087215982378e-01
1.397833359184099677e+00
6.273361046718211043e-01
-2.227654262076147695e+00
2.494462029178800222e+00
9.620213103265049526e-01
5.416075034380227748e-01
-5.801361737192962664e-01
-1.006283361045558600e+00
4.929441175039972478e-01
-2.122486736712314581e-02
-3.993847937579628748e-01
5.584962212042086094e-01
-1.288503438173238536e+00
3.251958326106567654e-01
-1.597119783438057272e+00
-6.722176965769541823e-01
-2.196374683968705277e+00
1.167198460731598608e+00
1.206977245707233415e+00
-6.886158727162463578e-01
-3.529354379186422364e-02
7.512737698194555946e-01
5.800353623094451905e-01
-6.052685621645181868e-03
-4.436023609211607877e-01
6.561567881335284014e-01
-5.756179159549743574e-01
1.047388621206952308e+00
9.287205711741393088e-01
5.974329878484763157e-02
5.504244021300719325e-01
-1.126718020367856621e+00
4.966494503734377730e-01
-3.335651205555025811e-01
-1.437633662626240039e+00
-9.604496945820546472e-01
-1.995018439784870701e+00
-5.304982884233311324e-04
3.769338878515071656e-02
1.910623784122965851e+00
-1.514195127248568973e+00
1.644182580363592550e+00
-2.650469684366210554e+00
8.166827834641523509e-01
-2.989340242668668601e+00
-1.265167446755834035e+00
2.567021901133347939e+00
-9.957673896344259035e-01
1.403086032018983076e-01
3.175459477141817644e-01
-2.206054933265227280e+00
-8.533226995834022333e-01
1.498942696534202312e+00
1.199276261601267990e+00
1.484074121775300625e-01
-1.348933476981950097e+00
1.695175665744840465e+00
-2.226780538849217450e+00
-2.628412909468963221e+00
1.556075018299958757e+00
1.311808672125605035e+00
-1.005626372586060135e+00
-3.435385711485867688e-01
4.506656906587735989e-01
-1.800988471735256891e+00
-1.190838386824584205e-01
9.102070293933985923e-01
1.127398601285163338e+00
-1.423781702191107890e+00
-1.577000772090118019e-01
-1.115498864759467690e+00
4.073158693136846864e-03
-1.513622782367647801e+00
-1.138568381530822293e-01
-1.448905100346986607e+00
5.412261836136877946e-01
4.030007717599270123e+00
1.770668386927340521e+00
-1.696276952334420329e+00
-1.573336435522225685e+00
5.676392791763884560e-01
8.399267219878581159e-01
-7.874289888205519006e-01
-1.594532197102313198e+00
9.582334058196622095e-01
-1.041052364177435408e+00
-1.424484619990632694e+00
-1.077922223349428332e+00
3.461705509286336024e+00
-2.824896756274172915e+00
-1.238151308692096997e+00
-8.127098125096567927e-01
5.644468959432202837e-01
1.112032710266794844e+00
4.527287560095842878e-01
-1.785645116157761336e-01
-1.588159303253988686e+00
-4.227606539426886911e-03
3.333343536974586740e-01
-2.332275470020978680e+00
-8.827985382079361898e-01
-1.046994355456777548e+00
-6.261858369257868873e-01
-1.263029346170440270e+00
2.346315912511194313e+00
-8.770143439183932799e-01
1.975206326649471933e+00
2.313805816771090207e+00
1.387468757358067961e-01
-8.220561037744502642e-01
1.397613063786597998e+00
-1.071138086927972743e+00
-1.840167458308613391e+00
2.128216992282409237e+00
-2.127495202194951585e+00
2.031012664918111277e+00
-2.969963794165728643e-01
2.119035374294568896e-01
-1.669590520009299972e+00
8.339131494833562641e-02
5.136336855028336146e-01
-2.066079908484921290e-01
1.722509748380560701e+00
-2.559594765752272849e+00
-3.098076659885538486e+00
-4.982706291695260248e-01
-1.910858013128775568e-01
7.110385614950462951e-01
1.893909574489152092e-01
2.045418072634534568e+00
-1.372914578025206112e-01
-4.303886114424173570e-01
1.243176221485331467e-01
1.580681950885155729e+00
-1.331764822701205109e+00
8.500140471479200599e-01
3.707167674963594450e+00
1.584948234189882399e+00
-1.157128669365375728e+00
-1.003185973040434664e+00
1.120627804706700203e+00
1.067072783921538814e+00
2.292841076252296162e+00
-1.921143121062280912e-01
6.117735340200436411e-01
1.043991740753752673e+00
-3.970061915388143348e-01
-4.020720298052218311e-01
1.355172761266764780e+00
8.932299021687217788e-02
1.278055909122841172e+00
4.354779831793633704e-01
1.481581025188432932e+00
2.324211851331652312e+00
-3.706265815079650139e-01
-1.469512019182756646e+00
-1.596230816591008406e+00
-5.483008324225533414e-01
