-1.877970091458865731e+00
1.134654194551738549e+00
3.565287312316304025e+00
-1.516328734257669453e+00
-1.057766377557435078e+00
-5.064494941760981916e-01
-1.214430659199797979e+00
-8.641866150340344888e-01
4.450541802885155107e-01
8.512415192015865273e-02
-3.036058793334017736e-01
2.197789438624657699e+00
-1.893828366649472628e-01
-1.422119995369017786e-01
-1.349588372788140589e+00
-2.385853509295458252e+00
1.029201368895704682e+00
3.918085537730284784e-01
9.867314852223172394e-01
-1.352691014383415880e+00
-2.454823586578616101e-01
-6.510278258185593359e-01
6.579609897710874122e-01
-3.437900457864158099e-01
9.119218784394034216e-01
1.151965206324323532e-01
-7.598992370189519008e-01
-2.100370878137223229e-01
2.870933207436294765e-01
4.750034402051062088e-01
1.616631069698069467e+00
-1.039164629222899539e+00
2.247584650685325869e-01
1.595686777679047097e+00
-6.781072153060669905e-01
1.911441889457922372e+00
8.916606904917685483e-01
-3.231399664628558099e-01
5.143870544541755407e-01
-2.769866327575689624e-01
5.828037552796470067e-01
-1.213785173666506623e+00
-9.359898322593638298e-01
7.720730920255380880e-02
2.579857713901287930e+00
1.215183744613580252e+00
2.246238480343123456e-01
5.558085136525212633e-01
-9.211564717231057742e-01
-2.269490693211216215e+00
-1.991907137031541097e+00
-1.546408779125702182e+00
-7.818303039387322073e-01
1.421162186181579301e-01
1.567574974734922577e+00
6.512807656322827654e-02
-7.970239875240725524e-01
1.125735680626727131e-01
-1.378263465786086606e+00
5.293439119501028856e-01
8.388640308084980290e-01
1.161989594850306062e+00
-4.208947839840870841e-02
-2.467846682940491032e+00
-2.584568367446813397e-01
-3.107529546917318086e-01
-2.213439436242214953e-02
8.741635836607652976e-01
-3.263393619929058076e-01
5.365118448250152383e-01
3.683811817027375923e-01
3.444405329917472613e-01
-1.596990543593719281e-01
-5.248123393374841683e-01
-5.060434258364487903e-02
-6.498008276584430476e-01
-6.694111800444604299e-01
-1.413629032082645232e+00
-1.752572460824539657e+00
4.011276026166941122e-01
2.715729900245936079e+00
-1.380144885927916842e+00
9.271444643625770254e-01
6.787967064781810222e-01
5.081385377150784421e-01
1.247125474909864806e+00
1.308225677034524637e-01
2.249029216556603927e+00
2.988723509337276596e+00
4.806234820297952126e-01
-1.678719835436441876e+00
-1.760179733348223863e-01
1.685227095305172895e+00
4.538621527740094308e-02
7.881150146471282980e-01
-1.480973622745664464e+00
-9.581726306169002783e-02
-1.169801182457779198e+00
-8.503448385876906102e-01
2.600925447754862674e-01
-1.858400553618266837e+00
9.882267938518074502e-01
-1.488853187745265316e+00
2.832868648447330884e-01
-1.432357630973308815e-01
-8.610727734713039538e-01
1.653067392171516659e+00
1.621362625623563147e+00
7.507774596693526092e-01
7.190683321112523174e-01
2.843950358320324057e-02
1.357029543486771850e+00
-4.311243065979883937e-01
-4.122063017754324932e-01
1.752453954296840699e+00
7.147243403849801169e-01
5.067426593952442104e-01
2.159056068918491000e+00
3.353102277897024308e-01
1.004884895851677840e+00
-4.550372307625414336e-01
4.036226868222367870e-01
-2.914256466081699415e-02
1.081244401444923398e+00
8.676609734815698971e-01
-7.582624162203916995e-01
1.201127300695992162e-01
6.162692370425482125e-01
-1.722467876713850821e+00
-1.317366593809510267e+00
-1.586251980535794637e+00
-1.192329162749681259e+00
1.247847275647409049e+00
2.688358044539564951e+00
-1.967425613282153929e+00
1.198801377550600122e+00
-1.002608451579789062e+00
4.180772182645231538e-02
-9.940636532794009383e-01
1.583443080349905330e+00
-1.686235366929942359e-01
3.650902810765543904e-02
8.264738243471647650e-01
1.212754461694800057e+00
-8.012953012809322928e-01
-1.072773377713558407e+00
1.125833082326874290e+00
-4.029221819002302141e-01
8.080914520748407881e-01
-5.125474120668940259e-01
5.368879628256886249e-01
-2.764423848554677932e-01
-1.005274001316055710e+00
3.640433334743811145e-01
9.985613803155244383e-01
-1.982463429439298430e+00
1.439049942290310469e+00
-1.367040455576237434e+00
1.200611960465856498e+00
-1.128775217864872005e+00
-1.273726741293890186e+00
-1.506383827954427268e+00
2.341328207455259047e+00
5.057726420114239119e-01
1.250467383141248057e+00
-9.895511958036635747e-01
1.535730444260203775e+00
2.420765266182236530e-01
-2.321693216618156086e+00
-1.727887237853207747e+00
3.596101443656154473e-01
-1.636801588280683006e-01
-1.033146842821611955e+00
2.332351820625042649e-01
1.878798948540453040e+00
4.193403316115018598e-01
7.691460398889233829e-01
4.085126770727693923e-01
2.219842944256700257e+00
9.829289937121359344e-01
-2.144882453594079141e+00
1.276364342727243084e+00
1.706980067436935755e+00
-2.159085663733772975e-02
3.981348525745769251e-01
-1.082378525050821771e+00
1.706619755653019155e+00
-7.824449033161338107e-01
-2.600097663066762266e+00
6.186250862754434365e-01
1.194376976413629166e+00
2.446339252968500411e+00
8.394273927889983611e-01
-4.259551426610030944e-01
-1.460282166566964079e-01
-1.080875297856335848e+00
-3.750553214214482622e-01
6.084451178800254212e-01
-1.203072710643502408e+00
4.259953137349281604e-01
-6.854349538099739902e-01
-8.676088027170978378e-01
3.246378132733697797e+00
5.902298014718549979e-01
-1.648593201036133493e+00
9.573862954870673292e-01
1.799145314396555229e+00
-1.067023406598211377e+00
1.517518245423811862e+00
-3.593109510616994129e-01
-1.456989210867885021e-01
-1.054182251430448858e-01
-1.161695319095798595e+00
1.741662554889504833e-01
-1.960179596592583895e+00
-1.206028137969663572e+00
-1.711142303414012300e+00
-3.935275110040308277e-01
-1.399685619152891025e+00
5.534892517202205653e-02
-8.022860467604093770e-01
2.220812150413520314e-01
-2.593307513041916756e+00
-8.935342173779217134e-01
-3.199766359110434166e-02
8.151599724905178590e-01
-1.187804020295572194e+00
1.495436733856144507e+00
5.550029326587786471e-01
1.453085742076124731e+00
3.752294347726081725e-02
-2.672733883927556064e-01
-2.633459699609126403e-01
3.044136617460910799e-01
-1.197230611483965923e+00
-6.787812333909961637e-01
2.612790019892957005e+00
-7.249607319493023283e-02
1.664650288190994587e+00
-1.945877619331457087e+00
-2.991354037396636301e-01
1.163577649646026835e+00
5.031400674710750920e-01
-8.126304199656884109e-01
-7.698669951567467251e-01
-1.371996944975673038e+00
1.548349190148936572e-01
3.437225143394844196e-01
2.117315973864561940e+00
3.429833294776107877e-01
-1.201978983974264281e+00
-1.926825574235166094e+00
6.311119829128308822e-01
-1.257009159941483212e+00
-7.861916517545104455e-01
-2.872767939801681436e-01
-2.787511617336102532e-01
1.322870924894152367e+00
2.965096854883775279e-01
-3.854542888826539837e-02
-8.697405362785337601e-01
7.171959434836132630e-01
-2.335375726856270262e-03
2.012915810105386782e-01
-1.142185237809696385e+00
-1.140621141860522769e-01
4.987788330778464285e-01
-1.287525705658358000e+00
-2.468372087886923083e-01
-1.138240316322596257e-01
-2.956902132349261692e-01
-1.267341048016221272e+00
-1.602878341932045370e+00
8.776007162634078540e-01
-2.970993886965267450e-01
2.287376939428615863e+00
-5.847854739832145654e-01
1.653762726561563312e+00
-1.027795348839676937e+00
-1.301535710751975383e+00
-4.911930440959517696e-01
4.629188416501142100e-01
9.668304628782919963e-02
-6.079723084780814801e-01
2.102329548235221779e+00
3.044479483738218306e-01
-2.746248896781070314e+00
5.178133834638476429e-02
-1.783214209780016546e+00
-1.661254816906050369e+00
-2.065900775814977219e+00
2.130702680110026392e+00
1.241942968530716840e+00
-1.524718952126493221e+00
9.603689568709148361e-01
-7.449622598120475558e-01
-1.166166571730702373e-01
-5.639978342238531894e-01
-4.915351249174335635e-01
-9.715502695165403324e-01
-7.487704012374489793e-01
2.379172332101051168e+00
-1.023075876641950543e+00
1.326862170674757202e+00
8.498998614046904265e-02
-3.751926029961740738e-01
-8.561364449356485551e-01
-1.148500797690844344e+00
-4.361285346633545501e-01
-1.097414466475640005e+00
4.749269184075348704e-01
6.542842997622146939e-01
-2.390478780852565155e+00
-1.865150344370201552e+00
2.504962036519360780e+00
6.040475502224040838e-02
-4.732762658309219717e-02
1.707124550514382832e-01
4.380845692447330464e-01
-5.026462984904629394e-01
-9.516698686004367858e-01
2.551033601809243656e+00
4.543117361864439374e-01
1.166761001998393610e+00
-1.347207304830591479e+00
-9.762188906066535665e-01
2.523181579472275615e-01
-1.045538050227755811e+00
8.961659548091027716e-02
-6.992871296814753279e-01
-2.645530422936031911e+00
4.790310621898292709e-01
-1.915847011156447621e+00
1.666624477410714178e+00
2.528334496121210861e+00
5.886303970859145807e-01
-9.024672758560283725e-01
-2.429163174435584160e+00
-3.084877116084605575e-01
1.260711525888501328e+00
6.277319695071890138e-01
-7.067808100278849537e-02
1.028860838422557933e+00
5.766764439182985313e-01
1.557475187646126358e+00
-5.254195943808310787e-01
-1.181328533299509154e+00
8.951700371099668985e-02
8.673674546645715466e-01
4.833554314154131504e-02
8.832094004057022829e-01
-1.414419041437835034e+00
2.505298756993568077e-03
1.255725905234669426e+00
-2.862953475168712458e-01
-9.947684477636018485e-01
-2.181682596271450336e-02
-1.117431121648029713e+00
-2.218241453093847682e-01
-5.283083817813603034e-01
1.879087734208408911e+00
-1.000283050323465428e+00
7.069670004132211361e-01
-5.498247572074541623e-01
-2.832362195495576884e-01
-5.694881765247483685e-02
1.147476780714322686e+00
7.822764312721099955e-01
-2.817869327591431272e-01
-5.765533423685722525e-01
1.101493217302092376e+00
1.145179714064177290e+00
-4.564454850387393847e-01
1.072472660352589813e+00
-5.479221895545904886e-01
1.952259366497887783e+00
3.369720202322596947e-01
-9.803877350470280305e-02
5.940342269674285802e-01
-3.871110819144254478e-01
-6.284510688229154596e-01
-1.397820261849138213e+00
2.857913521965551595e-01
2.802977427409398814e-01
-1.040472234191471390e+00
9.768487954131028772e-01
1.094105024718450281e-01
-8.166474152472433801e-01
3.265185857177508311e-01
1.837646487574929210e+00
3.792895677143963695e-01
8.720648671890263159e-02
-1.628004002978145071e+00
-7.567799556346930245e-01
-1.210976384310566534e+00
-6.356773299967777291e-02
-1.519086407129606187e-01
7.297402439687896702e-01
2.834760718462492335e-01
1.518763375027560869e-01
-1.445992571957960937e+00
-2.064759096549265038e+00
-1.094624577515733055e+00
-3.631618769481628206e-01
1.199936152288469948e+00
1.057358418817560874e+00
-1.077009944437202105e+00
2.414953764426464033e-01
-2.598767894660181099e-01
-1.021517194128582773e+00
-6.833201063651941354e-01
1.503161197228475743e+00
-1.307319819288440321e+00
2.871320993084403028e-03
-8.053931265171874188e-01
2.640218405232186427e-02
1.123060390109267281e+00
1.311539925133534013e+00
-9.137982223160339146e-01
1.013074054670433100e-01
-2.452792084205064782e+00
-1.271369997718256872e+00
3.702156224058841261e-01
4.467031097124092298e-01
1.602550705007911525e+00
4.125509726418332690e-01
8.046960476473108415e-01
3.242546044237970548e-01
-1.413199082723150646e+00
-1.021386668218517535e+00
-1.444087799169500030e-01
-1.450916926754398872e+00
8.963150218188831175e-01
8.999956328280811491e-01
6.660603568398668628e-01
5.281540717193022871e-01
1.982237594054674368e+00
1.129245337173054864e+00
-3.107614829372025156e-01
-1.705871687542923176e+00
-1.093571514579445569e+00
-1.838336445811392661e+00
-2.743801385238899826e-01
-3.569656010262152179e-01
-1.863018771508286875e+00
2.560764337335763585e-01
-2.074178739230525537e-02
-1.040759560573825127e-01
-9.793446213660867983e-01
6.235055196736141170e-01
1.477887009868972257e-02
-1.818030501798781895e+00
6.453395971261421948e-02
2.219538141200956716e+00
9.025157391432134801e-01
1.539047155653875620e+00
-6.287609022072890852e-01
-8.252023166787418873e-01
-5.952437934886845028e-02
-9.716777996633734205e-01
-1.645727285777259574e+00
2.217518789891474995e-01
3.706911851692709092e-01
2.932947082685473106e-01
1.867531625602623535e+00
-1.550960955620439563e-01
-8.153214245587623310e-01
-1.509269076695820555e+00
-3.870235112294331259e-01
-2.776389042025684262e-01
3.240088352529832960e-01
-1.658690910289914999e+00
1.420101104727979902e-01
2.659024244060099740e+00
-2.037067784190236708e+00
2.670677669295589141e-01
1.631753192653880191e+00
9.794062045537179628e-01
1.770011572181084958e-01
1.441785529989044079e+00
2.849754776726962646e-01
7.913174885065599184e-01
7.339881187052919032e-01
1.412141799996787128e+00
8.283128082981203733e-01
-1.200535171926429445e+00
1.245573945417099537e+00
1.067484690459147956e+00
-4.750224714889839106e-01
1.272450093640387081e+00
-1.853479503041204346e+00
-1.063167277189031701e+00
-9.360949572404635433e-01
-1.933861233310715022e+00
1.173378476234167245e+00
-6.758619888219605798e-01
4.184688943683045892e-02
-1.158745011322400487e+00
1.300031498814790965e-01
-8.796127189998150797e-01
-1.713564032471475596e+00
7.310304561103730947e-02
-1.060600826577640543e+00
-2.092333876267685966e+00
-5.604802546068246016e-01
-7.450839451632997879e-01
-2.083091539454624552e-01
-1.033586961819394912e+00
1.621565185918867336e+00
1.321281478350151417e+00
7.465852671871218149e-01
3.403324895707040554e-01
4.085113824870649779e-01
