1.047183572836441812e+00
-4.849533322269676816e-01
8.344223564772157431e-01
1.486398904219026207e-01
2.037317307850470272e-01
8.725606225939053218e-02
-5.940728169034770190e-01
-6.756586273261611097e-02
2.502197894836442060e-01
1.144415206072649127e+00
-4.974192119974709669e-01
1.200194521833832795e-01
1.208085239252572940e+00
4.311220225796148497e-01
-6.456956252935919238e-01
-7.305689620606328205e-01
-5.353550336871686355e-01
7.396851490836811038e-01
5.182799631915715466e-01
-6.485487721532381400e-01
-1.090956363302015841e+00
1.104485628259732621e+00
-7.968714936477923061e-01
-5.149531263777431533e-01
1.750060056355522420e-01
-9.375280091385249648e-01
-2.741705412816211052e-01
-1.253123452230386903e-01
6.844017185806894332e-01
-1.388679566792925257e-01
3.020985634203761094e-01
-5.643315599404257199e-01
-2.333324342938078999e-01
1.192503695436206712e+00
7.392798496174819434e-01
1.113403858610705122e+00
8.249958590648756029e-01
-2.349390267327731152e-01
-1.067652637739003207e+00
-6.594149818597454527e-01
-5.698104729398245638e-03
4.000315535876941553e-01
-1.220622423532042866e+00
-4.137478562328080756e-01
1.307111823445960219e+00
-3.140815564812049487e-01
5.566792068496031476e-01
4.208256256405205065e-01
1.021115970817863428e+00
-8.692526146067613979e-01
-3.671640127511714979e-01
-4.739690789751458411e-01
2.519444109301014478e-01
3.223531580147174225e-01
5.471180523186447431e-01
-5.831548014291785265e-01
6.991191110844496848e-01
5.555591297949922236e-01
-3.942445445570701423e-01
-5.017496204934870363e-01
-3.078740550644800678e-01
2.765257577027693259e-01
-5.541262251154108753e-01
-6.389639017150230416e-01
-2.185181965216909106e-02
2.130826751554204535e-01
4.303530529939099125e-01
-4.004304147056583219e-01
-1.112788247135447772e+00
-6.035261907417224236e-01
-3.380511607953629039e-02
4.774463762526348631e-01
-3.089732749562577041e-01
8.527409806640138257e-01
-2.381473765304882306e-01
8.350501961679590579e-01
1.693383292632857362e-01
-1.090672888362025361e-01
7.826869927941366711e-01
-3.903781312798928482e-01
1.227204008429961135e+00
-1.192398824006745350e+00
6.111016266172644151e-01
-6.098731006783628672e-01
-4.862310026117082629e-01
-4.994324738053537160e-01
-7.203587504646806750e-01
1.218588855641066004e+00
6.099305623034636525e-01
-4.881541821753661026e-01
-1.336528412853756898e+00
-6.429753703217553351e-01
-3.317191317496783753e-01
2.571769751790480285e-01
8.524362845126685073e-01
4.351409082627855085e-01
-4.134086491882191794e-01
-1.037426908126226621e-01
2.954254372135576290e-01
2.271615961128636840e-01
-4.692031528580802302e-01
3.293341290743985184e-01
-7.355353898649594768e-01
-4.413682996797199110e-01
-1.149788426509031680e+00
1.056957894037633849e+00
3.938462193522971333e-01
1.094510815612261823e-01
-4.636376558923762659e-01
-6.693256477670317395e-01
-3.884077968853265617e-01
4.518646494123554902e-01
-7.564637500530384528e-01
-2.333721735927198893e-01
2.824381246964167147e-01
1.076154857502222839e-01
-3.716525759111792837e-01
-4.204290316165675279e-01
-8.324783367267141188e-02
8.116021579943168973e-01
-2.104298212039763527e-01
5.381306757113604178e-01
-2.743030864531919022e-01
5.341344121185187532e-01
-2.483791659289114051e-01
-4.577132096563465424e-01
1.388449870783913909e+00
-1.158175915606911577e+00
-7.553837822567590621e-01
1.409713546208919865e+00
9.724428874651671606e-01
-3.404047933049998420e-01
6.117196612155986202e-01
6.169713516520385355e-01
-8.733827343625302220e-01
1.489416215194385273e+00
-5.009746286962748485e-01
-1.090702470802612289e+00
-1.234710280077329969e+00
7.121938300969397062e-01
-1.356985704343360855e+00
-3.919508704571903479e-01
9.330677931893216481e-01
-3.627503024141720545e-01
1.940611456230021403e-01
-2.352621987391341207e-01
2.471828328147074316e-01
-2.185020125510375166e-01
-2.929941290071127469e-01
5.315799892361372514e-01
-1.086367815198860498e+00
-1.406538280698574894e-01
3.234870710754833567e-01
3.045222747511955319e-01
-2.818974973379608784e-01
-2.358700685298291688e-01
-1.701553778947939577e-02
-1.633187822588926252e-01
7.099598627413561402e-01
-8.877550516302710193e-01
-7.913100815338456329e-01
-7.068933742339096327e-01
-1.056790670562071099e-01
1.156935915403378701e+00
-4.121927660914561642e-01
1.830898551443933542e-01
-2.195939581609565039e-01
7.343807555073675886e-01
-7.526905361835112274e-02
3.068956095698212039e-01
2.467265662561857198e-01
-2.042058596467244413e-01
-9.470796663301053187e-01
-6.175569912572012043e-01
6.415247075337582316e-01
1.431607715983701290e+00
1.240831307237711734e+00
7.272873061598517097e-03
4.500214973607548075e-01
1.915603832363768078e-01
3.128933740953261378e-01
4.356411450598400847e-01
-1.395997949365446189e-01
-4.939880632533677485e-01
2.835156203077540127e-01
8.088760998153432524e-01
5.656777673523052385e-01
-8.093811496530074479e-01
-1.038271062139621392e+00
3.728530840566621762e-01
5.954509071957501121e-01
-9.714896565419550711e-02
-4.825077849512746653e-01
2.073477370264988906e-01
-2.890527473403112779e-01
6.220262236870084394e-01
5.562370241240666147e-01
9.805947479706400571e-02
5.353895627457738726e-01
-7.428047888236815055e-01
-4.881945493810651016e-01
9.681156272531934448e-01
-8.170600330752719742e-02
8.335981875176159406e-01
-3.810427372590208250e-01
7.596830199087145630e-01
6.497194178212417626e-02
2.308872869774685199e-01
-9.095055469701494033e-01
-3.046964156833107396e-01
-7.727416217166904744e-01
-1.660292853452426165e+00
6.805588113109521942e-01
6.187991421609497777e-01
-9.001101400522273366e-01
-2.095061847831463098e-01
2.178448305435507493e-01
-2.288239306318127220e-01
1.135707733562142607e+00
1.288496586751066708e+00
2.552637903057295432e-01
-7.367587492018854434e-01
-1.226078954679383770e-01
-8.198725464976952537e-02
1.201099167547766911e+00
1.811586856235836152e-01
-5.711192717732354041e-01
1.103294750882435338e-01
-1.785387146718644402e-01
-2.819051476711411652e-01
1.121250262150753407e+00
2.565972333529211724e-01
1.485824627554592325e+00
3.828732614564600567e-02
7.231659091691033936e-01
-2.827087341749461302e-01
8.521271104212670977e-01
-2.021352081742371354e-01
-1.028515001357326319e+00
-1.059899285842146099e+00
-1.057962590088656007e+00
1.391220389730571938e-01
1.022645567702826774e+00
6.364178431448896944e-01
-5.004488352663081230e-01
-4.909131401802033778e-01
-2.301458189078093852e-01
-8.666257217444197636e-01
1.178161659045153797e+00
-1.990107980513231567e-01
1.126683716119014633e+00
1.895264961352349786e-01
6.357221533262782387e-01
1.514013911156332881e+00
4.032413753251153921e-01
1.203821241804163833e-01
-1.446904351005757761e-01
-1.366175691973637640e+00
1.100327075751918571e+00
-4.475484553304198698e-02
1.261121717269903186e+00
5.000722172110911856e-01
-5.649861363250092694e-01
-4.213730545453389098e-01
4.556500292245759809e-01
4.805561506206013078e-01
-1.515194293354999999e-01
-1.287969275621185794e+00
9.409710863995393026e-01
-1.533734044332719648e-01
-2.932191457469173201e-01
1.257325710958880904e-01
-5.647907471927329226e-01
-1.172205920862591455e+00
-5.111047093220939530e-01
9.474981873967314172e-01
1.393640036708649887e-01
-9.442937569213576410e-01
-1.183444066574974585e+00
8.302039963842933190e-01
4.109816078165646758e-01
8.611685663873025476e-02
5.836391764770390012e-01
-7.013499778283724950e-01
9.287496880280166067e-01
8.422314081491393267e-01
-1.071062135392982562e+00
8.228798087240987158e-01
3.485707990411723856e-01
1.001872269756445277e-01
1.124372746382422683e+00
7.740151024299812832e-01
9.826625158782462677e-01
-2.274856356676302482e-02
6.329525179479080776e-01
-2.499440392587697346e-01
4.232643918085887691e-01
1.341234172386311485e+00
-1.694558727309019019e-01
-8.734400209825503580e-01
-5.736652897533636164e-01
-8.032514095147718081e-01
-3.712132856284453553e-01
-1.778065897267318007e-01
-5.387789446422450723e-01
4.177219983998501363e-01
-6.520595326757696597e-01
-4.830067150426051725e-01
-1.019946378102634110e+00
1.053597205450884644e-02
9.599695257768292578e-02
-5.538325745010936885e-01
9.291066385748578682e-01
-8.326543045310241808e-02
5.416343110651453685e-01
-1.461201622722327897e-01
2.231775284374002410e-01
8.129236900156300294e-02
5.106417148008999263e-01
-6.694448262159324869e-01
-2.667874701858981012e-01
1.025018341207295514e+00
1.280617565316841677e-01
-7.349215096898547017e-01
3.588956151776967474e-01
-6.742658711533282556e-01
6.582130609099863250e-01
-1.315282882651136021e+00
4.720792486560041468e-01
1.043279069239138934e+00
-1.496679408126784239e-01
8.266746196673393499e-01
1.352313494304819841e-01
-6.269933053576615123e-01
2.652363762832621319e-03
-2.203921926711496226e-01
8.578688728647101414e-01
3.139535024439377153e-01
-2.958284355718516778e-01
1.944121526318216553e-01
-2.411944927992841770e-01
7.538787950056953235e-01
8.864004097818369843e-01
-7.270053576498058945e-01
4.933464869445440826e-01
-5.185861658143640085e-01
-5.004151090819775050e-02
-4.372014261791790091e-03
1.258119526279378064e+00
1.358579973200392033e+00
-9.612203664388454527e-01
-1.363202780162175998e-02
1.115272147967750982e+00
5.168023442013200963e-01
-1.259689496464231340e+00
-2.261786775603304989e-01
-8.578089842765859174e-01
-9.497027267790683069e-01
2.546022909432652526e-01
2.030428343042078865e-01
-5.646852370894430706e-01
-1.116090373218360021e+00
-4.218342813186346518e-01
1.214791829983621341e-01
-6.263488124181755268e-01
2.415608607650456818e-01
-5.855898380214199506e-01
4.361137114224780120e-01
-3.218778695623392139e-01
-2.104272946350702611e-01
-6.133308817714304695e-01
8.877196762123320539e-01
-2.779998037029240976e-02
9.082036049492447916e-01
2.929318364671660291e-01
-4.169623578163950128e-02
1.344903652818251416e+00
-1.357209341207390896e+00
8.533409202751638389e-01
-1.407428054221346869e-01
1.171462448099326537e+00
-6.587375098734993273e-01
1.484730951187560599e+00
-1.266232186377457936e+00
7.922403696610880175e-01
1.356521349964285861e+00
2.644493022866019061e-01
6.280922835772138058e-01
-7.995480483356640633e-01
-3.976193312573039762e-01
-4.298700568493520890e-01
-8.352810422526308898e-01
-3.954703946528717040e-01
1.017183613729873315e+00
9.477915183933216525e-01
4.113797659237885540e-01
-2.491440352362035426e-01
6.257906845041194543e-01
-9.200537756446269810e-02
-4.311895879521925323e-01
-4.641628009371530084e-01
-5.660251485313336772e-01
2.163295349871976470e-01
-9.549988087223226785e-02
7.490121734051857771e-01
4.180718550277440215e-02
-1.298505472714408526e-01
2.166256273682085620e-01
-4.361344586233615317e-01
3.161440391831948915e-02
9.583550475215618647e-01
4.503971988276500582e-01
-3.757561162132398991e-01
-5.090473028395008370e-01
1.371858350603201160e+00
-6.445376580863459992e-02
-2.309861572835307797e-01
-3.766871903739410499e-02
2.222133544937987537e-01
-9.978792099132061111e-02
1.126185904819649863e-01
3.850231798811698525e-02
5.811786365566504742e-01
-1.425838786819940029e+00
1.085797421112570049e+00
-5.132261631647274669e-01
-7.486424485140563689e-01
1.505158795313019660e+00
-7.816664265865842509e-01
6.259147268275864207e-01
-8.330981997957254137e-01
2.997432992583091149e-01
5.495965397701052524e-01
8.334188226098691032e-01
-2.488908340183071388e-01
6.663914318629604594e-01
9.184938088482885732e-01
-3.056045251986114764e-01
4.674063439459077429e-01
1.092585796117262475e-03
-2.231103246975925103e-01
-2.383145535280331018e-01
4.342695852450333405e-01
-2.388867004126389304e-01
-1.265271321689080963e-01
4.515914811439847298e-01
-3.328784475788904018e-01
-4.865083862082393296e-01
-5.705103062788730028e-01
-1.135545732880134828e+00
-4.470553815181501633e-01
-9.161401683715837407e-01
5.128304604634816855e-01
4.903973733484807696e-01
1.013388060626740028e+00
1.944379987320754566e-01
2.534978597291708269e-01
3.613288306960527052e-01
9.485492758963420812e-01
-8.071995220406815719e-01
-1.421286445746973826e+00
-8.959268118597663033e-01
-7.728395887332624170e-01
3.677702510678919623e-01
-2.311524335787833451e-01
1.122382153115443870e+00
1.038557278208962487e-02
-3.307244039737060604e-01
1.296905894571338536e-01
-1.173959078682766943e-01
1.158706792256849027e+00
1.585486611590951611e-01
7.947979340057091946e-01
5.038721623268296312e-01
-5.146252222869645010e-01
-2.969945426395366184e-01
2.895538364429111056e-01
2.526454758724892002e-01
-8.384907340036296119e-02
4.612376064746239734e-01
-2.925647298008007269e-01
9.720049796578100754e-01
2.689311081149536875e-01
-1.368740533061068021e-01
4.664341292161378050e-01
4.295670312998289830e-01
5.197521636396480460e-01
5.362108257126667610e-01
4.567021455638524685e-01
-4.483692618640358063e-01
1.685118476854992053e-01
-7.840989642367857115e-01
8.996168131658617284e-01
8.547313340093420919e-02
4.254350024660071838e-01
-6.832446069886506379e-01
1.807507327805151220e-01
-9.679428419505597958e-02
3.963786324786999771e-01
-8.948110473076003046e-01
-5.320566926945344832e-01
3.622797815617984085e-01
-3.311067740550006633e-01
-9.758284411163788974e-01
-6.722335300637301003e-01
-2.774918435452802257e-01
-3.121805512391002679e-01
-3.657243485728312038e-02
1.365171732035558527e+00
5.342913474137942487e-01
-6.479315037851698378e-01
1.654147002200296868e-01
1.094537992146680239e-01
