3.059777854388173068e+00
3.575829029835375650e+00
-1.842256004164637417e-01
-8.450478926182158901e-01
6.535357177600609191e-02
-2.978645579052390246e-01
-1.620897334949098489e+00
3.691660236294040942e-01
-1.695597542594811102e-01
3.377932721031411845e+00
-1.082619678290989818e+00
2.117296713306568989e+00
7.790079581191964309e-01
-2.047434448205764923e-01
1.605738830505707426e-01
-1.301924996553334157e+00
-1.807827521815088101e+00
-1.797831802732097195e+00
-1.102291856704461281e+00
-2.426948481166428362e+00
-1.490891280226725346e+00
5.232465028153132636e-01
-1.549904854236840102e+00
-1.068482981128958009e+00
3.466327492958637180e+00
-1.807139161066391164e+00
2.262158472532522779e-01
-4.100568138564082865e+00
9.026108811913786667e-01
2.416444439310816428e+00
-2.126793383998895504e+00
-2.440767690280763347e+00
-3.120386046924839007e-01
9.150530197947404076e-01
3.702153246242666285e+00
-2.210094590927633718e-01
1.872062009661494386e+00
2.490013058534494839e+00
-1.374308498768686437e+00
-7.121777029091447275e-03
1.372754669522038284e+00
9.600617819583137091e-01
-1.590356864421789584e+00
7.957771433675659978e-01
1.916908849646343782e+00
-1.707304713226443837e+00
-1.036100748706619612e+00
8.094659283780059056e-01
1.554505836779357608e+00
-2.405872998712493160e+00
-2.065476231581728772e+00
-1.188671475935048072e+00
-1.576790080800972049e+00
-1.075165777456845717e-01
-2.887282451751523205e+00
-1.623454759924580770e+00
-6.244990975691946389e-01
-7.078518897144014943e-02
-4.713379206586436609e-01
-2.540296515194377935e+00
4.330465219025969148e+00
2.978962243302415658e+00
-1.119277076742741794e+00
1.216884085193403742e+00
-7.229214907079404284e-01
1.821672986413418016e+00
6.496526765094685629e-01
-1.240031843143398316e+00
1.760480980755567693e+00
1.108655633067718860e+00
-6.493880342698927777e-01
3.160247878968323931e+00
-6.811460079464257689e-01
3.407167277980311937e+00
-2.684465115160996618e+00
1.354385766289465387e+00
6.036670402174628691e-01
1.253655646441753646e+00
1.133719198531503380e+00
-1.011407748139785401e+00
-7.506198398954468942e-01
-1.837216954314750961e+00
1.242425359659037554e+00
-2.259924969868023048e+00
-1.097485580637531655e-01
-2.418153854303932704e+00
-8.025992271013207002e-01
2.432369960138469622e+00
3.626459747723478344e-01
-1.889160570865064948e+00
-1.146594117538863422e+00
-2.408847001340425287e+00
-2.439033387786292195e+00
-1.117240798235931365e+00
2.575814689102157828e+00
2.755766039070444151e-01
-2.359800296633203232e-01
1.395197217368293607e+00
1.821338136928648765e+00
-2.250886319438174521e+00
4.841513714909471133e-01
-1.884356017647548232e+00
4.404420712046253072e-02
9.137016322188840078e-01
4.439024478931763440e-02
-1.274453752736302015e+00
1.148980873251115753e+00
5.864275876582354385e-01
1.342523870711263001e+00
-2.079833924127169720e+00
-1.169925780835881390e+00
1.184209361616954226e+00
-2.721101815567831039e+00
-2.557421396377730360e+00
7.915142793122322828e-01
-1.898892088060089023e-01
-2.153030112668743001e+00
-8.623302750806693950e-01
1.433999095192092454e+00
2.719981517582679587e+00
-2.913668725631156420e+00
-3.945249663763039649e-01
-2.842425116591540402e-01
-3.131647476998071777e+00
7.144300278586257491e-02
8.541858050931701030e-01
5.482358711698012144e-01
-2.478184360554255505e+00
-3.649432207245180138e-01
-7.999804913348960156e-01
1.091960841143481353e+00
-5.207239312500604456e-01
4.074081489641567799e-01
6.225491764736386102e-01
-1.179749013148787551e+00
5.349432096612707355e-01
-1.291875763322991144e+00
-3.469309021713118391e+00
-2.221230563359781307e+00
-1.706534378134296315e+00
-2.027259318028841406e+00
-1.511169451636588335e+00
4.288260733522154311e+00
-6.496300832310026863e-01
-6.830893673862679094e-01
-2.487994841158506887e+00
4.722937290630513374e+00
3.832364038673050644e-01
-4.604314478766076135e-01
1.319946916266090398e+00
1.093450475392042875e+00
-2.197166568643207363e+00
3.059604909368541570e+00
1.509407454071920895e+00
9.632956341305067838e-01
6.925349066126820219e-01
7.202783447244858195e-01
-2.892221023532171920e+00
2.690746888043635821e-01
-2.550636059603933248e+00
1.995847481493954412e+00
-1.428753950180602139e+00
-1.162259061896051993e+00
-6.435926536805283149e-01
1.784933998533634991e+00
-2.723076946171810953e+00
-1.114884814959331560e+00
-3.028652713376711603e-02
-4.617152536782729300e-01
-2.619959908671050997e+00
-5.766217713540724432e-01
-6.092204822154929644e-01
5.102502272842288633e-01
-2.084222620989585550e+00
9.062696885156462656e-01
4.048465571875617286e+00
1.393924636809300566e+00
1.290698016023958949e+00
2.378451914269891887e+00
-9.562022208242382248e-01
-1.571139103298396122e+00
1.197709262944279374e+00
1.223332114394407810e+00
1.684514786747537407e+00
-2.317011506519499164e+00
1.567636607928619696e+00
3.073190264701448626e-01
-6.947504159204997976e-01
2.134136450928441064e-01
-7.218204521047812960e-01
-4.706094919147982836e-01
2.662170118998732349e-01
-1.679590432208808437e-01
-4.542962903432465893e+00
-3.462262279322252390e+00
6.407448811819449475e-02
2.325107823215313729e+00
-3.509897745034654903e+00
5.799878886271443434e-01
-3.223090656509346008e+00
-1.293361947367663412e+00
2.166545633491516298e+00
5.634306370607191639e-01
2.968936136628278710e+00
4.841210267963518277e-01
2.657625830613441487e+00
-1.118592646907399679e+00
1.013101855451511213e+00
8.219623258861545878e-01
-1.510276448109742375e+00
-8.788329650405799498e-01
-1.847508092558823201e+00
6.318905985889209376e-01
-2.158698327082446689e+00
-2.215415585650838182e+00
-1.190042681399345881e+00
1.044438227467225921e+00
-6.752557347645620212e-01
2.819232207748219921e+00
4.120957020673886362e+00
-1.642068919888635126e+00
-1.327732361018466811e+00
-1.717401563427856548e+00
1.122334497838376244e+00
2.581882725813366974e+00
-1.015412050110301223e+00
-9.078537034284952512e-01
-1.018493186042767285e+00
7.375428738643794446e-01
-2.556579011600429219e+00
-7.282257965960958757e-02
1.472221272303118056e+00
2.316054431806071179e+00
-3.531389988174614025e+00
1.328253862926381146e+00
2.976588654596747929e+00
-5.908872416849888509e-01
3.502281243524851817e-01
-1.303843148315963596e+00
1.719609742374261785e+00
-1.108178466074570601e+00
-3.832609682545387031e-01
3.418965785901059817e+00
2.203481025270006555e-01
1.547075892318621193e+00
1.808978464028195177e+00
-1.144124061471484488e+00
2.442432527943179110e-01
5.987599915544974394e-01
-7.112031938051757152e-01
2.783863884797090904e+00
1.352720290424036520e-01
-1.015257727883414063e-01
8.841636079906063372e-01
-2.623621574942953671e+00
-8.593322543698640459e-01
1.138340178889979626e+00
-1.856995601599018997e+00
1.448979347887791036e-01
4.891375546380594130e-02
-9.359914158989592892e-01
7.450874070764887946e-01
-5.396732793722023303e-01
7.537342810353129252e-01
-3.691821237861390159e-01
3.053403286754372559e+00
1.182416482440768135e+00
9.807072790807405127e-01
-2.021014690002153280e+00
1.374733551059325265e+00
-1.020950213822604979e+00
-1.870235304921386010e+00
6.706681680131705292e-01
1.750684492532849745e+00
9.696029495253064567e-01
1.133270693020982378e+00
1.581479285505915655e-01
4.807746609265439730e-01
-2.326696576822950391e+00
6.667627436865934953e-01
1.326914665258517090e+00
1.258134906264773534e+00
-5.874574326554071746e-01
-2.843589990029411485e+00
-1.917125625484098705e+00
-6.140702786421421422e-01
-2.823520158856508644e+00
7.056540611112858130e-01
-1.666068233074863514e+00
-1.940069277951153026e-01
6.146003088501661438e-01
-4.368408624212678504e-01
-1.361795189802104122e+00
-1.933201058570709563e+00
-3.948451795987590884e-01
1.895079866024217630e+00
2.667406539242358932e+00
2.451321790919145371e+00
2.067871603111860246e+00
-1.320451105303886763e+00
1.261411357331157390e+00
-2.548375630132326819e-03
1.260887172088578367e-01
-5.508573452145277827e-01
2.625587802976276919e-01
1.136129481577913936e+00
-2.090543515030256927e+00
-1.828672408608746469e+00
-6.310578103187758359e-02
-8.096158051884394524e-01
-3.517592985538424255e+00
6.630302417734945664e-02
-9.217060597811475020e-01
1.332444376135414998e+00
-3.079596710239624002e+00
4.413963048062715444e+00
3.941542433622798214e+00
3.942597271694125993e-02
-4.695451322716550635e-01
-2.243525883577586644e+00
2.379423791353712403e+00
-8.815274676350348670e-02
1.167858610833871325e+00
-1.684593445627052155e+00
3.748461445685254745e+00
-2.062046508336603523e+00
2.616842585822620748e-02
2.364667691268538263e+00
1.224054233462376295e+00
4.314177854131244771e-01
-1.202532952358472684e-01
4.397274197003442353e-01
5.536941510572956915e-01
2.492996398480125109e+00
2.635796861968383809e+00
1.621346861098044378e+00
-1.366879011344770856e+00
1.850378173465642817e+00
-3.207542904341744716e-01
-6.651616904625239357e-01
-2.450843183741814535e+00
-7.048486846399715233e-02
5.861286022695209041e-01
8.941828009655434784e-01
-1.018609601770521955e+00
3.363983038063178554e-02
3.442628738594557092e+00
3.560053571646001558e+00
1.267837989144836364e+00
1.363735896464762121e+00
9.635567149284618438e-01
9.399234248542542858e-01
2.308929348346639543e+00
1.391812370034493540e+00
4.165805244200697643e-01
9.932463045413788549e-01
-5.341430275564365004e-01
-4.441535040938963341e+00
-2.746870016837155148e-01
-1.083724337935715987e+00
1.087928431744026092e+00
-2.541133875651189200e-01
-2.452905217459879772e+00
1.561032586368487962e+00
-1.559834693688521234e+00
-1.235913739775110098e+00
-1.574554706257833558e-01
-3.262333899762031031e+00
-7.061511741629065142e-01
-4.368719362795960848e-01
-1.312675283696557393e+00
-1.421363256023932209e+00
5.594687053931304277e-01
1.840203177689772041e+00
2.027636265447352315e-01
1.853145695692532513e+00
2.083649079189262565e-01
-1.249334690158296901e+00
-4.289143920230147344e-01
-9.659912947358861857e-02
-7.220932990799164841e-01
4.735845420439135367e-01
2.313684868508821602e+00
2.155743995322566775e+00
1.858519298735808789e+00
3.203461089882976509e+00
1.385547121717596752e+00
8.528275760388916993e-01
-1.027153285888802170e+00
-1.390590243555136496e+00
-2.612122057441848888e+00
-2.524985215133083827e+00
-1.022501829671362827e-02
1.265851216735967455e+00
1.160510247370000414e+00
-1.254419227015963756e-01
-5.375234471433554262e-01
-3.641350430540377658e-01
2.206370307902611572e+00
-2.553606388597589039e+00
-3.517207073438513021e-01
3.883854370096596398e+00
-1.017000804154088556e+00
-1.331276573475994152e+00
1.131308898830964083e+00
-1.549591082106883455e+00
-4.403059439812642140e-01
3.078495455230230604e+00
3.806356863884104769e+00
2.655837650509482728e+00
-3.679786860153262396e-01
4.896153533401850666e+00
-2.047195765622833452e+00
-5.037330881042736408e-01
2.322568716886973306e+00
1.896092518535086313e-01
3.521074457598949436e-02
2.905830028701208434e-01
-1.301273821079011128e+00
-2.039872357233208255e+00
7.020809258612707993e-01
5.695231718422366640e-02
2.248968822623176322e-01
-1.868825121701715553e+00
5.220236554629318348e-01
-9.001157851401888621e-01
-1.687322262964002562e+00
-1.835755498599617841e+00
7.264802633184288538e-01
-1.550180071207990729e+00
1.240747491379269540e+00
3.956504504820250290e+00
6.976131860759959835e-01
-2.490745447739007190e+00
2.125090726026899191e-01
2.129882007342711603e-01
2.433504158579852472e+00
-1.347360991915734552e+00
-1.582034481074310772e+00
9.646469021693757639e-01
-2.888783482419414739e-01
-1.749994274362806301e+00
2.889143643706324482e-01
2.580468565211326393e+00
-4.273234486507305974e+00
1.582461833652430983e+00
-5.108559071336795654e-01
-1.738660311717232787e-02
8.165659113588947804e-01
1.496436138731387366e+00
-2.647075334501010957e+00
-2.309155080631779100e+00
1.241671794625571756e+00
2.306319667878684143e+00
-8.078642428874314163e-01
1.201744324580640289e+00
-1.514288159873871109e+00
2.186791988305394341e-01
1.595782867514161651e-01
4.125152200049715390e-01
-1.559710954934321325e+00
1.161441862504148936e+00
2.642279981155112090e+00
1.052906043896673083e-01
2.316858590443292343e+00
2.954480438547807175e+00
-4.699626559107343837e-01
-2.497305591787761347e+00
-1.320102829236518005e-01
-1.544310373085449939e+00
6.797037958258611567e-01
-7.941371848364315866e-01
-1.570130802166286088e+00
3.281487274325733949e-01
7.238605734512848500e-01
1.142021443941027670e+00
1.347773493586592153e+00
1.157330691396781575e+00
-2.302366945907450280e+00
-1.755329787817024645e+00
-1.410429761919158587e+00
-5.151937553096175293e-02
2.773796273551010216e-01
-2.495089964569761065e-01
2.061046346767847481e+00
9.249948754941801354e-01
2.138323589009560877e-01
1.068974726376257678e+00
-1.947420170946143614e-01
-1.561443532503743459e+00
2.862314129940646268e-02
2.867000244963349154e+00
6.509923615356205673e-01
6.245347436960830834e-01
-1.887361038274483871e+00
2.200438974910158052e+00
2.727806194973335430e+00
1.761390718730973859e+00
-1.353507932940074543e+00
1.175649822907418596e+00
3.089178989812602083e-02
-1.781099276619820149e+00
1.121117202994420303e+00
-9.278832717137674990e-01
3.672840449805656604e-01
1.378767972062977520e+00
2.478528591164668171e-01
2.194249097110883007e+00
7.729419162823658596e-01
-6.129542221394315149e-01
-1.720147880572350019e+00
8.787505761224636558e-01
4.840150866339580915e-01
