-5.100644683218122921e-01
-1.502949758614098741e+00
2.689389299360199104e+00
-2.503791581168886449e+00
1.415565781351540764e+00
3.772808553911154661e+00
3.108415041753076480e-01
-1.561659024843029542e-01
2.167202831682550901e+00
1.782770386786390659e+00
2.053914916812868086e+00
2.500153010279326793e-02
2.645198353251866585e+00
-2.915309272567384369e+00
-2.344687669985017209e-01
5.852243437605109122e-01
-1.915069266177175322e+00
2.145605868602864064e+00
3.677335081600761058e+00
2.267916241466108929e+00
2.919642183688537784e-01
9.000097437638281406e-01
1.185743726006696086e+00
2.683676640051748663e-01
-2.303344486665074520e+00
8.646839566397783727e-01
1.082682332726013996e+00
2.196532871317779190e+00
-1.957819416590914408e+00
-9.742997810815934301e-01
3.594518284224994531e+00
1.852012697924431350e+00
2.058932899536261907e+00
-1.209067598304463420e+00
-1.636747423452282746e+00
-1.859932297125004297e+00
-9.893491509129761496e-01
-8.305812811925443739e-01
4.901584592024814668e-01
-2.820616605749723504e+00
-4.240571449503871548e-02
-1.492592473027848143e+00
7.125160383200048742e-01
1.446048032333635547e+00
9.918543481714809928e-01
-2.823415226420014079e-01
1.211692538352064474e+00
-1.466804270434085566e-02
-1.966928464356252348e-01
1.184146493618909446e+00
1.015355601524280615e+00
2.101654399616023738e+00
2.082020513432838449e+00
2.191841110290928540e+00
4.410829155308444882e+00
1.616807984441326340e-01
1.906236145872346910e+00
2.014890892031249159e+00
-1.116983229662197097e+00
-1.707745959667287039e+00
-1.335562681677320729e+00
7.257070617715104532e-01
1.342613750549777940e+00
-6.274232636543706221e-01
1.252671572523837540e+00
-5.537557287594596644e-01
-1.052768184875398916e-01
1.507928884455379759e+00
-2.048551993219369649e-01
-2.886215092246564140e+00
2.293104598170431885e+00
-9.268937702625557051e-01
3.310107733371367544e+00
-3.001671585834593259e-01
2.123144764157560260e+00
-2.532397545371667391e+00
3.770006456129381789e+00
-5.581244284457946847e-01
-8.357386869545857522e-01
1.394218051941569669e+00
2.424133127596501680e-01
-3.898632730841686822e-01
-3.338724839858185689e+00
-1.283929600553455064e+00
1.344674358025512717e-01
-1.004962297007008232e-01
-1.731540665423914049e-02
-3.517796564701795248e+00
-2.304115630557630467e-01
3.615827266161028675e+00
-8.857999852332252289e-01
4.382353375807488405e-01
2.516502833165593422e+00
1.863178804599581184e+00
1.556727412567867397e+00
-6.249793455981400569e-02
-5.551934461153216205e-01
-1.218827482315099076e+00
-5.279538061295898643e-01
1.620923932721941796e+00
1.587929602818668684e+00
-1.188125082827118373e+00
-9.655137282752548344e-01
-3.723011995513765271e-01
-6.438886254315514535e-01
-5.472996636709206442e-01
3.113847705655139464e-01
3.682120037220517617e-01
-3.343882703021200165e+00
-7.056467243442705595e-01
1.989757901737990053e+00
-4.077346440513309744e-01
3.880903608352385348e+00
2.775396194301020358e+00
7.393477235893621824e-01
3.038904584901480632e-02
8.413988758312376248e-01
7.837399220930771904e-01
-2.433590393418755049e+00
2.390356738634366707e+00
-5.813650343823528743e-02
-1.767875996262064042e+00
-1.423168993924064374e+00
2.787077095239186342e+00
-8.991370633740025653e-02
-8.305386780892263232e-01
-1.746518848396424239e+00
8.137149595296078175e-01
-1.397841970726070304e+00
-2.424490610606389041e-01
-1.131997610146199484e+00
-8.191059684623445136e-01
3.667053921677439376e+00
-1.195418568050524932e+00
8.246929878779063472e-02
-7.510232211755543119e-01
7.118582856494342082e-01
-5.091466509787565542e-01
9.729091681151587068e-01
-6.127424547231816732e-01
3.158285210979006052e-01
-1.199448648431337361e+00
-2.397580496102786896e+00
1.028981677486831003e+00
-1.254675217306513435e+00
2.510347718341634504e-01
-2.469314623515170837e-01
2.550189753424554340e-01
-1.240541699973132239e-01
3.621066307155249575e-01
5.976626940270666211e-01
3.105840034981763864e-01
-1.122127991094419741e+00
2.528166291585071335e+00
-1.571816745500849599e+00
-2.734298346221454068e+00
2.068922205827373517e+00
3.435612730484649546e-03
3.964950410859202634e-01
1.317709183616302404e+00
-8.174671966075663931e-02
8.457787200390356475e-01
-2.295704644467473354e+00
2.483879831418533968e-02
-7.203675576401860070e-01
3.109427750745254571e+00
-1.531887993851142049e+00
1.628531823144887980e+00
3.452023841398013104e-01
3.930396404210926065e+00
-2.443033699404797421e+00
2.971841355411777741e+00
-9.298129843884144208e-01
1.272464294779788396e+00
-1.360014485109437565e+00
-1.223159459890600154e+00
2.946861914511655023e+00
-8.120061270938165876e-01
9.480887974462648415e-01
1.061256408963449971e+00
9.039759403127956006e-02
1.731734381988287552e+00
-8.436903106040762879e-01
-4.999999999999999112e+00
-5.571234669588900346e-01
1.032367641764339261e+00
-9.780413145397739427e-01
1.484828529788567053e+00
-3.145157766951047762e+00
1.903608446769977647e-01
-2.902310035907831320e+00
-7.557334643299284949e-02
-7.558392233036403951e-02
-1.665114328621379869e-01
3.493098220264172937e+00
-6.882661952134956351e-01
-5.526999556516711820e-01
1.361280301973319951e+00
1.042593211903167116e+00
1.435783445249853685e+00
3.694472075538843825e-01
-1.904359374694983842e-01
8.187974017662469350e-02
-2.745328812507965566e-01
5.142083890491688791e-01
1.149131396723558574e+00
2.383967269301187741e+00
-2.364476154329786528e+00
-1.121251681658396837e+00
3.191021575717417846e+00
4.143942112004754819e-01
-4.531609069562669845e-02
-1.038810595965464323e+00
-2.195853882124767509e+00
-6.004238479063346290e-01
4.948648072356087724e-01
-2.864922611169635758e-01
2.473276733334808242e-01
-2.143964420251247560e+00
2.244220741748712555e-01
4.348709473910794543e-02
-8.995581067064701841e-01
-2.090753787128678098e+00
1.933552721152289600e+00
1.318464915662309167e+00
5.028669817209516779e-01
1.227320471019497816e+00
-1.197199380453660922e+00
1.982531324823206376e+00
-1.236367353965687421e+00
1.685293125288707117e+00
9.420719410763016555e-01
-1.706302718771997018e+00
-8.282424198842015528e-01
-1.117905989812152612e+00
-1.134517139288127030e+00
-2.069249746722906735e+00
9.700528555050151880e-01
-9.278683107727303536e-02
-4.544032183313877482e-01
6.852306182095020404e-01
-1.307458559137986143e-01
9.555905995197786496e-01
-7.365309470130121383e-02
2.739376404099145290e-01
2.127948695392234413e+00
1.060738931333488289e+00
-3.797664802685550178e+00
9.729043151396865596e-02
-4.836285109830496864e+00
-1.484024526647631514e+00
-1.901300828831535839e-01
2.064144027265674808e+00
1.486804339969303612e+00
1.965472419991709074e+00
-1.213881330393602465e+00
3.345622305237903049e-01
-4.514950295004664937e-01
8.213740397839552898e-01
2.608130732498095128e+00
1.803090463048976133e+00
3.288728867898630170e+00
-6.935970943428726443e-01
1.289497358654125847e-01
3.419988314287429887e-01
2.950051531515995862e-02
9.952902497197957388e-01
-1.385416814624362836e+00
6.597552133464663626e-01
-1.499625357909937673e+00
2.782287447213072085e-02
-1.316862298675167686e+00
2.294625124999509325e+00
-1.154575427984649849e+00
-3.408088381721415150e+00
2.152143783608931216e+00
1.102635198551840112e+00
6.184398705819313946e-01
2.006044330004348453e+00
-1.639272872431822847e-01
-5.000000000000000000e+00
1.060927760639161832e+00
-1.431455918265291505e+00
1.667609767927742404e+00
1.688811707685974994e+00
-9.735626762596547579e-01
-1.785068847467478292e+00
8.288775933625434078e-01
-4.469945700500721486e-01
-7.144530297085012194e-01
-2.952198485477351753e+00
-2.416538987327365717e-01
3.955993018751627233e+00
4.118682127857908881e-02
9.506298739268439491e-01
-1.343124437201002497e+00
-4.069404555291189496e-01
1.535567979138434680e-01
-2.572609722152394696e+00
-3.621557383444290679e+00
-2.847326330158397312e-01
2.631695388345603348e+00
2.480165325669881682e+00
-7.072314282169784860e-01
4.297500783123044954e-01
-1.290400098312103339e+00
-1.381098019299116242e+00
2.853713298440787582e-01
-1.223853874506390937e+00
-7.570966048664953263e-01
2.129676842957915817e+00
1.864462629719980669e-01
-1.440250517947569087e+00
-6.933720422613154355e-01
-1.305144963449862416e+00
-1.195983094747287812e+00
-9.306787506071989569e-01
-1.115909413812146145e+00
8.510461313138373285e-01
7.916221337168405370e-01
-2.300750414516715914e+00
2.390912619063606748e+00
1.850844723108881595e+00
2.208767696333557851e+00
-2.030001086812327493e+00
-4.081120189970750545e-01
-6.446310559748962277e-01
-3.265406287704998078e+00
2.426597594644208655e-01
3.006799690508188405e-01
-6.992772394925328427e-02
-2.497101680778528454e+00
-1.426777605677211014e+00
-5.788324496948433762e-01
-1.194263064277956587e+00
-2.754278165454876692e+00
1.602593222715743337e+00
-1.635761628043430171e+00
1.997101917886373812e+00
-1.284051659688326907e+00
2.207086173296839426e+00
-4.305078439859357786e-01
-1.442318295581343612e+00
6.955268809116343931e-02
1.307150800830129356e+00
-1.327452993326729835e+00
-1.000296197406735033e+00
-6.809417539356328319e-01
3.074185873969813798e+00
4.201332143477598535e-01
-1.198307001077649758e+00
-1.396912229990248555e+00
6.701127616603343995e-01
-2.715400496425321109e+00
-3.602911175346461548e+00
-3.214020239931965062e+00
5.584901277992795343e-01
9.288116102349324166e-01
1.297655121994640837e+00
1.499957258698976226e+00
5.052150993841264537e-01
-8.229322870745798824e-01
-2.247796853221257773e+00
1.847013440299622999e-01
1.213176439999442024e+00
-1.811451847881783372e+00
3.359795996682235497e-01
4.698552569163101822e+00
1.021568232557034328e+00
7.559992970890867525e-01
-6.626710345938926494e-01
4.077348087714723235e+00
2.930709942475795415e-01
-1.447505461560680828e-01
4.090110518446829602e+00
-9.944699381519992443e-01
8.891474465626503232e-01
-1.631926101419844954e+00
-8.623678900526883240e-01
-2.994883589662056256e+00
3.140127713580119106e+00
-3.209205438901560292e+00
6.015237435714118064e-01
-1.121040205655111421e+00
-2.546387886198271389e-01
2.840627347433777317e+00
-3.775483768288980801e+00
4.448355718932672787e-01
3.431517116441208159e+00
-6.929545053070809146e-01
1.309382436005419592e+00
-1.015292759064160499e+00
3.084173092869537669e-01
-5.887275332228014690e-02
1.427330038107808008e-01
3.296645921525749756e+00
1.257394208892317344e+00
3.927185981590586294e-01
-1.416172290257171174e+00
-1.196179004796598111e+00
-2.564597835023913586e+00
-1.095433963118165988e+00
1.793803586253137183e+00
1.762209761907631567e+00
-1.336318573072412530e+00
8.474169367478721071e-01
4.411548330045427235e-01
-2.497301402682566618e+00
-4.727396300897905412e+00
1.080397716595731694e+00
7.713715169237076452e-01
-1.500753378948962435e-01
9.261652803115927313e-01
-3.619948902164900062e-01
-1.681013612610244845e+00
2.330003325060722830e+00
2.355876677493289328e+00
-2.366185716706351805e+00
1.388592815723038498e+00
1.593591717823548137e+00
-9.865021814725842830e-01
-1.952525984784541091e+00
8.273190588427628001e-01
-1.139767851185019332e+00
-5.743273186869313207e-02
-8.064505322961590394e-01
4.342905899575066897e-01
6.832788597550498721e-01
-1.148543728848671730e+00
-4.116257751434365453e+00
-1.150743074936388055e+00
-1.490845702378791771e+00
2.013510489733612019e+00
1.763704789319189281e+00
-2.367662065680852024e+00
2.549771370434944728e+00
6.916397592141603212e-01
3.267272176517519000e+00
5.930187435936762341e-01
1.322708606251945085e+00
1.823535190885213098e+00
1.243860661854277794e+00
2.245646380830127242e+00
2.498014525345362280e+00
1.697238518113159955e+00
-1.473627546330531501e+00
1.781256910738774124e+00
5.167525720987757865e-01
-7.621443503756157867e-01
9.474983873906541731e-01
-1.579247669328312398e+00
5.719512120525385157e-01
-1.467257663005741009e-01
-3.667576687959916981e-01
1.751768907432673217e+00
-6.630501845065666089e-01
-1.432322777493487465e+00
1.048743773749887254e-01
2.371295141744393931e-01
-1.142887044871923052e+00
-6.324959384712940391e-01
-1.668398264449123758e+00
-1.924584184840654633e+00
-7.745382305660903910e-01
-3.021488800370421668e+00
-1.568025601012272841e+00
-1.696375964926026825e-01
-1.084657398977215692e-01
2.905983154859885786e+00
-1.961776921606361412e+00
1.273027108516721739e+00
1.383172701971710161e+00
2.309361557458069925e+00
-6.071984704392452414e-01
-1.201333715971278249e+00
-2.931618808233613649e-01
9.232622322832106931e-02
8.224330301970770307e-01
8.009822589848747398e-01
-1.478263146527944549e+00
-2.393692349946916487e+00
-1.788549556226639581e+00
3.084110556067916065e+00
-4.457368743229483954e-01
-2.999174713332494413e+00
-2.478940554579769362e+00
-1.705227498609758641e+00
1.599970433867392572e-01
2.543363181027854303e+00
-3.045167086919144950e-01
1.938221538498762442e+00
-9.338377851554806597e-01
-1.481387231963930518e+00
-2.368657252929120549e+00
1.787758830181889635e+00
-1.235517837963017840e+00
3.838077971162201507e-01
-2.057806807703765450e+00
9.522041286446860653e-01
-3.873361891194550211e+00
-6.057474718912434497e-01
7.693858632422143629e-01
-2.207702693024763185e+00
1.707442975171993282e+00
-2.368597509560312453e+00
-2.327752277063475539e+00
-1.756246484780798589e+00
7.400239241817825331e-01
-7.115610611294531651e-02
1.605413037934773079e+00
2.768347753187734739e+00
-3.146417819615308531e+00
-9.420636851524593069e-01
