8.999817120594251207e-01
9.135980085549109120e-01
-5.810383494483266631e-01
1.028906425091137500e+00
-2.659207351666335040e+00
1.083157106887828292e+00
-2.600585163170356928e+00
-9.511909198355805728e-01
1.838248835480796650e+00
2.489522275545360763e+00
1.526552095321944691e-01
-1.710418034714829005e-01
-1.019153494533393101e+00
-2.298830961482074997e+00
-1.168681271818381440e+00
-6.557083468149702554e-01
-6.492125966405630777e-01
7.728707753903698574e-01
3.990283935260388049e-01
-2.313577920797724286e+00
-3.605889844893086504e-01
5.864081416268840385e-01
9.598734161449282709e-01
4.283752227170900539e-01
3.353356250006713779e-01
-3.413466832062614476e+00
1.076314749711906771e+00
-9.485668931365722756e-01
-6.533925606618700144e-01
2.141242813407151502e-01
-9.973905977131884981e-01
8.586589914501638887e-01
-9.527041069218995517e-01
-6.699535856010951917e-01
3.150699312325047075e-01
-9.517388587603115013e-01
-7.920515718217924217e-02
1.202553800182127652e+00
2.989940601900590522e+00
7.428194559337564229e-01
-8.625532941599933778e-01
-1.146973877347292170e+00
6.727361956630240059e-01
9.131779147813015030e-01
1.103800394461089240e+00
-1.815930492573761157e+00
7.815989849780526910e-01
-2.217205121507722865e+00
-6.012315052069991950e-01
5.222549480865756877e-01
-1.268085704256133539e+00
-1.487000973227980971e+00
-1.863459546649793630e+00
3.448123872659447642e-01
-7.335822561904583594e-01
-4.089862477322128598e+00
-8.518258272286329813e-01
1.872660863469088888e+00
-2.193157345654794810e-01
-3.879867178643006120e+00
-1.092323304960074459e+00
1.148266823359148425e+00
1.261841300159350254e+00
-1.949299259842061094e+00
1.273613300479032873e+00
-8.384384443315520130e-01
1.827684952810417762e+00
2.192575954239517344e+00
-1.060646902206949349e+00
-1.898530723588330194e+00
1.575303160149411852e+00
2.268999378080607698e+00
6.226682189704817461e-01
1.795723076663060525e+00
-1.456169643406498793e+00
1.715556510700220194e+00
2.838279338854464484e+00
-8.454084667140691067e-01
2.122327488722772770e+00
3.641062051111418896e-01
-1.978069932266964592e+00
-2.213225760793239960e+00
5.407510986569459277e-01
-1.624421431304961416e+00
-7.001504750017319978e-01
-1.688774884312929547e+00
8.501663752792509854e-01
-6.738886504481875761e-01
-2.173765698694483106e-01
1.809454258890559331e+00
-4.376849326408617458e+00
-1.181173484436701671e-01
7.544624049485886275e-01
-1.303829329842474127e+00
2.123368483124089323e+00
-5.253104889380644238e-01
1.693892570124999608e-01
1.519635478357026059e+00
-1.915165902632332440e+00
-1.999909998692470214e+00
2.330625092851833280e+00
-1.402952624874087562e+00
-4.887337883565798791e-01
2.854369055777766562e+00
2.452608806731717550e+00
-2.379382869922741506e+00
2.305994837403025244e+00
2.581625264273712972e+00
1.124706020618430280e+00
-1.411517830051552291e+00
-7.083714432245518111e-01
1.625423962561783675e+00
1.184427494637732892e+00
8.446888553680516054e-01
-1.608517432124199065e+00
-6.743107859359511735e-01
-1.814066910893525897e+00
-1.043513759849687084e+00
5.347560942340852108e-01
6.486754865798740610e-01
-3.218068968091479576e+00
-2.759590511268146251e+00
1.023320555763380213e+00
-2.045653187687006547e+00
1.159079870750350238e-01
-2.261198118542734115e+00
1.636523985135713843e-01
-2.225918720899305647e+00
-9.943348395932254391e-01
-1.701443800550236141e+00
-6.622380293288223641e-01
2.160415151635586284e-01
-2.738486165734759226e-01
2.051071278190779168e-01
-2.235810155303621372e-01
-5.420654501068211673e-01
-2.954990186452195466e+00
4.600080221111380041e-02
-1.612163355154578426e+00
-1.989614325456762867e+00
-2.757806155177386032e+00
-4.844123691333851234e+00
2.133583342056598831e+00
7.554385123962115145e-01
-7.249301022303198394e-01
-2.110172144126201133e-01
1.159744176726992038e+00
2.099364598649383851e+00
-3.973287152390749810e-01
-1.490225389448553983e+00
-6.860025043798625433e-01
-3.727583835964253467e+00
3.126132127592038401e+00
9.299618057902714341e-01
-1.204780616859045139e+00
2.907614190559293377e-02
6.861568882127482283e-01
-5.131049318729639097e-01
1.509159888275996231e+00
3.426240119189163380e-01
2.804115702270814303e+00
-1.745180506001580145e+00
-9.345247760372483725e-01
-3.078203115941872348e+00
2.786326583214848718e+00
2.688664110085694503e-01
-2.704170487789289812e+00
1.151715720307152857e+00
2.554883378365606639e+00
1.682997831142549749e+00
-5.257734341681334911e-01
2.031239969445977067e-01
-8.127958312407832508e-01
-4.726079276658499140e-01
3.151008171974329031e+00
6.893565679898596699e-01
-1.619124630990844693e-01
4.334584675250560792e+00
1.260433990765303491e+00
-8.307258193447273342e-01
-1.667303909272943585e+00
1.027488260980314649e+00
-2.069314887601606756e+00
-2.710343287869445561e-01
5.511767884714817711e-01
2.430478329253120684e+00
-2.216057893828139669e+00
2.537929013413675605e+00
-3.608244022334368140e-01
-1.561882728051644520e-01
-9.457835388220461326e-01
2.393339249934345325e+00
-4.687175200523014951e-01
-3.088731296995081532e+00
-2.157120641155989560e-01
-5.375951309427051683e-02
1.107746973530238321e+00
-3.622649654443195644e+00
1.152173551629100068e+00
7.761306130162921590e-01
-7.226271371288177647e-01
2.172933251176566216e+00
4.959791406076323739e-01
1.073922420532209543e+00
-1.442344596632620934e-01
1.827645928585931223e+00
-2.739653589616771079e+00
-2.595262703967939899e-01
-1.899044393458034996e+00
-1.547876275728881978e+00
-2.720472393394839372e-01
-9.530691877454087191e-01
2.741622047692002795e-01
-9.922312997276314661e-01
-1.741840325513295706e+00
-2.459177183085268226e-01
1.292501887251451542e+00
-7.297244580539210546e-01
1.652275933797673346e+00
1.927024593140760800e+00
1.731044399197585903e+00
2.033331603600547766e+00
-2.624837581132337672e+00
-1.041864182122376192e+00
1.625524217199297183e+00
-2.495986785862367441e-01
1.179524617685085985e+00
-1.113418734607340976e+00
4.016337633025957032e-01
-1.933368084392550479e+00
1.616780102291428989e+00
1.789051541949309154e+00
8.039401874034535211e-02
-2.418802372800271883e+00
2.150119191466587587e+00
2.222469773976111895e+00
-7.089929446885232522e-01
-1.088239376727926810e+00
-3.638103251362509560e+00
1.873865112752941542e-01
-3.000406557756747361e-01
-1.541564962172348174e-01
5.000000000000000000e+00
-1.159409841661326546e+00
8.554081759112364125e-01
2.298884356757334047e+00
-5.746873626778103983e-02
-1.618902301389059772e+00
-4.704872206229895326e-01
-1.335222349230811734e+00
3.604100744760982522e+00
8.361505691648822847e-01
1.124428484563752662e+00
1.197210544726768688e+00
-2.673979381985987391e+00
-2.154645516364688262e-01
1.854156865168581803e+00
-4.465128322223721469e-01
3.932811751923273036e-01
7.258134730792207279e-01
-3.973286297920912702e-01
6.231322176925235823e-01
-2.642677527961794226e-01
1.222127862376081175e+00
-1.370334240044801533e+00
-4.143027893281470142e-03
-1.863508457331635615e+00
-6.787965930230486222e-01
-4.511774205059131404e-01
1.192553512080305467e-01
-1.809417703262179433e+00
1.167572280980318844e+00
2.009415584569000934e+00
1.039646383997386181e+00
3.343051392161120461e-01
-2.571867018706992525e-01
-1.994440635058876143e+00
1.056524032954857972e+00
-3.201294172701594221e-01
2.528170080225446981e-01
-2.757025631151472922e+00
2.901159269496194071e-01
-2.256650401701003616e+00
-1.476060291014269499e+00
4.837488225277306597e-01
-1.270247393269436031e+00
-1.448207128783769448e+00
2.445877735923249752e+00
-6.152965166450830026e-02
-1.917798876727558888e+00
-6.210991081108829803e-01
-3.554256973085628601e+00
-1.651927820393286783e+00
-8.022638798242542890e-02
-4.221913725562349562e+00
3.021335871910167725e+00
3.486226626115920268e-01
9.084599375203650240e-01
-8.198966637826288206e-02
-4.775939072851675959e-01
2.329528014027371086e+00
8.180208025438080455e-01
9.751933236148389028e-01
-2.166832072986526470e-01
-2.205801827762332579e-01
1.596319203570297773e-01
-3.027457013993775092e-01
-1.324394152554627446e+00
8.052716508168540344e-01
-7.677635002077556337e-01
-4.797729311673748498e-02
-1.833064062734753197e+00
-2.155971226060922064e+00
9.794224644285183246e-01
2.235180222643382564e-01
7.729850225666821117e-01
1.605053355936916226e+00
-3.333393525748377328e+00
-1.736742317378301426e+00
1.561164600462462637e+00
5.043558347450165513e-01
9.249270600481995785e-02
3.203706323546347434e+00
2.151227659249139279e+00
-2.107384500870317368e+00
6.552868479217792697e-01
-5.396947056658012443e-01
-2.365041640748826168e-01
1.342621491592248972e+00
1.934030998116238464e+00
2.160856370841210961e+00
-9.046733523543073474e-01
4.417492473644895057e-01
2.334111205245891441e+00
-8.836608547190749618e-02
-9.745913368357506101e-02
-1.665626100507777707e-01
1.952167429043498714e-01
5.287992161952503878e-01
-2.264636681126710016e+00
-1.264155525637349342e-01
-6.178795535102530323e-01
8.207888450935554303e-01
1.471154578547457348e+00
-2.527338669682386296e-01
-8.043227280615301567e-01
2.402169298295541822e+00
1.858969785899658334e+00
1.266648344798701586e+00
5.602974635346136267e-01
-1.773850365213299973e+00
-9.366115772956424834e-01
2.522317326288581185e-01
-1.832569027101581760e+00
-1.902770883008282343e+00
-2.453327429520699710e-01
1.045391872898911778e+00
1.317425241221448218e-01
-1.737850767655328976e+00
-1.642522529693408728e-01
9.263128864595078227e-01
2.693254651844334546e-03
-3.477631004139719373e+00
3.858200241226414917e-01
-3.522868719098735113e-01
-2.945595600271628811e+00
1.281961911701440471e+00
9.246811852195495618e-01
6.784031120475351173e-01
-2.722760478835790199e+00
1.412808730960626313e+00
-1.467978902352197856e+00
-7.952864445592409126e-01
1.238902738416136629e-01
4.824694378918090720e-01
6.310099603936869528e-01
1.661285998163597455e-01
-7.066312958904932273e-01
-1.215133085481925779e+00
6.562585512807483923e-01
2.177331460246467287e+00
-7.230956752234618534e-01
5.279638993796806901e-01
-8.019675419810479156e-02
-1.883401842392996350e+00
2.582421350323840237e+00
3.203969330653855252e-01
1.694995150814682106e+00
1.520489039977447554e+00
1.198061026581072497e+00
2.177703700341602655e+00
-1.459463783975608386e+00
-1.195316708442183185e+00
2.619346120095027430e-01
-1.575029121764247364e+00
2.811320957065682080e+00
-5.947480648005418757e-01
-1.885079215393466789e+00
-2.635786551686001289e-01
3.018953860337392214e-01
-4.768855607815503106e-02
2.410234812483965428e+00
7.559833449243091863e-01
-1.636804556427822632e+00
-5.423901393117418479e-01
-7.598361522590089123e-01
-2.562164002046847244e-01
2.838633263371410642e+00
2.528264452993422395e+00
1.222875089163633078e-01
1.467133404320950518e-01
2.563969502004841416e-01
-5.038174824252328321e-01
-1.005896969043584832e+00
7.130636490087072232e-01
1.217034519652068880e+00
-1.196762132750381014e+00
-5.016683946650415393e-01
1.520839384085375556e+00
-6.867130158896710412e-01
2.574232605431721055e-01
8.286312280058698576e-01
-8.521246653564382711e-01
-1.441033399296855144e+00
-2.616530652515226762e+00
-2.436629305894932873e+00
-8.810725902306160151e-02
-9.704610015804586709e-01
-8.611292980501552563e-01
-1.229371147286937305e+00
-7.958383433616864622e-01
2.347139485935990422e+00
1.829322352599403345e+00
-1.759341604312429475e+00
-3.212851674118164524e-01
6.707515862875457202e-01
1.034854763890562523e+00
-1.141791863934438211e-01
-9.947598190115645167e-01
2.894444837667000670e+00
-1.595753162503206202e+00
-3.403470235592854998e+00
-8.403816966404864530e-01
-1.949458587424421907e-01
-3.459516792563792187e+00
1.601046889825683550e-01
2.732835073790282898e+00
-6.429330344769113026e-03
-7.108624439413384621e-01
2.981489749265122668e+00
-2.435153216769290196e+00
-4.310517944039133909e-01
1.399262813701708019e+00
1.165096556581231013e+00
2.772290075006091925e-01
1.187882842068344935e+00
-1.532367542519235570e+00
-2.007619311615591595e+00
9.143524278273069683e-01
3.552192594964713734e+00
-3.514326463352240637e+00
-1.844773057475658007e+00
3.323648578975378243e+00
-4.546531540773841584e-01
-9.569810376747556191e-01
1.063573614468492856e+00
-3.696303616696936523e+00
-6.741105177084634192e-01
1.756207434990435523e+00
-2.671579034336520220e+00
2.984842211072898266e+00
-2.128127803391264283e+00
8.434339971845083994e-01
-1.959661192428823195e+00
4.208129573823526925e-01
-2.556535876176386779e+00
5.321562206186065680e-01
2.263760559194508915e+00
-2.910294357968892687e+00
-1.541554322331289306e+00
-2.083708702612789843e+00
1.058199673464511825e+00
-2.842675864311759781e+00
1.412138000113342784e+00
1.413745181940492479e+00
6.969239178209978292e-01
1.027398519312373359e+00
-1.669750659791682690e+00
3.902393716668184354e-01
-1.493028325461729366e-01
-6.433801776580256870e-01
2.388030881516053583e+00
2.185181540237651987e+00
-2.733759507607009809e-01
1.310251235392321689e+00
5.923595767200682261e-01
8.615265193047338954e-01
1.711394382689070959e+00
-2.777474636258656648e+00
1.390307714657775584e+00
-1.873785679384490699e+00
-1.498178478215942633e+00
-1.738450700886446043e+00
-2.312295912779504192e+00
1.846250666904136750e-01
1.023306164322052680e+00
-7.377214930989790531e-01
-2.869684513376152601e+00
2.583515485503529163e-02
2.043399885856582721e+00
-2.740713051989761340e+00
1.791385774418605692e-01
1.550114498971910670e+00
