1.704919942111667197e+00
1.865793706389569095e+00
-2.167443989088093659e-01
-1.746443889775037839e+00
9.076436254464965714e-01
1.557379680446970838e-01
-1.379238334216222661e+00
1.187790636078301709e+00
-5.355916783689735894e-01
1.181416840382315314e+00
-1.191738909180892758e+00
6.909740118216873839e-01
5.096274251179702119e-01
1.086295712324840679e-01
1.127541899991912011e+00
-6.233924389012379663e-01
-3.015945363868741680e-01
-5.424558071744698395e-01
6.878509281613531812e-01
-8.277106690808810896e-02
-3.975652756343617256e-02
7.441019273738920248e-01
-6.095342007062978240e-01
2.100577653818627155e-01
1.052811745698850387e+00
-4.868055475891175377e-02
-3.905489876330756616e-01
-8.527770132256486946e-01
-3.459513159254594683e-01
-5.773820811798646702e-02
-7.849756631360591541e-01
-1.718209057469701762e+00
-1.814823416582633797e-02
-7.573361729718044444e-01
1.006785975244212317e+00
-7.216924962589423842e-01
5.878862039913590465e-01
1.101669234092913285e+00
-9.657226815330277603e-01
1.988380295203242554e-01
1.818285890707046271e+00
4.670388666365843378e-01
-8.277582369550220420e-01
3.014506276906336879e-01
5.156557306924565154e-01
2.281786765498576841e-01
-5.915534653181975244e-02
8.044535874942235765e-01
1.560576088287763952e-01
-1.147809326265608831e+00
-1.615077971646020849e+00
-3.451478125508593564e-01
9.212252826451887699e-01
-1.627077876353331121e-01
-1.548933591527381637e+00
-2.489883686039107147e-02
-4.604008647652415576e-01
-3.670072363182770303e-01
6.198653921719277093e-02
-1.362609800204790389e-01
2.799641360349969688e+00
7.395804127175864551e-02
6.933583852263138780e-01
3.078485664632157892e-01
-1.805563261712626044e-01
5.183896320466665486e-01
-8.716733899135657992e-01
-9.204194487076575726e-01
1.325421033670071580e+00
3.177096917426869283e-01
3.568804467987707341e-01
1.198016849986785815e+00
7.614290916765673600e-01
8.547801523163069959e-01
-7.212214140551980179e-01
2.857641812015909721e-01
5.258901601732288711e-01
1.342479935579714123e+00
-3.272235726898768959e-01
6.837250363240627848e-01
1.326084195494958706e+00
-4.227656688776635363e-01
5.838834175858398368e-02
-3.526319180680017595e-01
3.470524667818866149e-01
-1.407095201081291158e+00
-3.675020161470694546e-01
6.854565541814690022e-01
4.917882426934205853e-02
-5.318037617152349128e-02
1.008932198498842858e+00
-2.183380511267127400e+00
3.334079314613376255e-01
-1.108833196528574039e+00
3.864878030345941795e-01
5.037802901625365593e-02
7.779898249709438218e-01
8.617748628109804798e-01
1.153288047196943111e-01
-1.362020754020378810e+00
-8.998073437917364359e-01
-1.372911359427942291e+00
-1.483925963144109517e+00
-1.592024754789331809e-01
4.137675194234002873e-02
-5.350666839439837119e-01
7.240809227812317062e-01
8.753145118602034813e-02
2.114689008855474839e-02
-9.873871161734824042e-01
3.469390016588409509e-01
2.134769086804796601e+00
-1.921893220530105140e+00
-5.432890158624426036e-01
1.879838012421144455e-01
-2.179979485379277548e-01
3.051498856657524072e-01
-3.327642331847728840e-01
5.090231115465293499e-01
1.886358859186537451e+00
2.572255283062130360e-02
2.576359796503515653e-01
-8.642241976222297950e-02
-6.681938423499493851e-01
5.980393852514787056e-02
1.165506423249860646e+00
5.228803468841718427e-01
-1.884556167572475349e+00
1.909376095879693480e-01
-2.560810610023720457e-01
-1.904490455582150688e-01
-6.191864520641940928e-01
8.286478770442382569e-01
5.413343640195575901e-01
-1.867034890044161788e+00
7.496613419211586304e-01
-1.123844078838149851e+00
-2.017838055197730185e+00
-1.151324375526020738e+00
4.237725300876915568e-01
-2.358644525740736242e-01
8.958350237970122976e-01
1.241848845155379522e+00
1.052483525809009279e-01
6.613568353519250209e-01
-1.097949366282240824e+00
1.177575275199044036e+00
-9.777212662396852494e-01
1.213619678570737825e+00
2.334995357684324091e+00
1.299098975427975589e+00
-1.080682587605773293e+00
2.979440487288442796e-02
1.643531615501094834e+00
3.650759673164625241e-01
-3.759541397689787345e-01
-3.941790857097746681e-01
-7.470738442238209487e-01
2.258719088541720765e-01
4.766619400903229220e-01
1.406011175000063673e-01
-2.733486523974306692e-01
-9.903146984475199588e-01
6.507781228400482121e-01
1.301064206959927638e+00
-1.603004473138354591e+00
-4.748815538871884456e-01
1.312726844938810089e+00
-9.137993985301644528e-01
-4.341835078246703006e-03
1.347908791160250530e+00
-5.904123040673550094e-01
-6.554413531665250758e-01
-4.085758785400930293e-01
7.814060508809923533e-01
1.977250571554138858e+00
6.444778007875671122e-01
-5.614896277815848435e-01
6.567399725395475230e-01
6.991216195138143519e-01
-7.359657227941669433e-01
3.069274532596981686e-01
7.840299934116190528e-01
-1.911454702682036100e-01
-1.470480450644329196e+00
-7.193812451013501530e-01
2.886845459338260866e-01
-1.813419100138347062e-02
-3.940945758318026293e-02
-1.197028946354338874e+00
1.379239948960897522e-01
-2.940214900661413111e-01
2.965211735763242373e-01
-1.254734354611199532e+00
8.084643538596836265e-02
-3.661135525880903074e-01
1.859560626928702831e+00
-1.367693464918795065e+00
1.248250641056527499e-01
-4.764621649302984707e-01
-9.234888893855313086e-01
4.924070284185164681e-01
-4.162798913433398695e-01
1.015155247865028088e+00
-1.127367435881576618e+00
2.239575800591033783e-01
4.690458263767567360e-01
-3.419564350719568324e-01
3.451269400448193636e-01
4.328164403175804864e-02
-6.599418058335313475e-01
-1.195376419843849902e-01
-4.807441979426450018e-01
1.146746685537891608e-01
-5.126249999671204094e-01
-1.289011522320788750e+00
4.974596830103275025e-01
-1.039395161561679437e+00
4.435270163401074939e-01
1.653167024904432125e+00
-1.219397861750789680e+00
-8.717456735973430071e-01
-1.255759874977338431e+00
1.506893887033262658e+00
1.208229836992441797e+00
-1.141287053974342491e+00
6.203845056281762638e-01
-3.293913602825560005e-01
1.512687510564061810e+00
-5.789186424000751785e-01
1.896071222691593228e+00
1.809616246090024916e+00
6.304103224464121524e-01
-1.688643455948584560e+00
-5.112511214746167099e-01
6.800748665523688175e-01
-5.036922142584163709e-01
-8.853054472003147879e-01
3.440574274619336848e-01
8.278891846437339552e-01
4.296853460993226292e-01
-6.664456323068224108e-01
9.596762000714686991e-01
-1.043562584783082503e+00
1.407031489222003273e+00
-3.794504685530757371e-01
-8.114885398538538297e-01
6.023101056404094322e-01
-4.486298279609091111e-02
4.924411490563409544e-01
4.731500133188664137e-01
5.693527683772892090e-01
-2.625284608580287227e-01
-5.320628002451348593e-01
-1.901287336640836934e+00
7.719421869869513841e-02
6.688371087953033367e-01
2.629194571406419101e-01
-2.126891616091999282e-01
-6.325215760511397889e-01
-2.680708131220059798e-01
8.317929203613161349e-02
-2.729021165519434078e-01
3.063808834512347090e-01
-1.117340364835106570e+00
9.605770330881853170e-01
1.381349842020860308e+00
1.614060369644501947e+00
-5.431407494367537225e-01
6.244384419368635974e-01
-2.265509617187966285e-01
-1.305350836331537145e+00
-2.385772497340514775e-01
4.247221803446699084e-01
1.456943352641371092e-02
3.505610251915491915e-01
5.556969810190199865e-01
1.180843535301575820e+00
-6.764902549973026424e-01
1.748671736672058330e-02
1.686840711061767806e-01
1.348813699069102867e+00
-1.086953461997632875e+00
2.433874278967547156e-01
-1.184347687567734564e+00
-9.765256689435837245e-01
-2.183108281369086079e+00
5.666551144214571067e-01
-4.243108053767672416e-01
4.541680355008024250e-01
-6.314375859149743420e-01
1.378976453146343317e+00
8.905933198804136808e-01
-1.059553237322657715e+00
1.183782818764930411e+00
1.057497470885090607e+00
9.034647876889225770e-01
4.784648828776916218e-01
8.178394308513814437e-01
-8.334289778687908878e-01
-1.385190961066600224e-01
1.116255688420499936e-01
-2.590376014466704291e-01
1.355596678811652467e-01
1.050532588546133184e+00
-6.834271852606574882e-01
-1.944389092806320107e-01
-5.833019098475986652e-01
2.146110529558882263e-01
-1.699778044623343476e-01
-1.013197593554069798e+00
1.156231127564470995e-01
6.127691908368069207e-01
1.280169341636945290e+00
-1.114735103345430467e+00
1.975449286437783059e+00
1.140034664252270957e+00
-1.153424427065886881e+00
-9.444664193062193291e-01
-1.031783050636692955e+00
2.155710163041257843e-01
-8.332670200580150066e-01
-3.820638783624454859e-01
-3.926607177025109863e-01
1.204272159850945378e+00
-1.792178744111758704e+00
-2.723684378317123844e-01
8.461739942978390161e-01
2.101756888852683858e-01
-1.083124563523236716e-01
-2.849440787642798512e-01
-2.481533727851701343e-01
7.438471928826437818e-01
1.019322562753952610e-01
1.824309757540417465e+00
1.618089682563224940e+00
1.905126273884896193e-01
1.594853732110621536e+00
-2.059167378165192019e-01
-9.269084134024314636e-01
-6.778355956253898640e-01
2.603513458394601798e-01
-5.477183560790166439e-01
2.044188486849396469e-01
1.930502367279540721e-01
3.972934912034258303e-01
3.175422339519791137e-01
7.553394446175962784e-01
8.564727318774236764e-01
3.498666715835740959e-01
-1.339188043715697773e-01
6.320354407706609834e-01
-4.108832169001468415e-01
3.877020465507925451e-01
-2.656741063825052152e-01
6.726086508289794708e-01
-2.564635336468494842e-01
-1.552271366979293354e+00
1.128935004074092419e+00
-4.052926331910366997e-02
1.071233362050298510e+00
8.296495180825687044e-01
-1.198561608504148168e+00
-1.127049157212001163e+00
1.835716403707721156e-02
1.955607628763260664e-01
-3.872013575035557764e-01
-1.673441799131780261e+00
-7.766806025753254517e-01
1.570232602314289849e-01
-2.156782949972226859e-01
-1.236714965465379734e+00
-6.729473436350943416e-01
1.573356438537782509e+00
6.545705145967701810e-01
5.496489809691134099e-01
1.292071617338299561e+00
2.168410242525542486e-01
1.311711448781061051e+00
-4.797468325248548382e-01
-4.669631863078720357e-01
-6.463404905599610117e-01
3.199698228870007100e-01
1.349790363789892922e+00
6.401560467740310401e-01
2.361795184443062467e+00
2.221330125009544076e-01
-9.102355423383121646e-01
-1.420877934903757911e+00
-1.118457698795206845e+00
-1.125476368244318515e+00
-6.299739833550521695e-01
-6.059058370718641839e-01
8.775163810452841773e-01
1.351760871636265016e+00
8.213732000794493615e-01
2.490738657236892806e-01
1.004113527893302660e+00
8.012412945005760179e-01
-1.630527277249417040e+00
-7.297013047313907208e-01
2.003377857980213506e+00
1.330187565656010484e+00
1.605540532205047555e-01
2.980044502739147561e-01
-4.127769927522413340e-01
-8.202936834894654083e-01
1.438346969893554927e+00
1.298090660069773250e+00
3.090144232497014087e-01
-5.284510685035712640e-01
1.086190535170987737e+00
-9.022610338410155251e-01
-1.128638684261989322e+00
1.049916532451728557e+00
-5.241529448698782900e-01
1.187114547377828622e+00
3.614793927090884651e-01
-1.000428185005917570e+00
7.223833747871797328e-01
-2.353658185736504649e-01
-1.139096094303186923e+00
2.520734714389803344e+00
-1.219826175438051941e+00
-3.776226704193570427e-01
-6.397587704837972566e-01
7.435695926902097241e-01
-1.095970691749403869e-02
-1.038081747829121326e+00
-9.029194956148955953e-01
-8.736481848285748697e-02
-8.193287630740009320e-03
2.940620731308909441e-01
-2.513778251480944803e-01
-7.388248186450683264e-01
5.616318917177975933e-01
1.726462840694410694e+00
-1.537953524382604797e-01
-9.152982366300221884e-01
9.650843323452118483e-01
1.295712256709213861e-01
-3.734123417031023351e-01
-1.263043653179881431e+00
1.055094284777380764e+00
-1.427289914907760249e+00
-5.385612363434670868e-01
-8.535194986050234078e-01
-3.956932064301215135e-01
8.670937452794724720e-02
1.483330136361340479e-01
-1.350425839185100951e+00
-8.445107407800529487e-01
-4.352884874407356719e-01
1.084433819072633476e+00
-2.837087720123054879e-01
-6.370917352004301648e-01
-8.461961668603104059e-01
7.014496545810002814e-01
-2.502957155064340355e-01
-9.331485294390589047e-01
-2.391893187665097287e-01
7.873718613204800931e-01
1.067432722268892853e+00
-1.512271401010271799e+00
-4.174291839010297878e-01
5.623488731644616934e-01
1.079319068510243618e+00
-1.697468240470596967e+00
1.347870452088377746e+00
-1.963153604807381214e+00
-7.837582681133064000e-01
-3.609673436374079003e-01
-7.226019767210782874e-01
1.066998240951123833e+00
-5.302423829491997864e-01
3.214052686736748043e-01
1.899761817043819079e+00
5.749482109726749002e-01
-3.905380506794760009e-01
3.488441800667816395e-01
-1.426143664920185739e+00
1.544859763824941723e-01
1.035495704871215672e+00
-4.375723368997244123e-01
1.163565521085373256e+00
-8.081540456472158240e-02
3.636294958956760581e-01
-5.532782235208149046e-01
-2.680844796951173947e-01
6.315709913132536713e-01
1.523249376679494560e+00
5.862206340777085245e-01
5.414254481887716963e-01
-2.465766454176341327e-01
-1.496768416749332253e+00
6.881276870649308819e-01
5.441922584526022177e-01
-1.557436258082134373e-03
3.098666150213622572e-01
-9.271759444088765179e-01
8.372895996999565327e-01
5.779327845442727707e-01
8.517686846807857037e-01
-6.882086037654371324e-01
-5.145141004764894888e-01
1.399515382825860854e+00
5.796698935863888735e-01
1.485377601011393267e+00
1.005342695481035165e+00
8.818525555565592811e-02
-2.234799124725110886e-01
-1.036890869937794335e-01
7.054247548616485730e-01
