2.685290896850007769e+00
1.018765570944375476e+00
-5.258866390430174675e-01
-1.014246597147823170e+00
8.813609713018841774e-01
5.135388679787533661e-01
-1.124902103280316368e-01
3.524062960057205984e-01
9.674894722977924744e-01
2.195665984069178123e+00
-1.712796437520830217e+00
-2.043687873530899424e-01
1.057768127763831778e+00
-5.100137384374372473e-01
-1.966266437215757890e-02
-5.140816399983201279e-01
-1.510498629644003721e+00
-1.127760220933720081e+00
8.706184958384657335e-01
-9.260626020131033087e-01
-4.749427236668282148e-01
3.986817581026560475e-01
-6.387720487864259056e-01
1.008864826936685333e+00
-1.929633954976512911e-01
-2.021198444306688380e+00
9.757517739456433858e-01
-1.196439255888516850e+00
-3.941820133949827110e-01
2.723114168255715839e-01
-1.550120278946049535e+00
-6.904477396662320743e-01
-7.348319377776135752e-03
-3.084482361310438847e-01
1.105677599430768154e+00
-1.885856851609095663e+00
1.701022731671919530e-02
1.143071861065138251e+00
3.086945569518384502e-01
-8.035899333938090194e-02
-1.487828039601337693e-01
-3.951277257229826034e-01
-7.397682267183265381e-01
1.056315638541676094e+00
1.514463384051538242e+00
-2.250856059217252181e-01
-3.457649362466721499e-01
-9.089176367461586636e-01
-2.949746659076488697e-01
-1.178396241635218722e+00
-5.759648610957484038e-01
-4.930061431974408492e-02
-7.872618090301397586e-02
8.353689844659584196e-01
-7.512801227188692366e-02
-1.082029019089332245e+00
-4.358058609211692414e-01
-1.546932010921082679e-01
-1.219387808048576716e+00
-1.612349249590547373e+00
1.290769126541555067e+00
1.163692486200177179e+00
5.302827007984758367e-01
4.669816665429262770e-01
-8.744854793475198562e-03
-5.211121432915142293e-01
1.386166450994319455e+00
-8.280209326944580894e-01
1.122626610612938336e+00
-8.871382566098207079e-01
3.959269489763777017e-01
1.695657153224322755e+00
-1.424510934790435002e-01
2.110457287819375694e+00
-3.493776978956093515e-01
9.857530616558864978e-01
2.203831423677136137e+00
1.394750861397778152e+00
7.129963741613787320e-01
-4.462954573023871774e-01
-1.338142362467765079e+00
-9.559784553909738136e-01
-1.673219608696701055e+00
-1.993100217410427533e+00
-1.019030508615265784e+00
-1.087745712845292978e+00
1.004665629622158995e+00
2.933255926326889806e-01
-2.233910749831498066e-01
3.259138363842284392e-01
-1.011600340285377264e+00
-1.653466290391739868e+00
-1.074276512134353379e+00
-1.267702029051882562e-01
9.998107469578201290e-01
6.048015270870816806e-01
2.020094322046741553e-01
5.633655186270392079e-01
3.633164349319750741e-01
-5.791441012822673429e-02
1.155262057023889177e+00
-1.651280811310896102e+00
-4.082199892553965981e-01
1.363777509097454654e-01
1.048120491520724507e+00
-5.089468439217110785e-01
1.240129205839783921e+00
-4.829145964335292973e-01
-7.293700772088351769e-01
-9.365117041473958182e-02
2.692686701788495895e-01
1.366491532958251653e+00
-5.325571167119411697e-01
6.865182952280957096e-01
3.925598957507876463e-01
5.006220511972125919e-01
-1.170160444478811623e+00
-5.353939194271424284e-01
-6.200350178511726540e-03
1.666414178260335888e+00
-2.581768426473752598e+00
-1.336987747000447868e+00
-5.428088704666222952e-02
-1.733378504475278081e+00
-6.576701346035900286e-01
6.281761595674133503e-01
-9.480242389173945128e-01
-1.766246554572599159e+00
1.553048610292151466e-03
-2.744637395078850517e-01
-5.502426312389729901e-03
-1.335506426083032938e+00
1.808303282188550298e-01
5.867631229564373996e-02
-1.611354691207458334e+00
-3.681598353956738734e-01
-1.008293267836530838e+00
-1.842728107313189589e+00
-9.045918679343394331e-01
-6.797974000116013826e-01
-1.157548857410351406e+00
-1.340083139071132745e+00
1.577728415795713879e+00
1.677586795051499990e-01
2.093313929905615822e-01
-4.847915199681436249e-01
2.265945235949566872e+00
-1.745455120766497004e-01
2.291606128689771538e-02
1.049753648403149775e+00
3.495384270589578790e-01
-8.558655965080621542e-01
1.481925530264332380e+00
3.349326556113227937e-01
1.971702576940064233e-01
-3.112313623555156283e-01
1.232451830111438440e-01
9.355416030792218507e-01
-3.730579038904879852e-01
-3.285549192562484677e-01
8.274841147589047097e-01
-1.096127257237748953e+00
-1.448932740439684785e+00
-1.435367893542142781e+00
7.549226854926924801e-01
-1.726952430248012149e-01
-1.467905352610840097e+00
6.168645286296028374e-01
5.815535439358932024e-02
9.569814965336842505e-02
8.475529880051091425e-02
1.168826630933928357e+00
3.986054701922769894e-01
-9.268430515309304951e-01
3.231233323182349793e-01
1.801546197164940466e+00
2.171745714261295035e+00
1.537757363045937353e+00
9.098651341512180579e-01
-9.464103242196442167e-01
-3.482712413560902220e-01
1.526051338152312198e+00
4.651589329370064974e-02
5.517277500630868303e-01
-1.382718380720715956e+00
1.629261115078177724e+00
-7.180909598705200736e-01
3.492549694735487265e-01
5.347452223690165596e-01
-3.436199123244687570e-02
-5.888742012709151652e-01
2.449810816113373590e-01
-1.786386854571535565e-01
-1.714724137457531938e+00
-1.258260137542436041e+00
6.321724984403775949e-02
3.640952601685292223e-01
-1.884524693249676641e+00
-1.102321220144739655e-01
-1.145998131814354171e+00
-8.779573043593122961e-01
7.575880442433042816e-01
2.195752333162994674e-01
1.190310446612245165e+00
-3.737467851172233679e-01
1.639399416387163910e+00
1.808783241704947642e-02
-4.722871460266304666e-01
-2.041045172020234943e-01
-1.071187537523830002e-01
7.323792773918444965e-01
-9.420806841046882596e-01
7.885336365679584958e-02
-1.399345527108061926e+00
-1.806316828300880140e+00
-1.257297370521136770e+00
5.273513466015353757e-01
-7.004625554187295933e-01
1.260045075195712627e+00
1.423746200071734691e+00
-3.962045733999044472e-01
-6.041197865415774970e-01
-1.427515419514422845e+00
8.186489347860534949e-01
1.555988127460512516e+00
-1.307079502268591042e-01
-2.919167903855059976e-01
-1.311541633171166232e+00
3.144310450122009826e-01
-1.872806377588813742e+00
8.158135341141692365e-01
1.370221495956419844e+00
1.183323731221471498e+00
-5.790954986945182625e-01
1.475810433864547022e+00
5.146485383791521429e-01
-9.513681133030829074e-01
7.154606545947572727e-03
-1.048983817730705148e+00
2.210634554827262122e-02
-2.176301090384011871e-01
-8.835840493816080610e-01
1.170351858250410437e+00
-1.256791989402334941e+00
9.895812799310288455e-01
6.265404922534827392e-01
-6.532219439921194137e-01
-1.400106014466291349e+00
9.961730863499376198e-01
-1.461558398776103829e+00
5.639328158471084151e-01
1.423045724285065816e-01
1.158365002445572500e+00
9.194515677432590905e-01
-1.650797381696942345e+00
-1.065846809096390402e+00
1.120980550795497521e+00
-1.566024352675848164e+00
8.803715534836706880e-01
-7.660013637887796989e-01
7.637465628955197872e-02
9.553361504310675656e-01
1.094443154696787879e+00
-2.190615313197472602e-01
1.184021018170793305e+00
-2.993505886955638573e-02
7.527170248472039304e-01
1.404067741828995963e-03
3.068432588829281826e-01
-7.297527551891400677e-01
-3.062183659547388359e-01
-8.152699087201513706e-01
7.868265152638223014e-01
7.453503355693280596e-01
-9.354306832061212162e-01
1.202016496689414460e+00
1.460354404521151395e-01
5.295054614272434179e-01
5.341868342806179726e-01
1.665788397085278483e+00
-2.810360415363764020e-01
1.379053246681617217e+00
-1.179561463118949050e+00
-9.303277474339992636e-01
-1.058387282632730297e+00
1.196603947191823281e-01
-1.344337031317876630e+00
-7.578242305124849310e-02
-1.914921559515284422e+00
-7.792022429940441697e-01
9.140386179806281319e-01
-5.720876841212625408e-01
7.306690806828957108e-01
-1.939808400220803808e+00
-5.041352119259512321e-01
1.556078515170068677e+00
6.486986717860867557e-01
1.084941599546854540e+00
1.196879374011583508e-02
-2.331146440963387523e+00
1.168210768496589225e+00
-5.691253377063691943e-01
-7.634425681058765178e-03
-1.071056690553688906e+00
4.478712324612548201e-01
3.156034230576407751e-01
-1.870374216252467470e+00
1.303153311910589807e-01
-4.889461663496899035e-01
-1.774927187707060483e-01
-1.073071846763440806e+00
-9.890772844736375191e-01
-5.849529364911081331e-01
1.405086729570617088e+00
-1.696195873700307111e+00
7.015883419950057487e-01
2.070231719314655550e+00
-1.280220709893891140e+00
-6.982016689049173053e-01
-2.667124535648559558e-01
-7.173994822317748543e-01
9.723304132554480006e-01
1.402915377821203791e+00
-1.904070954131569238e-01
2.601344950028821046e-01
-4.828351029305189002e-01
-1.419131891095196885e+00
1.222591840025275545e-01
-5.859668666398176740e-01
6.003343427811493882e-01
2.926282579609154055e-01
-7.339484228450663394e-01
3.277622853017847504e-01
1.516691860038832829e+00
-2.675974625810244589e-01
7.720779193348512592e-01
-2.210941948917302113e-01
1.061908046519751458e+00
9.854774549712974618e-02
-8.659135286477006588e-01
-4.140215048819229082e-02
-6.651759640766918835e-01
-2.600195454793041705e-02
2.605027851839372133e-01
-1.305796346401382646e+00
-1.383441863777566283e+00
1.484724898776442537e+00
1.778782453213480608e+00
1.201815483966878872e+00
1.181430077481641305e+00
-6.446222311215352718e-01
-5.227817554205431705e-01
5.012171663438236280e-01
2.018616735052152222e-01
-7.220920521165252737e-01
-1.798889551954889754e-01
-5.528945181639191020e-01
-1.462922449389238988e+00
-8.895255680718516800e-02
-6.529312934329603024e-01
1.521483797890512690e+00
6.713024719073530377e-01
-2.875901796655204734e+00
4.543834222758080799e-01
-2.545481781592835446e-01
-9.041625170054690130e-01
-5.789379184945158130e-01
-1.718131950352415060e-01
3.799743432185032077e-01
-2.576136041082097705e-01
-1.222079557749519374e+00
5.002804656502046754e-02
-1.174183121821123610e+00
1.141886066926032228e-01
1.611961304287662600e+00
-5.198003993283188962e-01
-3.365487839708594109e-01
-9.393670377330867183e-01
-4.271318302733906336e-02
-1.454380398419515608e+00
9.001661886944321012e-01
-5.397573259589982797e-01
7.755440400683522029e-01
4.716282942849501225e-01
4.098883575930436507e-01
3.098739555817429547e+00
-1.833190453379298646e-01
1.528172506570557587e-01
-3.009346265110126595e-01
-3.557143518485768041e-01
-6.929828483039450759e-01
-1.818109592032246535e+00
-1.831147688474104029e-01
1.480651797226685495e+00
2.046258145129922212e-01
2.102261186275843130e+00
-1.124913888028267639e+00
8.417051832428876779e-01
1.003119613877596628e+00
-1.738875750382299579e+00
-8.505496194035266910e-02
2.049209843131743369e+00
1.293264979556488115e+00
-3.238183417134639086e-01
-2.760005463431891570e-02
-1.967523617936484115e-01
-5.442773895478953960e-01
9.997193874415764014e-01
9.668383684580570403e-01
2.204243999850840297e+00
9.102453024326777609e-01
1.972561987397477345e+00
1.644247924741906175e-01
-2.329405734390279648e-01
1.543224547309428374e+00
3.141251697952291977e-01
6.733134411086716398e-01
3.659055540315678812e-01
-2.861580981329279183e-01
2.341261654215962551e-01
1.185334203285145271e+00
-5.492491977871090114e-01
3.813317683448333995e-01
-1.117791900713447362e+00
1.133466895788011186e-01
-5.821251814609196273e-01
-1.227195612747818743e+00
-2.723062092028865067e-01
-8.682604011568288982e-01
-1.310871444252486473e+00
5.522610264161675886e-01
9.814112781749599890e-01
3.709923538646320296e-01
-8.206496879348090800e-01
1.753774059708490540e-01
2.996599502182029084e-01
2.307372586193707775e+00
-3.255458292097044293e-01
-8.428455344576093466e-01
2.164305041582716527e+00
6.876171110232469630e-01
-3.168388107442314805e-01
-2.300104689558182258e-01
8.207001625998699978e-01
-1.218087702264156746e+00
-2.715876790114784001e-01
6.486978615171725693e-01
2.513159863942089345e-01
-5.021528985017829072e-01
7.264706465121486545e-01
-2.235280926324620498e+00
-1.498510054077071274e-01
1.214064027037611737e+00
8.824879001272165624e-01
1.036031472427106692e+00
-3.064596757403492688e-02
-1.455565328964061322e+00
-6.396600896702686612e-02
5.221891034172614354e-01
-6.128157811751151485e-01
-8.168988441917042209e-01
-4.235397552698039192e-01
6.114261880166749208e-01
-6.131650147839913245e-01
-2.421434271641578206e-01
4.352732800118932488e-01
-7.200312269265154441e-01
-1.135207570581608927e+00
3.873926489432655274e-01
-1.990996221510372699e+00
6.858469259149480024e-02
3.820398637665451957e-01
-7.502513205846970124e-01
2.381510224896636885e-01
3.532990555892041584e-01
2.724193838585247107e-01
5.395162748242547934e-01
4.164147838553056147e-02
-2.053796869368564426e+00
-6.082078472710499284e-01
-2.649998991213569521e+00
7.329011025087508457e-01
8.039663757913473319e-02
-8.544967868014694545e-01
-2.013323908616797553e-01
4.339633711523127602e-02
3.111670232720058493e-01
-3.385058134618370573e-01
1.248856674679430512e-01
-1.068312896446706795e+00
-2.033095132990530018e-01
4.972954003440595017e-01
1.275228991893282426e-01
-6.784180311130079133e-01
2.267961635239483797e-01
1.394790617818415512e+00
2.058769361938739273e+00
-4.042904044783233175e-01
-5.301370939270011462e-01
-7.443331395845911302e-01
-9.969102630788571062e-01
3.031760528793947529e-01
4.022116180505195260e-01
-6.906664615837279086e-01
-1.364775770097011343e+00
3.428128072159104534e-01
-2.397386759834052583e-01
5.355145571475405930e-01
-1.197136641061580242e+00
1.998644942139566894e-01
-1.563928356974098932e+00
6.740773205789825084e-01
1.344312869114528297e+00
