2.331685204379372323e+00
7.051404933413660814e-01
-3.736603160124003509e-01
3.249278164029423266e-02
2.332035750960244513e+00
-4.951356283263796954e-01
1.738336156462545468e+00
-1.394237396263617423e+00
1.279768999275233909e+00
2.922776695769329969e+00
-2.036911011288370155e+00
-7.733856387609190364e-01
7.178999357745450283e-01
-1.429205901126515244e+00
-5.393853024699133414e-01
9.929162122955581538e-03
-2.360278818529761846e+00
-1.564517672420215888e-01
6.985536182358176305e-01
-3.667497628581601887e-01
-1.384050143340802563e+00
-6.775401905127562685e-01
-1.893762519374730946e+00
2.103940486916941133e+00
2.880784666559907947e-01
-1.613712441687678911e+00
8.757370728168920593e-01
-9.411693529210829468e-01
1.420475428104694515e+00
2.826437863198856704e+00
-2.302939176529449128e+00
3.819196944124216841e-01
3.373821797445604176e-01
4.253022830678343524e-01
1.217368159502109748e+00
-2.773948871741471756e+00
5.329073634602954357e-01
5.515898735946578313e-02
-1.431094730250613623e+00
-7.866064115622979358e-01
-1.816112895848931430e+00
5.632819879874340074e-01
3.177354665573872694e-01
1.643566471305664578e+00
2.976093976076743530e-01
-3.340004951095103536e-01
-3.091556733476963359e-02
-1.269279083014965614e+00
1.127283950458528139e+00
-2.100069852510174861e+00
1.683960031350492770e+00
2.246759032540019518e+00
-1.288439312706426421e-01
3.705753309682124907e+00
8.315367416679801948e-01
-2.481781529755267002e-02
9.250688155321293848e-01
-2.585932556876935351e-01
-2.872561644066645492e+00
-9.022834514563129460e-01
1.667012521865384400e+00
3.066987002551472941e+00
-1.329936254922905459e+00
1.363659780826234957e+00
-2.279151666571372914e-01
1.452715001574951259e-01
3.143511115140345424e+00
3.366566967694240020e-01
2.554197772721121140e+00
-2.973161998320854593e-01
-5.043811450668931329e-01
1.204542654978911997e+00
-2.820209729925080566e-01
1.772163882840964710e+00
-2.904619429951793563e-01
3.354368685463438027e-01
1.945213140009567354e+00
2.126261676158083702e+00
-1.346072058356204693e-01
-7.644765016877990149e-01
-3.163251266351368329e+00
2.921323282706769220e-01
-3.388466491264505720e+00
-1.466427927799164088e+00
-2.344437781468799997e-01
-1.244525968191434462e+00
1.923645482875614654e+00
-5.077926291330028263e-01
6.959347940163240764e-02
6.634489834055212754e-02
-1.243862158221731740e+00
-1.001963733777099463e+00
-3.034239344062215071e+00
2.526178831188817142e+00
1.097251136655610360e+00
2.198264348899461318e+00
-6.764506683640147955e-01
-5.999873186672193270e-01
7.509990839203783963e-01
1.446831848290976552e+00
2.118598754432927223e+00
-7.435356489328528440e-01
-8.192499174834573239e-01
-2.937127591201900145e-01
-1.468724133730956893e+00
1.243036431815760068e+00
-1.958582780417810199e-01
-7.458443053985028826e-01
-1.935911157853495990e+00
2.114184079262440008e-01
1.086144217530035760e+00
-2.739283789054720586e-01
6.218194827159004845e-01
3.326663757109793451e-01
1.588709317089172401e+00
-5.576828270083122874e-02
-2.158693849471148951e+00
-2.063212127248128080e+00
-1.196422333503540436e+00
1.618712452936632573e+00
-4.490065043362173824e+00
-5.043035231339221269e-01
-9.791445632681217148e-02
-2.490893663299524885e+00
-1.875600896259208561e+00
3.139219455553039495e+00
-1.545722757230059141e+00
2.886945726642071719e-01
-6.105743234329494840e-01
8.690217530705979243e-03
8.247094321593984034e-02
-6.324577969727895876e-01
1.044737763820573484e+00
-1.380355899023166799e-01
-1.428332918939724916e+00
1.340004579733538037e-01
-2.195624770805704173e-02
-1.998420920258366262e+00
8.288432014976043760e-01
-9.154117095422602546e-01
1.476683188210126119e-01
-7.371988747472144610e-01
1.871217648584685200e+00
-2.193673834393097266e-01
-1.480781247691984603e-01
7.933124084628628836e-01
3.495405471798594732e+00
-8.662172764288182947e-01
-1.257977153400723580e+00
1.477261196826140655e+00
-1.180489625462763037e+00
9.245979777209489825e-01
1.407326462179141480e+00
-5.672350062663342740e-01
8.966882094648473966e-01
-1.159782868973872283e+00
2.980545937784695454e-01
2.569015051546488237e-01
-1.622985565504649230e+00
-1.677100999987726215e+00
-4.805323696385430665e-01
-8.016314376572548639e-01
-1.731070686182825114e+00
-2.602732071196877772e+00
-1.027044818477409471e+00
-5.231453409735999927e-01
-1.239825406765944216e+00
-2.355857245678851797e-01
-2.861409073358665012e-01
-1.562053397572723767e+00
-1.612919410677731147e+00
3.036975476020487008e+00
1.146608772773910268e+00
-1.196362477256780465e-01
-1.654722328739353099e+00
3.352647595692159754e+00
3.085277619591483500e+00
2.051074810377038204e+00
1.966226633867583118e+00
-1.024937057373973559e+00
2.410901720523401792e-01
1.614822883146592503e+00
5.272814775091632100e-01
1.102531091977356326e+00
-6.485219826743380267e-01
4.147420902402000564e+00
9.221804494649514794e-01
-1.428448867795628630e-01
-1.922982732609916923e-01
1.745202499916099548e+00
-1.648013210364556613e+00
-1.228887117503125737e+00
-1.830702897025003217e+00
-2.751424547489334849e+00
-2.526614884881595025e+00
1.121795137594984837e+00
-2.016639104270717020e+00
-6.866836811291454623e-01
-5.184490418920510990e-01
-3.554077327249649976e+00
-8.036074215372899232e-01
-4.331960959234990582e-01
9.202269765353046083e-01
2.941971454185987156e+00
1.804307987509073286e+00
2.521228291023128953e+00
-8.735385527418024765e-01
-2.550874554718092213e-01
1.055303368232481276e+00
3.739547297808263338e-01
6.471649763855484849e-01
-2.167123477692305400e+00
-9.266771066414456470e-01
-1.388614993515304707e+00
-2.688208564803673095e+00
-4.555300923513803113e-01
2.636774816125857512e-01
5.758310905365728871e-01
2.393540171369135550e+00
2.354918612316905246e+00
-1.148280594243338282e+00
-2.312670202555056065e-01
-7.857560354540531478e-01
-2.990044897095440746e-01
-6.382065432682892947e-02
-1.469375399420158601e-02
-1.191202760413831996e+00
-2.784490757076194534e+00
1.326477320161833617e+00
-2.569419893048790371e+00
-9.576428211522181044e-02
-9.392425830071911008e-01
1.363568867727815714e+00
5.428380360658460191e-01
2.283774239877624623e+00
9.446696794322555490e-01
-1.529053675878132346e+00
8.082828032721494083e-01
-1.145011388474286296e+00
-6.319472297552595208e-01
-7.063113819570041585e-01
9.930300050557194780e-01
1.205143642157686656e-01
-1.759383732823134316e+00
3.610438966527551585e-01
1.294998836017193788e+00
-6.665521754436740665e-01
-3.427270154197884722e+00
3.747977464602719522e+00
-3.865007987121220623e+00
-1.943361951526015208e+00
-2.386617528902472252e+00
9.489191940062760011e-01
1.433835418919664484e+00
-5.957504428128235219e-02
-2.174434072402446461e+00
1.441759764073805350e+00
-3.695976766417023107e+00
1.314286191515368074e+00
-9.438613482386850606e-01
-1.434371316770652882e-01
2.814900331132912825e+00
4.208816272688284954e-01
-1.387553342881695517e+00
4.176578635889438118e+00
-6.930788875706177521e-01
2.000680631804652165e+00
-1.481008097567015014e+00
1.088736637200682367e+00
-2.400242052758009059e+00
4.864410130314116287e-01
-4.230588756066140377e-01
7.790611902372113207e-01
1.980507467443208824e+00
2.336457454073652684e-01
1.022180439432514021e+00
2.575022884115265143e+00
-7.421843649710844204e-01
8.947813105479447415e-01
2.019785796637897590e+00
-1.202244170149491254e-01
2.688929914123468379e+00
3.879630316907700660e-01
-1.782987244848002195e+00
-9.999738767264005901e-01
5.684323397435342429e-02
3.385866537294424106e-01
-1.473784072401487233e+00
-1.733222378708616507e+00
1.968241442717655332e-01
2.953970759502572818e+00
-1.641324513899334647e+00
1.487641067499076541e+00
-2.501361305135047619e+00
2.597292617132351822e-01
1.168315033740316977e+00
-2.447615049618798722e-01
-1.950547707400334119e-01
6.522656061848337572e-01
-3.394843996847100698e+00
-6.835928607328387585e-01
-6.094473803788167388e-01
4.377016666654185428e-01
-3.363274362743338131e+00
1.405617505459256122e+00
1.065421829044604252e+00
-1.760936432574049526e+00
-1.059359024176598663e+00
-2.215001787021786406e+00
-2.190550852916040014e-01
-3.025634307724647254e+00
-1.096612847514750744e+00
-9.457951627605778455e-01
-7.441716443119981150e-01
-2.859373611049372599e+00
-4.396271962446087755e-01
2.464218068024205621e+00
1.671679440878480527e+00
1.248360857006328928e+00
-1.549278161551337352e+00
-1.696130409079259493e-01
2.519968886489682092e+00
2.412461196711146449e+00
-1.528780796892003746e+00
6.686205759120555925e-01
-7.157261195751569716e-01
-2.479888659428714615e+00
-4.069362464172279203e-01
-2.004544038490228886e+00
-1.441592383948150591e+00
1.610159550825782659e+00
7.225589807030257106e-01
-7.052792206522910945e-01
1.484472421267097886e+00
-2.001914634602519616e+00
-2.790804781801625722e-01
-2.075397518276824282e+00
-1.155154812675112108e+00
-4.241960419933787918e-01
7.343745350326793542e-01
-1.482713996617493812e+00
-7.029312912152194670e-01
-1.833414853702008518e+00
-1.358499382372898800e+00
-2.680620944535681005e+00
-9.488676751348812388e-01
-5.519619717141033277e-02
2.025120714154279078e+00
1.709296097224571653e+00
5.623884819201583340e-01
1.285952909472332095e+00
1.441419754450105728e+00
2.203039524886928113e+00
1.428231614144033657e+00
-5.370309769122512122e-01
-1.263187176363570252e+00
-1.892626689859238098e+00
-1.975056197694987858e+00
-1.438565225842640682e+00
-1.958121953616038802e+00
-9.134913272516964611e-02
6.293568234998048183e-03
-2.583219478177338768e+00
3.258840650857381505e+00
-9.039778670116254133e-01
-1.329553237709201419e+00
-5.990242820785063316e-02
9.131095977521344054e-01
9.864268909716731315e-01
2.065694515944920262e+00
-1.413293034113796143e+00
3.098277729864935992e+00
-4.679212183615524268e-01
-1.062137905284978867e+00
2.411069254333789047e+00
1.592024969521421696e-01
-3.302831185254007096e-01
-1.462272422192620880e-01
-1.315389222988340379e+00
-1.331309901205836255e+00
7.063433167465813511e-01
7.455093219628095014e-01
5.620689535519396429e-02
5.241499662309916374e-01
5.861164312788558206e-01
3.499029600176676524e+00
-6.535777889670866259e-01
1.703523102775391429e+00
7.012866845986529540e-01
1.899328864703866415e-01
-1.305057363820379290e+00
-1.490657193948157655e+00
3.517680193732317662e-01
1.152349346262827368e+00
-4.933312142040566783e-01
2.307683307160686148e+00
-7.832611810075889025e-01
1.898254925113258551e+00
2.253554509603059586e+00
-2.528804641347792703e+00
5.639606199179247881e-03
9.610358501609370663e-01
-3.147461469200489859e-01
1.132366344720841411e+00
5.756508433489031518e-01
1.294094255033114926e+00
-3.714975347662177185e-01
-4.765186226445425888e-01
4.919760747433379322e-01
3.317231408171423368e+00
1.492846594781772396e+00
3.189835680219339054e+00
1.025491027888838502e-01
2.201095911977713371e+00
1.760876024302209686e+00
-9.541982293666686488e-01
6.949080288805564720e-02
5.572987956516364250e-01
-2.314066618151268795e+00
-4.460436116611852242e-01
4.224651087666961402e+00
4.564116446410331207e-01
-1.201178036793276505e+00
-1.267056350683409605e+00
9.371149808059699993e-01
1.462101253708737225e+00
-2.498160627443746229e+00
-2.025735389842264755e+00
1.182214366758468138e+00
-1.189874052453144593e+00
1.779655177676283451e+00
2.205208562148285090e+00
4.702367558797178049e-01
-1.742446842917928507e-01
-3.171580789403591893e-01
-4.098032723775606456e-01
2.078696208420170777e+00
-1.125732716264212119e+00
-3.827329634796958757e-01
8.721472814049926470e-01
7.781462245020041024e-01
7.417696374482565247e-01
3.200837920039154127e+00
1.188377611725729643e+00
6.897324922899317201e-01
2.898999056924118634e-01
2.042480786314646579e+00
1.169027489741289116e+00
1.249472662782516785e+00
6.374439829643403499e-01
-1.465272926503753403e+00
1.665021195584184710e+00
1.213043592572588203e+00
1.311874881846897267e+00
2.878303745846897854e+00
1.262110834566581019e-01
-1.912644727236955777e+00
-4.635382044774445376e-01
1.598458033122101440e+00
-1.143489567640334492e+00
5.910503328233618348e-01
-1.884113505494231511e+00
-1.471249488061961763e+00
2.245461785322370396e+00
2.021443247380389607e+00
1.626683608806683168e+00
-2.755613035802735311e-01
-2.691673189792966880e-01
-1.903174528991106840e+00
8.994647868232386045e-01
-2.881885474164915806e-01
2.720710786157912509e+00
-2.619850984147015893e+00
-6.638900445982613974e-01
1.195685723605318884e+00
-4.279855278870368096e-01
8.431826925272662976e-01
-1.518741534121144099e-01
-1.899191703643833051e+00
-1.618237643251046354e+00
-1.118266741647422347e+00
-5.816935404798577736e-01
8.661754106884451687e-01
6.982378745234996131e-03
-2.892423766484403025e+00
-4.678538927893196586e-01
-1.747657553350537185e+00
2.914491443712394769e+00
-1.281616632111321152e+00
-1.865076303236756772e+00
-1.243259318030435878e+00
1.617828251956856533e-01
-1.861022144755943852e+00
-9.710412964364012467e-01
1.530918298984721204e+00
4.145316574372124308e-01
2.760740641370055926e+00
2.494314472447651809e-01
-1.322520078895976781e+00
-4.448373291529108542e-01
1.769027218643373089e-01
-9.333885918905959755e-01
-3.564215807152866233e-01
1.191081358173859073e+00
-1.299132230480901651e+00
-1.256084789488094877e+00
-1.124246310663282067e+00
1.949936069791611715e+00
-1.287087478891368875e+00
7.682462398445117913e-01
4.943244908011745764e-01
1.145283204415024514e+00
1.595319336111077568e+00
