4.489662022071723158e-01
2.183157892327517224e+00
1.016668752563472111e-01
-7.798198493982244628e-02
-9.879819184719718095e-01
-3.080530869626132429e-01
-5.369932006480606645e-01
-7.383853743063486519e-01
8.673567502582244515e-01
1.948867532495097699e+00
-1.218478268473342396e+00
5.170662172560707148e-01
5.620902028963126185e-02
-1.129171062410282644e+00
-1.489724062114006209e+00
-7.051610217485384524e-01
-4.760614671652909635e-01
9.426063448746724305e-02
1.120595262046166773e+00
-1.025131480596136235e+00
1.246677687812826285e+00
-4.113391175705274350e-01
-1.181382190465392945e+00
1.375864823801304482e+00
-1.224660069860901146e-01
-7.818471930469872433e-01
7.274908186551032330e-01
-1.595191970581868013e+00
1.328093470260717446e+00
3.073297171631939051e-02
-1.139176251939476359e+00
-3.409638632812361791e-01
-6.065266557269879399e-01
2.029489185764994374e-01
1.350239784083021810e+00
-4.905143018401840749e-01
-7.883501784568673898e-01
-4.006507629512130464e-01
-4.084670461432828859e-01
-4.748656228405891966e-01
1.146272472253350827e+00
-7.742716675171816831e-01
-6.903544489177360077e-02
-5.550095641243242284e-01
-3.173927451872735617e-01
-3.390681779947524177e-02
-1.344734154706869411e+00
-2.291271722813670308e-01
1.696620123350774278e+00
-1.411417610509255294e+00
2.710649765429451463e-01
1.052880619792762928e+00
-1.101440665512684269e+00
1.090228801507315382e+00
-4.196719683216345587e-01
8.303672593453477191e-01
-2.684287538231551196e-01
-1.862864820536159982e+00
-2.888915683458801453e-01
-1.071108974569887184e+00
1.571802285805661725e+00
1.638490065874593782e+00
4.223307676692487078e-01
6.666910120427926856e-01
3.286721903000859868e-01
-6.363795798922202707e-01
1.206375947026120166e+00
4.562338454100256513e-03
2.604208085069545930e+00
2.062986801685608995e-01
-5.207100840105471917e-02
1.692330438601055143e+00
2.573227162020383929e-01
7.500233600704628856e-01
-8.653186606355216526e-01
9.203216349821357056e-01
7.271095063523258517e-01
1.292937206292206653e+00
-5.889329719142200048e-02
-5.992305546665850358e-01
-3.371546981952953104e-01
-1.150140627528905668e+00
-1.102796626934424040e+00
-7.103180937959860941e-01
-3.847562080658040173e-01
-9.031453250053180781e-01
3.667484266814184934e-01
1.638776489301565498e+00
4.819866692419623178e-01
-2.991445185575223320e-01
-5.578976888126296885e-01
-4.051271234171691660e-01
-3.026128401368204379e-01
-8.182900195682378808e-01
2.357207996154428997e-01
-6.427706148368610428e-01
-3.287732159165468460e-01
7.929747522359367196e-01
-9.021603237832982458e-01
-8.384945401126584485e-01
2.374005159772174522e-01
-5.350942170891954675e-01
-9.144024168618356541e-01
4.612586373833726938e-01
-3.595440275370531680e-02
8.769201539974851300e-01
6.147885289400081277e-01
-1.092182569374648526e+00
-1.264100818512206015e+00
8.446220131394799324e-01
-9.006534043938358991e-01
4.950112742655532472e-01
-5.712203776937609945e-01
-8.743622910417778726e-01
-9.190092266171072666e-01
-8.500509477098523448e-01
-1.089742817073461989e+00
-3.193595339942945088e-02
9.750517668637801449e-01
1.194636023750970111e+00
-1.796030950371317214e+00
4.641804830858298203e-01
-5.222523718377720670e-01
-2.616001273997705212e+00
5.849810801225761026e-01
1.200596109541709922e+00
-2.315637749808274748e-01
-1.047176555683163812e+00
-1.673183123283294993e+00
-1.182988295474285412e+00
7.196844718350625669e-02
-1.099459177320784686e+00
3.900381876694147820e-02
7.949841704162796674e-01
-1.608756357153593886e+00
1.643346777276124548e+00
-1.286440793829453089e+00
-6.303916597826635382e-01
1.434324458493355436e+00
7.701259228347172581e-01
6.643004384522193106e-01
4.768969252125394576e-01
2.185600260264237704e-01
-7.204641099231903212e-01
-3.230504239904021802e-01
1.244839954750247557e-01
1.361847782970347254e+00
-7.055977978247138793e-01
7.477914970961592189e-01
8.763048942039617373e-01
9.799817779559569786e-01
-1.589324236254253897e+00
1.311588744154430941e+00
1.070891295030614643e+00
7.295914819833262399e-01
7.427783067813997775e-01
9.670110632855060118e-01
-3.698906693078942709e-01
1.432196876344901781e+00
-4.788654282848661126e-01
7.174056508069890370e-01
-1.639789892965538343e+00
5.476332326229185199e-01
-2.207795763439089232e+00
-2.641810976451735016e-01
-2.448468250237054722e+00
-8.680508880203046118e-01
-1.881319309807594209e-01
-6.018715371850404949e-01
-1.458401625709932148e+00
7.526681966082291453e-01
6.033771948638264604e-01
-1.323804210264221126e-01
9.842163159601664546e-01
-1.256611739726469779e-01
1.724796322697218720e+00
1.847239647598115653e+00
1.252348733338970455e+00
1.671398820752047598e+00
3.119450413943116729e-01
-2.076889481875594079e+00
-3.861916194699492877e-01
7.137610048060407664e-01
6.288509295685464906e-01
-2.863896109439938442e-01
3.440321725397854635e-01
1.160859219882022231e+00
-3.999576360551682086e-02
-4.197825512111705848e-01
1.395434386211800160e-01
-1.724584424399822069e-02
-9.561978827497998878e-01
-3.936461658672669728e-01
-1.966161580757655791e+00
-1.634289770672777919e+00
-2.490900752501694626e-01
-4.524095961122860388e-01
-1.239513194776651339e+00
-2.476556161397827083e-01
-1.559039902075126882e+00
-1.847708491174143042e+00
1.293661945825562043e+00
1.095736395411432085e+00
1.808186944368133098e+00
-2.225366132040083045e-01
1.538379295550864612e+00
1.963464756494026631e-02
1.697330736374160765e-01
7.839685356355126089e-01
1.404708801614251712e-01
5.486653679442143883e-01
-3.515192609825676939e-01
-1.556054435542621128e+00
7.383308752326946944e-01
-1.847466394666388734e+00
-1.793156260695456972e+00
9.803961792313007351e-01
-3.168172197529539602e-01
1.631341301441191050e+00
1.626892958608112671e+00
-5.658710144376586371e-01
8.470401215158274155e-01
-6.469216352272919579e-01
-1.250445834811793056e+00
3.356301980772746774e-01
-6.480104392156427195e-02
-2.145662580721685586e-01
-1.576901834396426949e-02
6.870844684043024841e-01
-6.040876709134650469e-01
8.635841682394147512e-01
2.173252610874811808e-01
1.412453646714853406e+00
-1.078641346467226203e+00
6.531686032832233479e-01
1.246035711582607064e+00
-7.759036970581814074e-01
9.741151222751280869e-01
-6.760239338374960383e-01
-5.506360615169381134e-02
2.632249483815023439e-01
5.587154171741293140e-01
8.551526883026641102e-01
-1.159484490314858007e+00
-5.873316957837664276e-01
1.663580176107792852e-02
-6.729052828489781035e-01
-6.636991727502978833e-01
1.448296163391058045e+00
-7.292063105275383705e-01
-8.381098224614635939e-02
-4.499764957450622660e-01
-1.703188049494360534e+00
2.413703196757559510e-01
-2.636678593222288036e+00
-3.344503622148886635e-01
-3.032345736466126596e-01
-6.079968281446221923e-01
-1.526965381534246546e-01
-8.373926482415674499e-01
2.674658368444768897e-01
1.730802810240064105e+00
1.387065104077958466e+00
-1.381890212187202316e+00
4.325080043612130609e-01
-3.139327951191823729e-01
1.483034254727630064e+00
-9.186624484802372592e-01
-5.184334655927793634e-01
-1.077316751085644952e+00
-2.211497319511508408e-01
-7.967226220523642155e-01
-2.706612081586259322e-01
1.061284848456827135e+00
3.248414014799783089e-01
3.332663146737733229e-01
1.748567952205027254e+00
4.665899801219852705e-01
-1.042356013228049605e-01
2.092178026514925904e+00
3.618181892554694912e-02
1.139367378640384842e+00
-1.911424602630997338e+00
-1.526153654393416215e+00
-1.799547176498506929e+00
2.837700330481212063e-01
-1.067814933213761641e+00
-4.867360414330077489e-01
-7.205620496209963477e-01
1.156328636422281342e+00
1.186629885229986137e+00
-3.316507695878971873e-01
4.167585791103123327e-01
-8.046442495819423613e-01
6.023757874162791737e-01
1.684866138785057643e+00
-3.738208882040510161e-01
-6.288296986179151560e-01
2.792941958810235548e-01
-2.866477581357056437e-01
9.150413381458202267e-01
-9.821794677438315802e-01
-1.523210480173107229e-01
-3.182837037523853496e-01
6.025443172102304956e-01
1.390792833345701141e+00
5.235294113692443574e-01
-3.935449442371803386e-01
-6.348587936294123324e-01
-1.063238406377478018e+00
-1.780603897989924356e+00
-7.386309679602689471e-01
-3.921891771225363144e-01
-1.639262064592426071e-01
3.320937803282566492e-01
7.214927616228274943e-01
1.651595434820656294e+00
4.546543501941249232e-01
6.507505218716183037e-01
-6.043682427193370899e-01
-7.275609087382406415e-02
1.154700399484157813e+00
1.605754916853775249e+00
-1.092473218086450260e+00
9.201797295401279442e-01
-2.669764480939029738e-01
1.494598280869841034e-02
1.122480308553091888e+00
-8.345099295588553900e-01
-9.443279030050399925e-01
1.151049304889459890e+00
1.293370716635910078e+00
-1.119328157848395122e+00
1.520193927420833369e+00
4.232525085688862987e-01
1.436971324457854138e-01
-1.596880253834642716e+00
3.919556643478605551e-01
-1.081268484037680722e-01
-6.471617154536968286e-01
-1.136036551259726579e+00
1.117834113322931699e+00
-5.985836998959310762e-01
-1.821438038066354181e-01
-2.282228980516198824e+00
2.935713665961916519e-01
6.365197289776522993e-01
-7.133716974458881310e-02
1.068640053146632241e-01
6.187364986923302723e-01
7.933059071485448754e-02
9.004751258974490469e-01
-3.249219478336184963e-01
-3.590943753202768818e-02
5.276224576689827472e-01
6.072573801832303886e-01
-1.795461206152646483e-01
-6.412118308996248572e-01
-3.180968183370334046e-01
-3.390484277441112582e-01
3.199893728621301392e-01
8.863169110987865196e-01
7.972070403184439158e-02
6.040920268650307179e-01
-7.198245296833416518e-02
-3.779565792696635285e-01
3.586248102809896920e-01
-5.285013643922651383e-01
-7.080718884085150933e-01
-2.785101445798519038e-01
-1.379794968035099600e-01
-6.048308592284898921e-01
-5.088439614050717097e-01
-1.063059034138260639e+00
-5.448120070777013879e-01
-4.482790909863254569e-01
4.367744774771153971e-01
9.427129623893346633e-01
-3.042663493092643279e-01
-8.025183963405302379e-01
2.048973412882348910e-01
3.815196515743881633e-01
-1.732329912389234394e-01
-3.573422246090451893e-02
-1.565093012209815004e+00
1.320111518590985966e+00
4.035327065330864826e-01
4.882392262372263758e-01
-4.382087691705525145e-01
-1.676686128921298646e-01
-1.777887397928807900e-01
-1.122219248996767504e-01
-1.384213854348521178e+00
-1.555119374270725885e-01
4.660353932889060857e-01
2.119304657112355272e-01
-6.363968247387097321e-01
1.165010535197663621e+00
2.658237864700943476e+00
-1.554335673387274408e+00
-4.200388945837651988e-01
5.917982656029128208e-01
-1.231039951162928858e-01
8.492126739003191815e-01
5.551056289220932527e-01
-8.192016560736927744e-01
-1.727521735498010358e+00
1.043253619120932285e+00
8.166837565140738775e-01
1.964230385863601214e-01
6.370539175760825401e-02
1.327505309832299751e+00
-7.933128913416691574e-01
-2.625284528976781218e-01
1.295798447301576672e+00
-6.209914314041569128e-01
-7.656679192818858226e-01
2.027772136280323600e+00
-1.264280929667379816e+00
-4.912923094620937903e-01
2.067496226149280858e+00
7.167354491119599658e-01
5.724513283171281941e-01
-2.730920234370390887e-01
3.558719804372856288e-02
3.047799919348213038e-01
4.071197149430165751e-01
-7.732215509721251934e-01
1.410261305150211086e-01
-4.745153650013751445e-01
8.144895017302147266e-01
1.305419537995660129e+00
7.877841140495611683e-01
-6.561591116057758910e-01
7.389154604640459922e-01
-2.443633295608726996e-01
2.351327373193823789e+00
-1.040913312788061873e+00
2.870018210714810891e-01
5.687105833294570090e-01
3.029744745453797350e-01
-1.641829167036545911e-01
-1.167990452151492775e-01
6.526892380147142347e-01
-1.868042025313727983e+00
-7.039067836974135517e-01
2.009260637914866976e-02
-5.814013137755127403e-01
2.459507321035845351e-01
-5.732901525887097449e-01
4.687062324505140154e-01
9.724045868113222468e-01
-6.330674972750225393e-01
1.208848503100473870e+00
6.898526451889095412e-01
-7.784925164658131891e-01
-1.584368209457958532e+00
-1.473547698158223618e+00
1.310841521522814190e+00
-2.833319956747697432e-01
1.056114089844406578e-03
-2.479089981850339797e-01
-1.262295527558094932e-01
8.645682866178283632e-01
9.068518239601370823e-01
1.595289787122658787e+00
9.852706978012459871e-02
-4.758423678367282861e-01
-7.532528814777545989e-01
-1.269817881190240527e-01
4.172977679506475468e-01
3.421819400268315547e-01
-1.607729114391563741e+00
2.773793473728547454e-01
4.960485282931204054e-01
3.307929088472683077e-01
1.229228483420158113e+00
-1.283849010974336124e-01
-2.213096483617461807e+00
-6.578550480669633771e-01
3.714780361747038739e-02
4.020814914873991341e-01
3.180609875304369893e-01
-4.224989199871123091e-01
-8.792621130847972921e-01
3.298496097066561106e-03
-2.349672592143567940e-01
4.108056189999578223e-01
-4.974085373959269418e-03
2.385262538070804794e-01
-1.294748293163307640e+00
1.021116384136285582e+00
3.950486329652598272e-01
-1.736148399019497468e+00
1.146080082617666918e+00
1.630406818928626933e-01
2.202858760549837314e+00
4.257784714729373476e-01
-6.932580311239968651e-01
1.030711586238275856e+00
-5.805194487914278056e-03
6.800651291354071759e-01
-3.125429225192091209e-01
4.440774728339293986e-01
-1.003041774666692199e+00
4.273246790826901176e-01
-5.444661469489924244e-01
2.141509083100565647e-01
8.113998679353411347e-01
1.069836122519199684e+00
-3.684175748797438033e-01
-1.709873446680010289e-01
8.307056351305552866e-01
