3.494080817538838701e+00
-4.926773763973990583e-03
-1.816952736095827081e+00
2.723993662902326918e+00
5.096156858224780706e-01
-4.275363649490948603e-01
-1.281558681948760992e+00
-1.240739682187881332e+00
2.302737043041673815e+00
4.022291977887041625e+00
-9.214069799945932004e-01
-1.906661724385406487e+00
1.048979637405356158e-02
-1.845248436038215978e+00
-1.183226083772544790e+00
7.362352413557875508e-01
-2.223983751874523573e+00
1.256896094936794661e+00
7.333304528645818721e-01
-9.259834768372954272e-01
-7.021881627696027195e-01
2.118956925953079384e+00
-2.733672598797793896e+00
2.260463586787575530e+00
-4.484158698900593265e-01
-2.881273937893626069e+00
1.519206761277505535e+00
-1.152366652486821685e+00
2.173801750318464343e+00
1.605268730260607235e+00
-3.070235199013188421e+00
1.498519195565181761e+00
-1.023235441200720075e+00
-2.393246951029297520e-01
1.826364944002271784e+00
-1.633497856833154849e+00
5.149369578498603772e-01
1.183568038691547031e-01
-7.432141823618980681e-01
-6.044400473925151118e-01
-2.073735669784402269e+00
1.103690598321485972e+00
5.794001571901734593e-01
4.921761403098212639e-01
-7.613480669255077160e-01
-3.139856279636997982e+00
3.811605838617726505e-01
-7.093532703344997969e-01
2.224048534284546186e+00
2.413049916915053217e-01
2.157954382500319568e+00
2.389116067219734241e+00
3.593313348215421144e-02
3.167160351520854178e+00
-1.180482524096491570e+00
-2.164042958589604826e+00
1.457344056571317381e+00
-9.676289657781644848e-02
-5.873023804205148579e-01
-2.200234942943563698e+00
-4.768534023201027594e-01
2.260631495017928927e+00
-2.564635773522638829e-01
1.044597073988572156e+00
5.803645396907874954e-01
2.054444546969813601e-01
2.876119954986383398e+00
5.393379107711187004e-01
6.743305951977234258e-01
-3.000813135876443383e-01
4.941816921903221527e-01
1.498955074403504284e+00
1.367765190778058582e-02
2.690332144160336725e+00
-1.601399213969067148e+00
2.858907244952252569e+00
2.357402950315432122e+00
6.916896371057141835e-01
2.316001530716286894e+00
3.007671491503032257e-01
-2.886959974551656316e+00
-9.140662343296694914e-01
-1.674024312201859210e+00
-2.056713651005573240e+00
-3.715247398110239629e-01
-3.195935149542783904e+00
9.042013866317475390e-01
-8.629091241278201707e-01
-2.254406553057366480e+00
7.566963438419804788e-02
-2.711123287512744895e+00
-2.785846115972745451e-02
-2.364643240554090475e+00
5.815065414008779854e-01
9.786647164149533396e-01
1.767744866475908339e+00
-1.244912424600056688e+00
1.894760796626256294e+00
-3.233825509178167579e-03
1.648138112336559047e-01
2.933696731807043712e+00
-7.398677989210620254e-01
-9.060044380452945134e-01
5.687770461756800344e-01
-1.265284629670169192e+00
1.689388953265680726e+00
-1.035399414050326428e-01
2.075247219426854528e-01
-1.803349914549862376e+00
-1.338269431169561763e+00
4.941566204371650173e-01
3.165271503085005378e-01
-5.589963686874774851e-01
-1.611911292041039445e-01
-1.868749751342536847e+00
-1.942843458697042003e+00
-2.296053759832238583e+00
-3.884394360151652403e+00
4.741447738508544063e-01
5.900224514000287357e-01
-3.561447879481116185e+00
-6.100812609728887281e-01
-8.588869684895961143e-02
-3.007780105483805144e+00
-1.185937032737288011e+00
1.681924477035529719e+00
1.036396856914332254e+00
-2.958112551737968055e+00
-1.184010102337323289e+00
8.797010094599579944e-01
1.110783062711711011e+00
2.282475573473679020e-01
2.549946400525051615e-01
-3.337888660431094223e-01
-1.231589176495643922e+00
8.291781575435042129e-01
-8.220267917209556074e-01
-8.111423741259828901e-01
-5.556303120618562019e-01
-1.146802711597812774e+00
-1.127953614312233288e+00
-1.731450277087098755e+00
1.763330148988780266e+00
-1.432813900214964242e+00
1.197387441156650745e+00
1.913020472636079994e+00
1.635113707190456012e+00
4.282362632054770302e-01
-1.441110430072420456e+00
2.002022612764764453e+00
-2.659540639991733180e+00
-1.827048037846141781e+00
2.067190632896175551e+00
4.878933585530909056e-02
-7.645942720681198068e-01
1.141304276643060334e+00
-1.668154919695128413e-01
1.356551628717737046e-01
2.164750315647170353e-01
4.421434241279342814e-01
1.589436210171467856e+00
-4.979235854108940984e-01
-1.806063557389009588e+00
-2.340790998978858894e+00
-1.695363262163054330e-01
-8.597190813038757540e-02
-3.916652817814228804e+00
3.939462234710244815e-01
1.814924803179365220e+00
9.827861384744194240e-01
-3.246884029969141494e-01
6.779321861333169608e-01
-9.999528460584627965e-02
4.732330952517571632e-01
7.605996120826841178e-01
3.531763510415933283e+00
1.905897704741206233e+00
3.576288477673436716e+00
4.189969771676942401e-01
-7.477550615762549313e-01
3.841582579152715837e-01
-1.078151365425257246e+00
-1.471793964234318075e+00
-1.239424865499714201e-01
4.550452641379205687e-01
4.476668879680026691e+00
-7.168914086195492530e-01
6.963663310434640152e-01
3.866460925657602132e-01
1.044317497054727539e+00
-8.634288924811244215e-01
-2.474988438351213293e+00
-3.090460940534367040e+00
-2.513826509540306731e+00
-1.231089053195486116e+00
2.297875427175448237e+00
5.447581379405885826e-01
-2.200603777074593204e+00
2.264453291743400598e+00
-2.972143481055149916e+00
-2.207595375180543051e+00
2.283404312476482900e+00
-1.683995977924412024e+00
2.893204048516170523e+00
1.942828328820898065e+00
1.346504549881998081e+00
-4.221581912110869084e+00
1.066387366204417653e+00
-1.693370355083300360e+00
-1.190461610247091073e-01
-4.636563883446473966e-01
-2.840923972091843552e+00
-5.211746209145493580e-01
9.695453188852987125e-01
-1.188660894439671267e+00
8.195032238990336282e-01
2.270891850326669292e+00
-5.392717064689378503e-01
3.619011262971888243e+00
3.454326471268132082e+00
-2.278940586038693539e-01
5.100837653533920601e-01
2.804812020776639159e-01
-1.140815431398142898e+00
1.082537111893869586e+00
-1.458813940491439531e+00
1.406963065714677441e+00
-2.456533502937849889e+00
1.922672175127040362e-01
-2.469664820737726973e+00
2.640987582870914174e+00
8.024373448452637447e-01
3.154398668190440347e+00
-8.924376812800343117e-01
3.431324343008856914e+00
1.774734853016868286e+00
-1.579873715730986117e+00
-2.693301588671754843e-01
-4.409320452295142800e+00
-6.606004581079032434e-01
-9.785901149770710461e-01
1.416189069821779611e+00
2.698534947606109569e+00
-6.516039504878659017e-01
1.162792623238493306e+00
1.595576091934006513e+00
-1.110483036576307647e+00
-3.312416009019001795e+00
1.916534188375753622e+00
-2.654757457012461686e+00
2.287600353988178625e+00
1.059628666755205728e-01
-8.207919051896057638e-01
2.968664449996879284e+00
-5.711838386066023787e-01
-6.198085211845256737e-01
2.167400836582904944e+00
-3.992762764800383390e+00
1.779354356927848713e+00
-5.187060193832415678e-03
1.772378652317994074e+00
1.990667728815886051e+00
-5.447671893582599623e-01
-1.141795752141438580e+00
2.882389299557084783e+00
-4.791827234222854059e-01
4.183181654079337619e-01
-1.455643613951581372e+00
1.357147211843115819e+00
-1.910079768736581585e+00
2.132310410858018201e-01
1.177221526424498954e+00
1.280231346787177316e+00
-3.691016129192181694e-02
1.613958246605618818e+00
-6.791182607918466729e-01
1.801546024586202499e+00
-2.094493981758435375e+00
-4.803135213526399383e-02
2.716501128720699043e+00
-8.317182751423990439e-01
1.085842047314099723e+00
-1.086550255679963328e-01
-1.640070077208286126e+00
-1.327714605038026185e+00
-9.355283721784068973e-02
4.602271922195928511e-01
2.219061533958206489e+00
1.717589259868242735e+00
1.588940599446900137e+00
4.005909380606205161e+00
-3.256177376609886487e+00
-5.577078554598164928e-01
2.975656094558853937e-01
-1.569132887638543750e+00
2.365355093587533375e+00
-4.812248819096263119e-01
5.070739992339623470e-01
1.643347572536314694e+00
-1.059766546791167663e+00
1.429144397633121955e-01
-1.861573285965125724e+00
1.667668621859137446e+00
-1.990536415849666785e+00
-2.673081622148840708e-01
7.073530210849909849e-01
1.126786258486012215e-01
-1.967343837691792885e+00
-1.263357279377671283e+00
-1.111449365913994569e-01
-2.009598731393928084e+00
-3.143139538401182875e+00
6.955371949984447966e-01
8.372936844306408943e-01
-1.028972464296687761e+00
1.270250393856287019e-02
2.467377826205518154e+00
-5.910825693843708706e-01
6.274072785790796303e-01
-2.329419850954472793e-01
1.001346643500444777e+00
5.843090550859368904e-01
2.555021150275176289e+00
-1.712774479194520527e+00
5.701144624343967848e-02
2.039263639131840833e-01
-1.560571711135264827e+00
-9.610538365999197197e-01
-3.481685951816952951e-01
1.589583061112121776e+00
4.585710894044373376e+00
1.996519426834897359e+00
1.054308727975241666e+00
-6.057494727905314846e-01
-2.403042892420609977e+00
-4.175572247340859633e-01
-4.405346740248621273e-01
9.809020948048026156e-01
-1.912878460289562099e-01
-1.345811342752774475e+00
-1.384435945761200326e+00
1.208476485960174429e+00
-1.465310773830676982e+00
-2.091129319939591724e+00
-2.045246757419081352e+00
-5.514845472551748173e-01
1.312685989750086435e+00
3.018132228987422394e-01
1.640189994908704207e+00
1.297959368016956105e+00
-8.473614234084214658e-01
2.007137502493534953e+00
1.676557055745653280e+00
-1.197009777775036810e+00
-1.607628979952942849e+00
5.681994889716799335e-01
-6.666262506895224149e-01
-2.204023754201189789e-01
-2.070680658342852087e+00
-4.683746102285599733e-01
-2.274235337486401498e+00
-7.061625529900172893e-02
-2.712538685729187549e+00
2.707773574942972772e+00
-9.978138029343606163e-01
-1.237386237336752348e+00
-5.772619105300869080e-01
6.864274768504019519e-01
-5.367121212912842054e-01
8.381680320919926430e-02
-6.008096170863197472e-02
-9.450297707282562243e-02
-1.026180858868357415e+00
-1.214754481202025449e+00
1.251076566242932842e+00
-5.373065503088367834e-01
1.704076543847385494e+00
-7.718244564177307865e-01
-6.986987314578128050e-01
5.406474521882955742e-01
2.537201738239398097e+00
1.920433921147366441e+00
7.969242556213007589e-01
-1.299864249727320953e+00
-2.781460037196676893e-01
3.578745712198026396e+00
3.267849979704458008e-01
3.248109177252674229e+00
-2.633860989239522610e-02
-1.275344454622977519e+00
6.852357944392828415e-01
-6.126255732587946312e-01
-6.657876284097064001e-02
1.653077475916521877e+00
5.720476508236416180e-01
2.893893589345415407e+00
-8.159961643671298503e-01
5.685611691555934044e-01
1.877005100668565518e+00
-1.048189882387544625e+00
1.058330211411462329e-01
1.863024175914231861e+00
1.085854293151841787e+00
6.866041126957274088e-01
1.572524621495947628e-01
-1.051178412354808245e+00
-1.172359620769909849e+00
1.240014305493364333e+00
1.883076701766169592e+00
1.429243928115098150e+00
2.973628669375618649e+00
6.159447577448524669e-01
4.812719677317058853e-01
8.016677566008691969e-01
3.674920630977284830e+00
-9.765166096743547186e-01
-1.404467805214645537e+00
-5.003611249515662607e-01
8.053855633383122381e-03
-5.275123885102281918e-01
5.000000000000000000e+00
1.828390444081335886e+00
-7.389149772489354007e-01
-2.199675416150219220e+00
-1.675732461433359965e+00
-1.738142225209224900e+00
-1.046661975420306590e+00
3.631824174957509754e-01
8.600049916903795832e-01
3.350466642049756416e-01
-7.002436324020919756e-01
3.862650303251388806e+00
6.219987006185565548e-01
-1.010705037880235135e+00
-3.739284815653762806e-01
7.848294740687524751e-01
1.028381184076485155e+00
-1.861409108803654178e+00
5.819181310863488221e-01
2.424336714484608635e+00
-2.854628645204897452e-01
5.628615157081107157e-02
1.973284050929585476e+00
-4.873092988179470453e-01
-3.906916148554548940e-01
4.019779072303393264e-01
1.740787090010812221e+00
-6.145314801697114859e-01
1.503141429839143228e+00
-5.605492653903896283e-01
-1.894121278549731002e+00
1.987795528398981659e+00
4.755173205622833521e-01
8.556199410597988830e-01
2.551536790551972800e+00
-1.733010537525867534e-01
-1.079797600284143400e+00
-1.074303306001044511e+00
3.159981462559940724e+00
1.311103259621684280e+00
-9.234083327648390238e-01
-3.834919734390349610e+00
-7.306632358137754579e-02
1.163777732724959435e+00
-2.809417226943438095e-01
3.452061170541378843e+00
-6.852996101054307232e-01
8.011399351750414510e-01
-9.631692095353647787e-01
6.667863896379708777e-01
2.397126805182021592e+00
1.659779974743130992e+00
-1.365123570394595198e+00
-3.218005900124241148e+00
2.031960786027497079e+00
-2.464023571370834720e+00
1.104412396866733204e+00
7.374734547073114044e-01
-2.813585187673433907e+00
-1.648326193583955046e+00
-1.020451132536608796e+00
2.910092457835329327e-01
-1.348388417471646061e+00
-1.635638654985278606e-01
-1.224148637781293125e+00
2.055178707487494982e+00
-2.761743575752948487e-01
1.313974406176949827e+00
2.976186519515122697e-01
-1.413026701121121054e+00
8.378144489003505058e-01
1.422697158100765691e+00
1.718707887256845090e+00
7.079601623399494059e-01
1.804679985956764376e+00
-7.388757192944801488e-01
1.415628218705675678e+00
2.197266647823661323e+00
-1.912022359144144978e+00
1.165228044479080793e+00
7.906014297925594292e-01
-9.554265380695952103e-01
-1.127940241614239891e+00
1.657620650517017680e-01
-1.145418083946414534e+00
7.670171936407861324e-01
-1.898549735483041623e+00
1.621281030909127452e-01
9.511786298617384006e-01
1.479560493367165996e+00
-1.252611324794720815e+00
2.261001738944425909e-01
7.854269600309002897e-01
