8.773301722381541268e-01
9.913361239392903812e-01
-3.949419794000377237e-01
2.859458034472566190e+00
-7.242690268080398397e-02
-1.449288012833780837e+00
-8.497570016741482490e-01
-1.190285864502216295e+00
9.102695933418463170e-01
2.763657608977037938e+00
-2.695573338677830222e-01
-8.736089714257104788e-01
-1.572003963026729068e-01
-3.516011482419996614e+00
-1.163064364476202872e+00
9.000349068780399975e-01
-2.238829534141669519e+00
1.511203962603159923e+00
-3.182365374290618831e-03
-1.634149803659497024e-01
-2.052204299326980674e-01
2.048223996906823885e-01
-2.302437308168383101e+00
1.001853756804329976e+00
3.380025154737680282e-01
-6.920593542032325018e-01
-1.817039346595725746e-01
-7.063916166046162459e-01
1.214585823344647153e+00
1.713984455552596486e+00
-5.899002031426743287e-01
1.629946428140605086e+00
1.096117418908445273e+00
-1.349435197869500946e+00
-1.997046889494029642e-01
-8.128299736616204640e-01
5.821422829337530302e-01
-1.565113518461461073e+00
-1.342582624393572566e+00
-4.336029252206303752e-01
2.024468132089243255e-01
1.698920837355739621e+00
2.148873426583310930e+00
4.585877855292483929e-01
-1.695804585853476709e+00
-1.565732806461569204e+00
1.836104892835885849e-01
-1.441444245503289423e-01
2.789166863548839359e+00
-8.102916873091725591e-02
2.085552377890532938e+00
2.222430885844053350e+00
5.446282290994304276e-01
3.088814996967126802e+00
-1.299771672552704871e+00
1.689160430925848999e-01
1.903991664528961181e+00
-8.740093913934217085e-01
-3.335810255710178751e-01
-1.568351506011766539e+00
-8.397540507648670882e-02
2.171675394437632356e+00
-4.059684851315230603e-01
1.079378440418850005e+00
1.778098256978815961e+00
-4.455249882363254699e-02
1.527014301488534898e+00
1.090761073610106990e+00
1.865693065671784723e+00
-1.708463079382607219e-01
1.150255198004405344e+00
1.651041062884512911e+00
1.060341032251129079e+00
9.205159401996398927e-01
-4.242633447688177739e-01
-1.561760567374177455e-01
1.653986458696473427e+00
8.361326571285569997e-01
6.430873105025591840e-01
1.212485570505993593e+00
-2.040881553658129288e+00
-8.595016997205586762e-01
-1.100657435920991745e+00
1.250650866490796709e+00
3.230619615572312142e-01
-2.824721014930178686e+00
1.422781566645774376e-01
-9.542324530572532382e-02
-9.159878224847597394e-01
2.133975141272239640e-01
-1.903648023037429748e+00
1.254921205212432334e+00
-9.526350583206006917e-01
9.587319489737389233e-02
1.286991404799051608e-01
1.468491474694313403e+00
-1.723421810018024303e-01
1.083396564790702676e+00
-1.143914087301780569e+00
-1.334572974565144676e-01
7.748978642083308443e-01
2.481646043344634123e-01
-2.375741825207783542e+00
1.261077682734457639e+00
-1.407272218448960110e+00
1.345673269821336504e+00
-1.195091794749178593e+00
-6.309963169375976122e-02
-1.851575594453047202e+00
-9.615358445202986104e-01
4.932544730462007365e-01
-7.575682977065092416e-01
1.225124325741774101e+00
-1.686404576160501101e+00
-1.544809827352189302e+00
-2.081476967044553206e+00
-1.943956799579112271e+00
-1.742116883227308399e+00
-1.998783364876643986e-02
1.830475161840341869e+00
-1.928302268470480918e+00
2.578898568331613461e-01
-9.116597734894646976e-01
-2.155078357007789158e+00
1.824332792590226404e-01
1.553253373005230031e+00
6.542985499930020765e-01
-6.399312991046413046e-01
-1.915200137935065161e+00
-1.243572664607892619e-01
5.237079970964568787e-01
1.268430142336397282e+00
7.284475852949157115e-01
1.217029993604351823e+00
-1.530870591144672943e-01
2.320269895201127142e+00
-1.203018509485104914e+00
3.403451895942914973e-01
1.610613840954179921e+00
-7.644130484293096828e-01
3.039038708942234379e-01
2.408871025273375821e-01
1.448226345284128413e+00
-1.310786733468951581e+00
-2.274379405994686465e-01
6.819551552392422167e-01
1.433323493760387812e+00
-1.813942929470515608e-01
2.885322617775720744e-01
1.536887883414276956e+00
-1.206007003309088610e+00
-1.114005197577020212e+00
1.094795167044580353e+00
-1.142768943533827297e-01
1.223986820055285030e+00
1.099735876482571761e+00
6.248573370242729297e-01
-1.513829592756855469e+00
7.953530369605790185e-01
2.989899642266200530e-01
-3.038317367605625208e-02
7.099008318506081494e-01
-1.413511506888032621e+00
-1.555735482661686042e+00
-6.444050601909356857e-01
-2.255984512471724379e+00
-1.713740710783440147e+00
8.608109928728939764e-01
9.775355198333635087e-01
-4.808685401685055538e-01
3.672697731736294102e-01
1.175660257279911747e+00
1.955491185451494474e-01
1.329641490248764768e+00
2.715686409468798246e-01
2.061872192038607388e+00
1.241970054104535315e+00
2.254759500752613555e+00
1.105546842058413581e+00
1.183036080796516565e+00
-5.765412776794107685e-01
-1.306523659845220120e+00
3.710366340441719757e-01
-1.983693679254905362e-02
7.189589201602997193e-01
3.285173264027477558e+00
1.014239906957067561e+00
-5.033079289621058550e-01
-1.139456279634573299e+00
1.081905475734114219e+00
-6.674283776776874788e-01
-2.126082281670947260e+00
-1.971271707657369365e+00
-2.166535143277265263e+00
-4.944042258218299679e-01
2.756082502504808573e-01
-9.903072075282643993e-01
-2.023157871605435254e+00
5.682714933105206256e-01
-2.553184706935944348e+00
-3.317243749749270165e-01
9.773989929644280039e-01
-1.144438316580961512e+00
3.387517721597539833e+00
2.311346494136086172e+00
7.742625160034277698e-01
-2.803026520840166125e+00
8.216297833281789309e-01
1.200599989099480069e-01
4.243368929835478198e-01
-5.356371641552559737e-02
-1.342978059931172918e+00
-1.692384381807521709e+00
1.450301680177932262e+00
-1.619087113793097110e+00
2.769905042409916973e-01
8.661713137455961942e-01
6.314208640460172717e-02
2.263225542635820986e+00
2.745491047076705549e+00
-9.015498553162739626e-01
4.240617486456077501e-01
5.603350720928101936e-02
-2.290046669025671555e+00
-5.418092248342736283e-01
-1.132014101809258655e+00
1.721260285478773966e+00
-9.444064917161973938e-01
1.379164328597763500e+00
-1.724620345421099099e+00
1.981259502904572756e+00
-1.489575143774763077e+00
1.442918654034786030e+00
-1.343175139903585169e+00
2.351719043800910569e+00
2.124316798828839836e+00
-1.788767837481786582e+00
4.596156171278007463e-01
-2.461849355892542501e+00
-3.307587868869088510e-01
-6.385623254702652574e-01
2.282621388148583286e+00
1.580563523346095067e+00
-1.280746494487655873e+00
1.867631683964718903e-01
6.039301574990449950e-01
-1.337032163761292303e+00
-1.498144281608531525e+00
2.176631085546294031e+00
-2.175703270581786697e+00
1.604392041997009244e-01
-1.467613961938410760e+00
-1.557009685110158692e+00
1.154426476130110402e+00
-2.297184807439487386e-01
2.137483348805329086e-01
3.690543516624256171e-01
-1.541860295109440226e+00
1.786494948231602820e-01
1.168957049070941778e+00
3.496235193407049024e-01
1.853274193928311497e+00
-9.791560292799204035e-01
-1.938649790320034150e+00
7.889018907967120242e-01
-5.023991642789686907e-01
1.193214465816296865e+00
-8.989656533438346031e-01
-1.046831710020087236e+00
-2.010349793107617966e+00
8.763271207822178610e-01
1.453119996294487848e+00
5.506537196340399731e-01
5.418558677223668241e-01
2.603548910237385883e+00
-9.035914991819335995e-01
2.260826163510469833e+00
-8.898229433369113650e-01
-3.048585531130347803e-01
1.839246897830594030e+00
-1.550994807586844715e+00
2.167738307559634592e-01
-4.135095631095104807e-01
-9.932515400798909155e-01
-1.421356478496988984e-01
-2.057459579217701950e+00
3.600640616613448586e-01
6.008230867143380394e-01
1.605566336135224148e+00
1.944877519180739256e+00
1.567152364064102521e+00
-1.095081935112572680e+00
1.054697175738103176e+00
-2.832705523146819004e-01
-3.352025747295348523e-01
1.808603218263641565e+00
-3.972627202243632638e-01
-9.924097908114672961e-01
2.613095601215329467e-01
1.109569691355714482e+00
-1.351059435937339792e+00
2.595854819988021589e-01
6.389501587348682676e-01
-1.732399196554290643e+00
9.831131807184263494e-01
7.255218901059130587e-01
6.623630202500150332e-01
-1.828024436093057759e+00
-9.477212349544270609e-01
-1.091393117512596156e+00
-2.518516922660197999e+00
-1.254840208165940219e+00
-2.693178914601919161e-01
-1.519818076255931683e+00
-5.745130037052934568e-01
2.179227866476631803e-01
1.524148351042499350e+00
1.194609967145630058e+00
9.749787507067262382e-01
-7.631601775391692044e-01
1.572342833326462852e+00
-2.460459366617335775e-01
1.813988865513720405e+00
-6.592369692518573743e-01
6.475993188117872279e-01
5.257042323622043156e-01
-6.573031288993291810e-01
-1.139379242367807965e+00
-2.624225299358595720e-01
-2.082146979529487574e+00
4.086884366400539648e+00
2.291679692551329417e+00
-1.013846466899996912e+00
-5.222482590975996430e-01
-1.046630153713428157e+00
-7.509302408850224708e-01
-8.228553896500025999e-01
-5.633316283169467198e-01
-6.742247352558532469e-01
-7.776420595974649075e-01
-1.983414974863455527e+00
1.007837703384493189e+00
-1.744858512422375885e+00
-2.464432673151060182e+00
-1.976701409312970448e+00
1.487192866733941798e-01
-6.621250338716961892e-01
1.445919782231808171e-01
1.898470660237534524e+00
2.667750203758334493e-01
6.532956718902216409e-02
2.860352673624766418e+00
1.565024656752282972e+00
-7.541616365587451298e-01
-1.072355138059020163e+00
-2.858619758684817214e-01
-5.191930110464237913e-01
-1.162910767233151788e-01
-2.327781855517123688e-01
-6.218057986489444744e-02
-1.392628059682369468e+00
-6.194724738549384213e-01
-3.820781313025740644e-01
2.846044648375539055e+00
3.908991871019491526e-01
-1.937203261086875017e-01
2.960929674070484907e-01
1.488124699535811502e+00
-1.696410785976620872e-02
7.148457862690875686e-01
3.470838016985826613e-01
5.671697613088886314e-01
-1.279039372788304263e-01
-1.101971291403459396e+00
1.856139930217990397e-01
3.837757203930394212e-01
1.421196586452011523e+00
1.844497175972776404e+00
-4.411226047370488956e-01
2.831801166504996914e-01
1.335531986952187111e+00
1.798306702162266291e+00
-1.146281640656290790e+00
-4.080186784803530031e-02
-1.485701078024249888e+00
1.501412884392197000e+00
-1.113584940434546144e+00
1.988576236346045079e+00
6.240007153100455284e-01
1.431186292930108905e-01
3.464344946369424250e-01
7.269016357777413617e-02
-2.065539931410818042e-01
-1.917240433564399993e-01
2.438711293124908863e-01
6.892530263116984912e-01
1.425040722560004802e+00
-3.214810127273795004e-01
1.785810263636041562e+00
-2.189867022942757924e+00
-7.955533066684141730e-01
2.203251681806399631e-01
-4.407475685222497219e-01
1.600799924328686785e+00
6.440319939766814272e-01
4.851103576652349147e-02
-1.738111793335926247e+00
-2.783582334406684566e-01
7.384913509491024541e-01
-5.387768102383132529e-01
8.408289225273790635e-01
-1.338132171766233114e-01
-4.918893567608959572e-01
1.039341500257496165e+00
2.030771316723334330e+00
-1.062923744985694086e+00
-9.135490859462311874e-01
2.592441379963545955e-01
-1.387270203511972166e+00
-5.485272630344875111e-01
3.963499931038214186e+00
2.143964107852049494e+00
-5.382645847076528156e-01
-5.392323019134979134e-01
-4.548981503355049583e-01
3.295611206106050517e-01
-9.729785730656992371e-02
-1.288488328679854078e+00
7.165717094964509926e-01
1.493501274038528948e-01
2.143757401782426797e-01
3.086698690255444077e+00
8.571490396604115602e-01
-4.347304297001191031e-01
-1.470409178026602426e+00
6.566411301906329712e-01
1.299884728513388765e+00
-1.656747260838712599e+00
-6.262447396842354408e-01
9.259609755637399076e-02
-1.482478750722800775e+00
-4.665402522979533728e-02
1.379329101325752482e+00
3.285885347278387769e-01
6.417376608834199914e-01
-1.162680124948429761e+00
1.442795055067119137e+00
6.517296291759233640e-01
2.973516483318289438e+00
-7.096584998084898288e-01
4.924424505766378246e-02
2.088852130180995914e+00
-7.707417642848248818e-01
1.291770783659254462e+00
1.792381191454676781e+00
-1.086154061533171067e+00
-9.107275228909266218e-01
-1.571368491316478266e+00
1.648740912566046823e+00
1.393806524580853079e+00
9.548929117885087692e-01
-1.976681839425777909e+00
-3.206357027352195743e-01
2.080634862020116493e+00
4.592983644763766193e-01
2.045475882237117737e+00
-2.660954047555659230e-01
1.092612668336343518e-01
-1.135190138049995134e+00
1.127659052628620984e+00
1.669000053161839858e+00
2.164834293540051746e+00
-1.498714391022931913e+00
-2.632649118379118747e+00
3.393852790565503597e-01
-1.868114371603437629e+00
1.228147785983378704e+00
1.624911863076466290e+00
-2.165742456367663049e+00
-1.993971758873224864e+00
1.243891967990132130e+00
-7.605947879423000657e-01
4.698217502236428089e-01
1.378162621047670733e+00
-1.258032670489275251e+00
2.165228812976982553e-01
-1.217634206864690150e+00
2.734335714171347576e+00
-8.571833086555891157e-02
-2.501607323730867805e-01
2.856294564354566745e-02
1.465829848785822342e+00
4.321008605172851347e-01
-1.697214721558637951e+00
2.197299498304571053e+00
-1.632527405933532627e+00
4.942674561200730565e-01
2.406453478294999115e+00
-1.822685555318077633e+00
3.615868866083582489e-01
1.802503673961355801e+00
-4.517194634090451189e-01
-2.374871578698235730e+00
1.806765861857834388e+00
-7.157689629082009120e-01
-3.206494982316820952e-01
-9.616877218757906576e-01
7.434113105641282360e-01
2.589909116068392692e+00
1.496060583797697241e+00
9.289392457486522758e-01
-7.975253159724262630e-01
3.321099511223559730e-01
