1.963646019487460315e+00
-6.988808384321929523e-01
-1.547340040794209060e+00
5.369598223120872760e-01
2.252874741874988374e-01
2.395861868061386346e-01
1.171618265638154632e+00
6.168880744239739755e-01
3.062808607260343763e+00
4.294761181516658866e+00
-2.973510106947569120e+00
-1.970807010621088651e+00
1.688160705108518123e+00
-8.848801741373497620e-01
-1.964627235857915544e+00
1.140437796692992833e+00
-3.316389059266084960e+00
1.795334179946513231e+00
4.528302513159557563e+00
4.773987029393955694e-01
-7.829759420765789457e-01
2.101058983620093912e+00
-9.632435265619507803e-01
4.375590967135291720e+00
-3.345578035683736129e+00
-2.596697264877792399e+00
3.551438680830962369e+00
-1.916074137195487026e-01
-1.841063267088607347e-01
-2.870317697369306753e+00
-1.873664205212412170e+00
1.011200977351136565e+00
4.100967483313731066e-01
-8.153017008209682004e-01
-6.648965900740488877e-02
-2.484119959797480348e+00
-2.677708769178874793e+00
-1.416138690750214923e+00
2.420178095052811784e-01
-2.002354233560828867e+00
5.168197713779640878e-01
-2.686899283797456128e+00
1.339687510993394781e-01
-1.419481269049771566e+00
1.566398784808598066e-01
8.125064063072420240e-01
-1.081988681471299785e-01
-7.233921249138113296e-01
2.066129248863255441e+00
-5.360275756112464762e-02
4.298549556157407636e+00
1.732118557761797462e+00
5.445661242198482910e-01
2.423354464076904691e+00
1.784946578155144792e+00
-3.122347507116778331e-01
2.098556398075207774e+00
4.304351755788289324e-01
2.232329735644942303e-01
-1.991339693357405238e+00
-1.503381720636683738e+00
4.789857583773846628e-01
-4.203562229435657827e-01
1.886934777893022996e+00
2.056042296929092572e-01
-1.514784255206762520e+00
4.323698851730053860e+00
2.552827517812303881e-01
1.389322400249323408e+00
-3.040777337472061248e+00
1.525304220432177615e-01
7.321027485477831220e-01
2.292339847228685557e+00
2.941633620929387405e+00
-8.412988211340932665e-01
1.191058026244348866e+00
4.925260085313876601e+00
2.708660162925942139e+00
1.178624232955495010e+00
-2.117651327550652773e+00
-1.534969039405399194e+00
-2.927263002117014068e+00
-4.914351843713978596e+00
-1.336131381999567491e+00
-2.101667404230507241e+00
-1.698580094502777360e+00
2.304201352748780351e-01
-9.030084647893055205e-02
-1.625343750855101632e-03
3.170284261407090298e+00
-2.195269610891669387e+00
-2.780400290732121249e-01
-4.746474825546354026e-02
-2.935184279141820340e-01
6.647889029873752520e-01
8.649971542704717464e-01
-6.099760161342970832e-01
-5.119524627449028031e-01
-1.392065855460993706e+00
1.769664581211747745e+00
1.793873290538695819e+00
-2.760193644584980177e+00
-1.500324119140524992e+00
-1.705293508601227970e+00
-9.918852987604349636e-01
3.202683162335542733e+00
2.141112863766927887e+00
-2.970934611178497331e+00
-5.000000000000000000e+00
9.636639444154067036e-01
1.185866683181350467e+00
5.265180343999222856e-01
3.070261737389223811e-01
3.061415104742239990e+00
-2.366958985128126525e+00
-1.955239781705386370e+00
-1.390090649956707836e-01
-2.831573611987629135e+00
-2.086967869270426768e+00
1.590795534881330298e+00
-2.922667143614416485e+00
-2.496151695005635052e+00
6.512235369885752689e-01
2.820400017911808277e-01
-1.284515384429983698e+00
1.717138464577821821e+00
-1.655461521418439830e-01
-2.075675276879327846e+00
-2.335257022939918770e+00
3.087233734888519265e+00
2.525174560026427706e+00
-2.418155498010973403e+00
1.523786918041336591e-01
5.647131028669605257e-02
-2.264953588607161894e+00
9.878970408579217377e-01
-3.030050969243625936e+00
-2.866413000088146035e-01
1.591766832968768419e+00
4.863873449814937189e-01
-1.255887183355539616e+00
1.434306562469505053e-01
-7.549709194860243500e-01
1.064360198552796177e-01
1.626023077273687001e+00
3.237806857120252957e+00
-1.314226633584436144e+00
2.143039488239963930e-01
1.981410589355679264e+00
1.819287844827533362e+00
-1.763447869304921145e+00
-1.353082865092654963e+00
1.984815534494710931e+00
1.555931599108925312e+00
-4.881987673888197321e-01
1.366753929937214451e+00
-9.090089968851557956e-01
3.337043956123130428e+00
-3.715885924577788657e-01
9.175266019657488670e-01
-1.100337976895620073e-01
-1.698079429250523020e+00
-1.595055792521428817e+00
-2.047822819959125962e+00
-1.249271956750863666e-02
7.442927401325780679e-01
-2.418416279824557868e+00
1.673976331445958365e+00
1.591450075927723695e+00
4.096835399218830887e+00
1.388612240274618159e+00
3.670994013000800749e+00
3.567450086108889806e-01
1.750352394987447546e+00
-6.451079736101803519e-01
1.905594162635820155e+00
4.701942512173758359e+00
6.130977471819143432e-01
-9.012719253787295770e-01
-1.149409525275657984e+00
1.538500598703349098e+00
5.951438597361446980e-01
-3.144528001741938361e+00
-1.307310813038464747e+00
2.418915775775101196e+00
3.355168363690332001e+00
6.018584925606971225e-01
-6.376490963643899335e-01
-3.119022155701900445e-01
6.645251929472175689e-01
-6.087369898841803462e-01
-7.522910486488978421e-01
-2.761466445301748784e+00
-1.053728868183485101e+00
1.543068017848005624e+00
2.331447866055689211e+00
-9.603479394132632407e-01
-8.775773087423122121e-01
1.500992963006507530e+00
-1.297548165794197850e+00
-3.606632425684654475e+00
1.839753973810013932e+00
-1.527584826282999853e+00
1.934011380255309831e+00
-1.908280991376468450e+00
2.031117680807472681e+00
-1.065967027144125723e-01
-6.220872323322286235e-01
-2.041053054254085453e+00
2.155143982198386432e+00
4.371873794041807315e-01
-2.794484815312891612e+00
-2.099547773855719335e+00
1.623816180770773165e+00
-2.144279561287376623e+00
-5.035898088350823087e-01
2.508528820360439227e+00
-6.590517979335537291e-01
3.159564606485288252e+00
9.693364449482579914e-01
2.702053195244928929e-01
9.778062854678903904e-01
-9.240159776992076246e-01
-1.456837303898303571e+00
1.154951915528190654e+00
-7.570015535290401942e-01
1.945785537973821810e+00
-1.031252728420110731e+00
-8.627742015796968644e-02
-1.688371275195668098e+00
3.819331660416022345e+00
1.719470881412972219e+00
1.246088921786401293e+00
1.202497288743402670e+00
3.145524144780257103e+00
-9.451699236596393661e-01
-2.693655476233351109e+00
1.177282424299200159e+00
-3.531858840673681499e+00
2.272486244181690651e-01
7.179359645041643034e-01
-1.737952370360076326e+00
5.563342689445320843e-01
-5.749441614957708779e-01
6.019083614516675951e-01
3.902602845712426216e-01
-3.679790153250817042e-02
-4.128050365987662396e+00
3.028574015066869407e+00
-2.634177897692894899e+00
1.013667013013187734e+00
6.013577917121217808e-01
-3.031025080149243323e-01
4.897600464889853455e+00
-1.144373668570310976e+00
4.607521303887729403e-02
-2.773369952472135580e-01
-2.789172030295147486e+00
3.062054984650920630e+00
6.642147243355083219e-01
3.725705957864684947e+00
4.264775124651944083e+00
2.987219074807216934e+00
-2.559844827924111499e+00
2.599336843933923724e+00
-2.658108185318261540e+00
-7.588766324109075256e-01
-3.874992303814559502e+00
2.079790905464013129e+00
-2.915894653892221466e+00
-3.725386459956006036e-01
-1.536880409714829199e-01
7.603436393219809020e-03
-2.040314591667737876e+00
-3.695258437708055510e+00
6.173885592116290510e-01
3.692386024506795650e+00
-2.615557408377011228e+00
2.996138949122265416e+00
5.000000000000000000e+00
-1.162561989985839261e+00
1.293625846567579174e+00
-2.824729267427735557e+00
7.510747382683380380e-01
-2.332725351361499833e+00
7.689954985229849882e-01
-2.366154871035188734e-01
1.616347900001017024e+00
-8.315943983748717017e-01
2.999918686181031191e+00
4.479244259651947502e+00
-5.736814747295690964e-01
3.701208455732164282e+00
-1.102777542528915689e+00
-8.091643866983311284e-01
2.498198358170668598e+00
-1.476532852920404704e+00
6.132583412536662948e-01
-1.560473280037534494e+00
-1.991741729010958473e+00
1.755401406516132745e+00
-2.833971982657448763e+00
-8.600972319124799981e-02
-1.964948505999529083e+00
1.865536935309707545e+00
9.144236939189633873e-01
-4.657620668014983423e-01
7.943896739847620125e-01
-2.145698350703841406e+00
-9.648907035335358984e-01
1.938311896919426403e+00
-1.808063657597145379e+00
3.262401424729706179e+00
1.104296412508225522e+00
2.403258952641449397e-01
-2.732680439362213498e+00
8.388751470695821055e-01
-1.234697404169709856e+00
1.089386427900671528e+00
-1.391665839506792679e-01
-2.892545315440344211e+00
2.868704523354158376e+00
4.246217489047360516e+00
-2.346471150800693906e+00
-1.539680467802941877e-01
4.709766623994813273e-01
-1.092189662005610629e+00
-2.695958764868958468e+00
-4.237764729248459261e+00
2.090462801007824112e+00
4.185161271798472526e+00
-7.684273294617334216e-01
7.014237805157677030e-01
4.824686856645126198e-01
-2.638638971143559164e+00
-2.633443328913296355e+00
7.062494889810082555e-01
1.245287240241062854e+00
1.416280714262565965e+00
-2.697379445206435467e+00
-6.626761748786504924e-01
1.560112932350394388e+00
-6.893205468004994785e-01
-2.378212798376178050e+00
-2.898656276364199869e+00
-8.487034531333579324e-01
-1.437643587888350893e-01
-9.197671295854012996e-01
1.370039952123633498e+00
3.557872501549736555e+00
-3.710508612558273356e+00
-5.697187753624977091e-02
1.267218657067736842e-01
-2.453050090539336647e+00
-1.526947809605895046e+00
8.357085621690494293e-01
2.001650703528135011e-02
-2.051814050948310708e-01
7.451172740173515052e-01
-3.262848048572237758e-01
-4.808485660260179984e-01
1.412278133521765788e+00
-2.936208629706162476e+00
8.849540658761920753e-01
-5.413037428078428803e-01
-1.200135868265243655e+00
5.535485400752602203e-01
2.352577973167297998e+00
1.839811526336222691e+00
-2.351566830554041587e-01
-1.464543387241679095e+00
6.741353388398687585e-01
-2.223732310447790184e+00
-9.869170480760427466e-01
2.776530166991832971e+00
-4.154039895318273778e+00
2.608302697440709750e+00
-1.329190942474780535e+00
1.232437572451170027e+00
-3.038500628972681916e+00
4.795872715716569701e+00
-3.778512017440691650e-01
-5.474330398450550916e-01
-2.435642717765462706e+00
-7.079721861779724179e-01
4.688951638027152313e+00
-2.220317049777262852e+00
1.441202074149494194e+00
-2.537430466635461457e+00
-3.079157080598005081e-01
2.036245576821307246e+00
4.398157927731318750e-01
-2.199258143013811395e+00
3.017830670814475980e+00
1.729524280750860399e+00
4.398571222014496129e+00
-8.288336265292892691e-01
1.749162753435160589e+00
3.235094117182118367e+00
-1.999240879273640470e+00
-1.019279150354144736e+00
-6.030743267161984278e-01
3.552836457883216781e+00
2.860590546438808168e+00
-1.728836415309110919e+00
1.133761813932330220e+00
-2.564570898614611405e+00
-1.337745710507927122e+00
-1.517042952610934137e+00
1.019125308693141108e+00
3.769152038663731830e+00
6.232756657502847020e-01
1.831780259879735695e+00
-3.990837192760565699e-02
2.937029576239236661e+00
-2.266156052276535604e-03
-1.586205934774365112e+00
1.065343525837985084e+00
7.179326918697306326e-01
2.624130593672679979e+00
5.000000000000000000e+00
-1.837819382549288783e+00
9.156341023541125779e-01
-2.390857618937551443e+00
-1.823838065099756545e+00
-1.409913974336556741e+00
-2.293145363953783544e-01
2.542421486581560863e+00
-2.073448223557410763e+00
1.027959252343979557e-01
-8.181137584687849795e-01
1.985917171035953999e+00
3.700089127777266285e+00
2.358694055423335101e+00
-2.714935868889458703e-01
-4.980498907504102846e-01
1.487943458342918746e+00
-5.819913407185222098e-01
1.669426562557415394e+00
4.656137440397428051e+00
1.996345910229589293e+00
2.789199638122648039e+00
-2.759644337311630835e-01
3.155179627710893442e-01
1.404083605993605488e+00
-1.852460635692020574e+00
1.865316688351787100e+00
-1.831731627511341554e+00
-2.991655790808698256e+00
-1.851851392625380566e+00
-5.961984729579485887e-01
2.637751359320659184e+00
4.116942230726277074e-01
6.691172984379365474e-01
2.872741740831425084e+00
-1.976425488132898423e+00
-2.363804148748957612e+00
-5.792395602520388209e-01
2.595252318759079024e+00
-3.603346266937403897e-01
-1.351341792562648969e+00
-4.869313411606945863e+00
-2.553370265520380489e+00
2.985268413106663132e-01
-4.228639155743993960e+00
1.197150507185145152e+00
1.865376415703465796e-01
7.601947772357142696e-01
-3.613722675481865210e-01
-1.084814283149273972e+00
1.988109488821791615e+00
4.240357303761758345e+00
-1.020639139496097858e+00
-6.676236466327658547e-01
2.161466726946057904e+00
-1.557774780780652790e+00
-1.105474570772694065e+00
-6.224109458297553132e-01
-3.379726840526602327e+00
-1.038232407382859712e+00
-3.120689261973734308e+00
2.594499284332153266e+00
1.541469922294202988e-01
-2.577799416280078582e+00
-2.816068175498350090e+00
-1.821951560751357668e+00
4.012508338419351617e-01
-1.905612745474591918e-01
1.525884280445612973e-01
-2.990254690474269506e+00
-1.052807233230126371e-01
-1.207759972157973483e+00
-1.436620133556054668e-01
-1.258546716033259738e+00
4.512698569996921094e+00
4.169138380566650426e-02
5.702852800013324952e-01
-1.549685901714902947e+00
9.419355407531195823e-01
-2.943397581600849300e+00
-1.149134026267155662e-01
4.038758514437493119e+00
-9.586851736932908707e-01
1.340727316180808870e+00
-4.902036014785015716e+00
4.859086900519589136e-01
-2.286455111155718534e+00
-2.458881628415898746e-02
-4.589352787355744923e-01
2.926523505127123670e+00
-2.494329367655786278e+00
-9.568992228623862673e-01
5.711318000604812539e-01
