1.362878077967822676e+00
1.975209752626970072e+00
1.025528235330167348e+00
-2.286810084369820473e+00
3.282337200856648707e-01
2.254602334564710375e+00
-2.243901131354816947e+00
6.305488879348821740e-01
3.648668158014345408e-03
1.892090261803682338e+00
1.507596303762791301e+00
2.048627356789491927e+00
1.436496378557484022e+00
-1.638115672472417739e+00
3.352873498569515220e-01
-5.195872311131477517e-02
-4.803559821956415732e-01
1.004668307868783472e-02
9.543719750915711231e-01
2.768347782619606789e-02
3.783840543435292858e-01
1.205418154828834076e+00
-2.435836344241772977e-01
-1.255375443799735535e+00
1.252434216806516787e+00
3.519526010547462391e-01
-1.252648130741196297e-01
-1.141160466334008916e+00
-4.711348120302485398e-01
4.651983061104836281e-02
1.067197439361168065e+00
-4.242578008554973579e-01
3.457522876790051214e-01
-6.723860396454304222e-01
1.601592961860170305e+00
-3.302191997436354498e-01
3.811451761648276815e-01
1.423027281437220459e+00
-1.026656047521172344e+00
-1.264626729019060480e+00
1.993114436852306603e+00
2.630609655012419168e-01
-4.536344601248778474e-01
5.126073168653588752e-01
3.445480033366301598e-01
-1.779734891108107675e+00
-5.486600532332870372e-01
1.725708469393728350e+00
1.163673559452260697e+00
-4.189086265776804652e-01
-1.659284711119419331e+00
5.765740179587179881e-01
2.572050833772578926e-01
-2.167171924905622049e-01
-8.905376010656897989e-01
-4.856779067169192388e-01
2.030197695440163486e-01
2.949394750005174259e-01
6.040355325400028619e-01
-2.107295463280257408e+00
2.081319505846002116e+00
1.065837327340327434e+00
1.479178598011285928e+00
2.859376342044921415e-01
4.712099098096098615e-01
1.305056546696974351e+00
-1.653226069381819041e+00
-2.690953945072305231e-01
7.807953198221149194e-01
-1.263815463574680109e-03
1.078470295668353174e+00
1.523937315166432604e+00
2.067563679374307739e+00
1.269809929473487919e+00
-1.042654301987782528e+00
-3.914721619141321440e-01
1.237212461506830508e+00
2.776151374682900297e-01
5.481333850164098465e-01
8.930218381614407619e-01
9.453996549630083734e-01
-5.944969232319792241e-01
3.549666013742571735e-01
-1.600696301440620584e+00
1.008545084510462431e+00
-1.925142461449877995e+00
-1.780554689873039997e+00
-1.253982359006258207e-01
-7.957402358279948018e-01
-1.611320400667377584e-01
2.198270471412078209e-01
-1.358940406078045449e+00
1.168063075297163245e+00
-1.085108521640774093e+00
1.566319339549524514e+00
-6.498721325865481901e-01
-4.135103071247332451e-01
1.138728538374548904e+00
5.728032291180040758e-01
-2.319977108158878032e+00
6.421081451025560938e-01
-2.102297304669561662e+00
-9.003087722034557316e-01
2.902080739076389193e-01
-2.258415992447986298e-01
-1.442286674209218855e+00
7.012829876423154474e-02
1.002209319857303882e+00
-5.038666383473717758e-01
-1.716474225736973835e+00
-3.279273703591760736e-01
6.617423262643340465e-01
-5.151433420203881397e-01
-1.061609205511346854e+00
-2.462416013291228722e-01
-7.463011514723554285e-01
1.110313681073158421e-01
5.842163799993125295e-01
9.175500788581469891e-01
2.823196692520530959e+00
2.223865271762015539e-02
-5.212367461740807784e-02
-1.454937520780180904e+00
-6.444570939402263221e-01
8.081450377970478272e-01
-1.993904076378685275e-01
3.279218373857615276e-01
-2.175045935435707012e+00
-2.399187001988973833e-01
-8.896111455433510784e-01
-2.549986144980858072e-01
-3.429433050092134394e-01
1.897524648190868746e+00
-6.391599552432705167e-01
-6.772170938399568740e-01
3.030024786541316573e-01
-6.197104501644545849e-02
-1.647296013250719504e+00
-1.121038177532139635e+00
-6.858450803513296279e-01
-2.215702170815685434e-01
-4.148214563590615356e-01
5.892766877449817642e-01
-2.626841396177601595e-01
-7.139311794970835123e-01
-1.719700533296210310e+00
1.723847761242842225e+00
-2.949502995403596728e-01
-2.578525611420268149e-02
1.127161207192621362e+00
2.264842967306607058e+00
-2.009431881463681346e+00
8.093036646904820941e-01
3.313543443145519518e+00
-7.666117610864127130e-01
-7.580266230519958626e-01
1.312890215802476668e+00
-2.522618748649157361e+00
1.234409941793153109e+00
3.111620748556100935e-01
1.904892243563555354e+00
1.923692546350643795e-01
-1.554904942249447863e+00
6.754161355563628177e-01
7.926884732715242521e-01
-7.079708354061029496e-01
-1.714920708802609717e+00
9.695185254051130741e-01
-2.240249066078803253e-01
6.860422949956168637e-01
-9.521613191828057765e-01
-7.071061773698348318e-01
-1.272425317904024578e+00
-4.859509447835623774e-01
3.971172241028222416e-01
1.484966210331421621e+00
1.094979740150926695e+00
-3.904640511110741841e-01
9.671667841265190191e-01
6.627705931557938968e-01
-1.436150441654926446e+00
3.848104886178491668e-01
2.100999357412085544e-01
-2.538031571737071612e+00
-2.081688189124055288e+00
-7.027069222275024174e-01
-8.040133064431085330e-01
1.001000666102145331e+00
-7.906443970792835785e-01
-1.254512413684378824e+00
-1.496881081977414762e+00
-9.986341753242005126e-01
2.227359015735945746e-01
-2.176321143415179904e+00
2.092989808770511218e-01
-1.321815480182030100e+00
2.209078736733190773e+00
-1.444209613937341707e+00
1.363283713382763551e+00
-5.618274275786330207e-01
-6.322220436934831156e-01
1.645118169292777210e+00
-4.418637866536059278e-01
1.148678702352347258e+00
1.574254852621148615e-01
9.092470060126025544e-01
3.275831999794380778e-01
-1.621048288367674672e-01
-5.688571740416970002e-01
4.625581018417079804e-01
-4.944944723715458679e-01
-9.417752326898387594e-02
-3.993907663219822268e-01
-1.199587271755069739e+00
-1.432540898450254119e-01
-6.723444236644571248e-02
9.381071171789479024e-01
-6.127228760559475518e-01
-1.108601546154766027e-01
2.397127229109487168e+00
-1.203732130717249493e+00
-9.812819421876586290e-01
-1.368780208507385243e+00
2.395823671653927178e+00
2.361538129058566859e+00
-1.115595388808108712e+00
4.652670409623835823e-01
-2.115080231243773312e-01
1.961741209427673382e+00
-1.508318484944730642e+00
1.628277836237794318e+00
1.787762777064715536e+00
1.746345706600322956e-01
-4.098993309659776152e+00
-1.353888953660783656e+00
1.187725426553040364e+00
-1.480471761555351762e+00
2.976734093776478574e-02
-1.717060954864146893e-01
1.617604775882954371e+00
-3.582661692585933366e-01
-4.842915754595686906e-01
2.707857093680865468e+00
8.414611808462213460e-01
1.222387556887827742e+00
2.098246813586859716e+00
-5.769735636912587395e-01
2.704347876212676027e-02
-1.549594279830674104e+00
-1.191972903497930947e+00
1.306823375118301378e+00
1.289149562431588514e+00
-3.652483488264293143e-01
4.631669618249016906e-01
-1.171902645555888078e+00
-4.519636858807665192e-01
4.778604832977588757e-01
4.390587672735435376e-02
-7.400542674763697093e-01
1.001015026653028883e+00
5.844084466250887289e-01
1.072930408429599858e+00
-1.304827545868906036e+00
9.955018510002657806e-01
-1.684798784537330008e+00
2.709251475161802425e+00
1.715799179819608611e+00
1.356975539304224654e+00
-1.657571793327426768e+00
1.316599434668987989e+00
-7.605760341504419486e-01
-2.037230501458534349e+00
1.175785191453575962e+00
-1.114448133211896064e-01
-5.555913302085988548e-01
6.841809101754590117e-01
6.437224148955476011e-01
1.164958452433180192e+00
-1.114418560811480940e+00
-3.010305218819286921e-01
-1.737097375195559401e+00
1.070587918760508295e+00
-1.948668946417353443e+00
7.613066836592441433e-02
-7.645811641868922592e-01
-1.060839864878184713e+00
-3.006292782109546202e+00
1.318577553280178449e+00
1.135549653994232244e-01
-1.906842285549359417e-02
-2.489871091556687510e+00
5.492007230049722466e-02
4.834939991086670830e-01
2.316072709777614591e-01
9.739274430074216227e-01
3.294809906789719633e-01
1.594603952884968479e+00
1.018608883279564559e+00
2.843560275682115446e-01
-1.321237268918148189e+00
2.853830220644653082e-01
1.470096554269365363e+00
1.319347009884010546e+00
4.096750206310595388e-01
-2.276404683365633730e-01
-8.692489534550524866e-01
-6.183123007462105747e-01
-6.426746108193999163e-01
-2.900246435585973614e-02
-7.327496172491496651e-01
-1.209110940265063938e+00
3.352921351654414295e-01
-7.423668708064212751e-01
9.224147936031270589e-01
-1.952455846318774668e+00
3.123079086886761502e+00
8.151134821981207423e-01
-1.498356994140449316e+00
-2.094380053866675695e-01
-6.892521753266258600e-01
8.856633512224938443e-01
-5.290371649749294747e-01
5.538764758090160001e-01
2.191653874517998091e-01
1.706352378350444177e+00
-1.924127763443272965e+00
6.569202630609716209e-01
7.444968292210045746e-01
2.148573144214576125e+00
7.222704856256134676e-01
-1.355890186781119056e-01
-4.489623902467618777e-01
4.074595962129645699e-02
2.441942564133370297e-01
2.167519659841525836e+00
3.338208011110701534e-01
4.049134108536431853e-01
1.597473174972103394e+00
9.149729697295025943e-01
-1.700810431781392573e+00
-6.243616429053311379e-02
2.960213598445537997e-02
-9.807579477924557310e-01
1.038730766510862935e+00
5.375972669501756229e-01
3.928286291830964672e-01
1.783025637318171874e+00
3.430896627827593193e-01
1.837341000875318819e+00
6.064451985929864009e-04
1.433230833279708349e-01
6.942908572044990123e-01
5.415876457168984359e-01
-1.709168881938718965e+00
-1.556481309728272588e+00
-3.037460924405559481e-01
8.821268334058718352e-01
-1.484071015489165646e+00
1.002669655403551907e+00
6.834681145964509597e-01
5.528983717188893365e-01
-3.389028904170823253e-01
-1.417211631373354042e+00
-4.176725755184129696e-03
2.872309112938618014e-01
-6.462232809300187952e-01
-4.284931203446218362e-01
-3.621304850283584287e-01
-1.315074287039841305e+00
-4.709249443520349132e-01
-2.647800412512486545e-01
-5.489677827645795816e-01
1.059020813919026693e+00
1.225774923082937562e+00
6.532478447454082016e-01
6.666039563591628081e-01
8.610047185459022145e-01
-6.838074742050901378e-01
-6.576121522599986946e-01
-1.406313259729308207e+00
6.151087030098540964e-01
-1.350302731377092336e+00
1.919831552718651579e+00
7.755038342131745921e-01
4.137475030811197385e-01
2.286137971430496130e+00
-2.769537666036594459e-01
-2.241994790044756769e-01
7.120951354529960753e-01
-2.182558161331729529e+00
-7.503434120563321486e-01
-1.620541556992682430e+00
4.106033596928959639e-03
5.934996797303915272e-01
1.569324582466220974e+00
2.954876585077741424e-01
1.034403867031374880e+00
-1.305854391528864511e-01
1.052104446806456650e-02
-2.058771682774389600e+00
-1.456270826469256985e+00
2.456355223833868173e+00
6.791828566602697848e-01
-1.510360911943147144e-01
5.077726083922033951e-01
-1.889106077211388790e+00
-2.620999451947101377e-01
1.276503986999014018e+00
4.436187055994986750e-01
9.766865321945852330e-01
-6.963922552953905054e-01
1.585086343697776456e+00
-1.684183451603486148e+00
-1.732958537279598588e+00
-6.991543733512450842e-02
1.144047735312151204e+00
1.465773386591808780e+00
-6.465978339671849540e-01
4.421828035324377737e-01
-4.418817371723875453e-01
-9.947453616570420820e-01
-3.469537974951943937e-01
1.841008308641702840e+00
-1.641877153861397876e+00
-6.776664178026914342e-01
-1.618268597626642435e+00
9.472308134876570307e-01
-7.321128541594745798e-01
-3.302495434308685418e-01
-2.658765554744132231e+00
-5.685503599567294231e-01
1.362412049784084367e+00
5.490706521630048798e-01
-9.020276943588436680e-01
-7.601764171141471849e-01
2.029961261879317469e+00
1.442378077485938270e+00
1.013187357839192337e+00
-1.154248598085088062e-01
7.736972078088619753e-01
5.309769388763534437e-01
-3.030723240937414076e-01
2.672168073719163317e-01
3.126986501209463754e+00
-2.391851101642373578e+00
-2.978652304511406612e-01
-8.499486912674178996e-01
-6.426321889274264620e-01
5.485332226701977731e-01
1.037801036338690253e+00
-1.762430862427532219e+00
-9.237414228029638963e-01
-5.654223424797670816e-01
5.477455888159870057e-01
-5.314712040863209808e-01
-6.180776678007502412e-01
-9.997352835535409099e-01
4.888061394928744363e-01
3.978011451312566393e-01
1.437118996415875927e-01
-8.782821745939903835e-01
1.226800678809157219e+00
1.114468754143668860e+00
-1.100914034514797635e+00
-4.587629120524558957e-01
6.817968845307227355e-01
6.618694991060696253e-01
-1.367146706551782831e+00
2.707684204127140504e+00
-2.105523514745716085e+00
1.393880576236735891e+00
-1.280165428682855211e+00
5.886176198020409700e-01
-2.999262741875350358e-01
-4.938983185218681626e-01
5.363928877856070088e-01
1.743594679234361067e+00
1.240615740465685235e+00
2.072984472984451543e-02
-1.636727216228854864e+00
-1.318737741013367160e+00
-1.298320627108965120e+00
1.705039706415222511e+00
-7.584930864610495149e-01
1.069132451058574240e+00
2.203142823741135459e-01
-7.261661416431168803e-01
-3.705822098258204633e-01
1.863286749654136543e+00
5.747367976188320071e-01
2.577220211495796498e+00
1.598749726050039399e+00
8.907050536455223266e-01
-1.366123010473687671e-01
-1.518800841254445366e+00
3.963040920611415885e-02
1.384658785541235559e+00
3.341153218127477231e-01
-1.292236290542190247e-01
-4.332910344412228554e-01
3.110110859874817280e-01
-1.031316401199315891e+00
-2.506220128290586047e-01
3.982342751497274236e-01
-3.045068546544538179e-02
8.113020275126778813e-01
2.050197783092784221e-01
1.389338154998227992e+00
1.759322732123774102e+00
1.554424453592737621e-01
9.148525884945444275e-01
-2.001892649592061701e+00
-7.864796450818776208e-01
