2.036527280605468171e+00
-2.270867461824552791e-01
-8.749229705665602097e-01
4.085197763683121153e+00
-2.710350621684105121e+00
-1.754377209835371154e+00
-2.616575551727809312e+00
-1.571704130067705485e+00
5.297679964656580864e-01
2.665932988347946342e+00
-1.319497741537323687e+00
-1.595761245964757435e-01
-7.300532657194906960e-01
9.296156255938452517e-01
-2.515742059625505345e+00
-1.115426186661854224e+00
-5.290603042495725106e-01
1.108903334755538594e+00
-1.653189787287549173e+00
-3.175980177850320274e+00
-2.559256451824902800e+00
2.337299497145949090e+00
-1.870395888962460340e+00
-1.134488809262664155e+00
1.955553535941797705e+00
-4.257054942299475009e+00
3.463772946238474759e-02
-2.409171075400390549e+00
3.305938286296481010e+00
1.903943073077028814e+00
-2.738418174375747416e+00
-1.509889023307676936e+00
-3.145127981561505415e+00
2.805651702698956917e+00
3.516202636878588805e+00
3.146626424501988595e+00
1.919600430711534855e+00
-3.597879578043894355e-01
-9.010099543138974099e-01
4.600172284348609253e-01
-1.712338531377320283e+00
1.257782022412432532e+00
-1.780286043237974791e+00
-2.027624699714348999e+00
8.648189588202992439e-01
-2.651638727000436901e+00
7.405201101859395507e-01
-3.563875672468874711e-02
3.134730985327356834e+00
-9.132942467579443502e-01
6.163607329942788482e-02
-1.815810944753263101e+00
-2.553357466923535490e+00
2.943772614279263067e-01
-2.504548757202793574e+00
-4.033567497480086139e+00
4.443551113266543950e-01
1.026655360335708700e+00
6.242221512644965387e-01
-1.779713898182348597e+00
-6.751376750037501040e-01
1.445634525797125036e+00
-2.786854137881678017e+00
-1.366960956992687493e+00
5.702167880703434832e-03
6.171978176148655848e-01
2.267840420606890284e+00
4.826205381580619402e-01
-2.829189378560217349e+00
-2.096871346383517576e-01
-2.181305002275466975e+00
2.337473705314566885e+00
-2.632562796350332412e+00
2.638553089163088394e+00
-3.312902107009507269e+00
4.067780726777455058e+00
-1.076458484296912488e+00
-7.415792031751964331e-01
2.661181981643709449e+00
-1.844589654757822661e+00
-7.391705677013771236e-02
-3.088256005321408537e+00
3.404058568897017523e+00
-1.456353848180211408e+00
-7.940968979976350539e-01
-1.677901288192489737e+00
-9.486328784911162160e-01
2.651557432799006797e+00
6.312499940671827403e-01
-2.148450293676924527e+00
-5.000000000000000000e+00
-1.419363603729886236e-01
-3.262581545669043681e+00
-6.327256953914064397e-01
2.571231507585168607e+00
1.137818971283658165e+00
-1.015237645503423991e+00
1.862398724467753119e+00
-2.128001115677049526e-01
-8.627495078654607852e-01
6.559802866975150692e-01
1.457373800955597432e+00
-1.249918786245256541e-01
1.407551161314943400e+00
-1.453196958897435831e+00
2.105853674300943723e+00
1.570382410320192434e+00
1.512925042669116316e+00
1.544163985581230136e+00
-2.331070934767711211e+00
-2.049933010630067276e+00
7.487259720228429671e-01
-2.617419955675844179e+00
-2.191313684491823288e+00
-1.303359331208829630e+00
-5.258236081402882789e-01
-3.357776151018774247e+00
-3.300408103893858858e+00
1.869731392094942102e+00
-1.116723807887145536e+00
-1.952404439014100213e+00
1.399730027436212332e+00
1.801255175903263783e+00
-1.640990809974561593e+00
-5.616655281756690599e-01
-7.780581423956949294e-01
3.361992600194426473e+00
-2.809188157655196250e+00
-1.343172397304306376e+00
1.723183448074917301e+00
3.232591661291882801e+00
7.458331257239869672e-01
-1.097756760977704360e+00
1.455583056392825370e+00
-7.202833884632102723e-01
2.657771274257811456e+00
-2.216647122397609415e+00
-1.316657685108518550e+00
-2.746150684012129695e+00
-2.056882827694028748e-02
-4.136261447047809625e+00
-2.407261027290701794e+00
3.894483521179894936e+00
-1.744530243876392550e+00
7.126550963745383882e-01
1.214550789415067555e-01
1.333662451129624671e+00
1.881122027576691558e+00
-1.729061382863366081e+00
-3.990182127808648005e-01
-4.266454133071219346e+00
-2.404427763139038721e+00
3.463131537381428871e+00
-4.412442939417999810e-01
-1.029905178137833222e+00
1.531937922723612289e+00
-9.115917262108190755e-01
-1.893262464002493317e+00
2.238137064753057182e+00
-3.218149655067092940e+00
1.307483683598736235e+00
-2.384363279280252712e+00
7.052591475181415603e-01
-2.706837246702988864e-01
4.527851079723159700e-01
-9.430967333497886074e-01
-1.449039070814932550e+00
-2.711882193852241940e-01
1.870263005276109780e+00
-8.836818088932183457e-01
8.724319033598151307e-01
-1.776982542512047125e+00
-1.518082168705803259e+00
-1.345244779054936668e+00
2.808120185913334232e+00
4.027151347295166772e+00
-3.601127479180741275e-01
3.066802217924189833e+00
1.094599738477106676e+00
-1.382373602619590525e+00
-5.686221504233079926e-01
-7.993599796826815762e-01
-2.019818456316944122e+00
1.893733448420968912e+00
2.339861344296236823e+00
2.995947876241581653e+00
1.102270612362402424e+00
-1.206849816595974012e+00
-3.985953205245369446e-01
4.174813273375495015e-01
2.317283613387974839e+00
5.150875147843585466e-01
-2.750990118651037264e+00
-1.943648177107677899e+00
-2.809929179068146432e+00
2.575457817186920906e+00
1.578183580558951249e+00
-2.179894727570668600e+00
2.806452025318895593e+00
-2.774862409326251722e+00
-1.624090486287229851e+00
3.206487823040829355e+00
-1.977224134372583819e-01
2.423075829019049721e+00
4.181976723222069481e-01
1.085413260281215209e+00
-4.024358746197632897e+00
2.773008912836209205e+00
-2.291785057332402342e+00
-3.298792780894356014e+00
-2.474103264306334538e+00
-4.197746101549949316e+00
1.983128557843107487e+00
2.186628788084391317e+00
-2.394795219091339522e+00
-2.095845803731215540e-01
2.236269649102611723e+00
3.440127964650478987e-01
5.000000000000000000e+00
4.462719287317545636e+00
2.079666274704051077e+00
1.002999889487884211e+00
3.977814936383410327e-01
-2.581665452112809067e+00
1.746762254318508845e+00
2.028481868168174884e-01
-9.677383050462093905e-01
-1.850677564792420071e-01
-1.944156257431173707e+00
-6.807178805160676305e-01
1.161485563576524882e+00
2.175542487383586021e-01
3.596377411627099008e+00
-8.546470793595482007e-01
3.450489562602193416e+00
2.216015378824534032e+00
2.805957385478263788e+00
-3.841844013763049404e-01
-4.666869173605387111e+00
-1.287835994324646460e+00
-2.909369581667277771e+00
1.390385989615491980e+00
4.483078456594727257e+00
1.725589047843111956e+00
-1.155614128021968057e+00
-5.304483630387739623e-01
-6.285975411940158963e-01
-1.153753912926760439e+00
1.773702982052002497e+00
1.041998378650747625e+00
5.000000000000000000e+00
2.385696131578463053e-01
-6.703875200718627525e-01
2.583643522972176143e+00
-1.190138567938638481e+00
1.138078382511720221e-01
1.403935746250734695e+00
-3.394626842348029694e+00
2.189421026321737074e+00
-4.677291651304233966e-01
1.069650298146157752e+00
-5.116156946054308818e-01
-1.351358073836625096e+00
-1.213661342246687980e-01
1.039566320574145664e+00
1.099541393412994061e+00
-1.646843927382945605e+00
-2.707911510685531375e+00
8.342442437265953359e-01
-6.295250467225343982e-05
-2.137093379267741788e+00
2.563311496869412842e+00
-1.261910627486583003e+00
-2.214880835492127886e-01
2.242416919885097393e+00
-1.010466635879314623e-02
-5.218357395494219730e-01
-2.478620693787612073e+00
-3.997736562595176402e+00
1.221243994733849370e+00
2.703907269425106286e+00
-1.357775759522930059e-01
2.001374346880502308e+00
-3.535858059271136611e+00
7.385797811995793438e-01
1.780134862561676634e+00
-1.104394777529318361e-01
2.650578591829998665e+00
2.582072978397232710e+00
8.165899156195006725e-01
4.484578008824634310e+00
-2.485825582018609481e+00
-2.686170190669272984e+00
1.749069127900117593e+00
-2.346392719301602092e+00
1.604785917762626468e+00
8.379695021244257802e-01
2.424837068039567889e+00
2.489119591490832839e+00
1.348751555159135584e+00
2.568363913280347077e-01
-3.121228985405522849e+00
-6.350618079050303066e-01
-3.299842461304089980e-01
-1.888529991931182650e+00
1.888535309026798004e+00
3.639396727415569188e-01
-3.325514429484473844e+00
5.366079038601512252e-02
-3.668144688994177116e-01
-1.021599305506341704e+00
-2.381520157796785941e+00
1.247300655524357538e+00
-3.401512989315627067e-01
1.927363022878617826e+00
7.859684537649034297e-01
1.836097635470050449e+00
4.411571994956409171e-01
1.820861067044967641e-01
-5.081079355115001306e-01
2.455541242188984619e+00
6.560536327475210427e-01
9.665994255631602528e-01
-2.875826050551297808e+00
1.357901025779325366e+00
-7.871203472558940817e-01
1.339469853497660345e+00
-3.360153635453686505e-01
1.590612611996377268e+00
2.830611867467415443e+00
2.295233225163575419e+00
2.905038328746635479e+00
1.425161447524484259e+00
-1.643106452652318694e-01
-2.406827580525128241e-02
-2.314572819738298648e-01
-6.255819500281329937e-01
8.601431511115080752e-01
-1.621129012540145631e+00
-4.541756122010012220e-01
-2.385843636437490645e+00
2.325432732580914319e+00
2.518666758865792943e+00
-8.409800157669424792e-01
-3.072232692207466087e-01
4.766646200472202111e-02
1.316740956565500831e+00
1.606791047598808753e+00
4.055273143454218854e-01
2.397698298258983840e+00
-1.629828778375652654e+00
1.928975550491657032e+00
2.356234530844227848e+00
1.718521452285460605e+00
-5.382346157759156924e-01
9.618278005069615944e-01
-1.631286500871258927e+00
-2.214439194290375390e+00
-2.694741189886675770e+00
-1.500693000539590649e+00
-2.615701061161832541e+00
-2.493059033420234272e+00
-4.706259519679703018e-01
1.805118258030530498e+00
-2.346109553784875068e+00
-5.432754869914946383e-01
1.919942083145311784e-01
-1.858142611341190076e+00
-9.822925673958247117e-01
-2.425279602889660602e+00
3.463744319700445828e-01
-1.116972378114225783e+00
-6.112831704316779025e-02
1.265731681824401100e+00
-2.104161992655302793e+00
1.195147624222309801e+00
2.254000484753837519e+00
-1.733297255879648890e+00
2.149086721004644929e-01
2.871396881317942018e+00
1.845389664300352450e+00
1.653067730813887692e+00
1.956656319981979308e+00
-2.476877373925332471e+00
4.387301997383952212e-01
1.476961419462822889e+00
3.151517305681249326e+00
3.088977014276686361e+00
-1.965777140584621385e+00
7.862319038493783552e-01
7.433838347295251836e-01
-5.873312794034450945e-01
-2.062227846835043010e-01
1.670594448710339464e+00
1.023670758292512417e+00
2.580782583933682872e-02
-1.120034249614723088e+00
-5.403438672062224057e-01
7.110848680991441739e-01
1.324565562130635143e+00
8.288766857413669698e-01
4.984626714653694890e-01
-1.805223826919053476e+00
-1.340993603517686150e+00
1.888115581798497367e+00
-1.370741426724888079e+00
9.558388918997273720e-02
3.505769254616250663e+00
3.567580518466900941e+00
-3.786582009655887759e-01
1.083584382719402939e+00
1.043726743087160180e+00
-1.741474965974527223e+00
1.942480952936271876e-01
4.163988826624978046e+00
-1.297864213813786360e+00
-4.204755702223116565e+00
5.214706347199760117e-01
1.652283198895769800e-01
-3.369578022067025724e+00
1.882172195470839249e+00
2.790649808674505294e+00
-7.426791997842592252e-01
-3.341759411505971222e+00
-1.508576169571895775e-03
-2.120954242371635878e+00
-2.312865097056890029e+00
1.668713766809468702e+00
2.901902021510576191e-01
3.593460360950032850e+00
-1.025561758435490134e+00
4.133787163423802369e+00
1.327450137268188612e+00
-7.664648792088009088e-01
6.359141225077049597e-01
-1.771016617779146429e-01
3.921647531458694047e-01
-3.801447375805473428e+00
4.175887268083666726e-01
4.001465680303954997e-01
-2.443536157838116729e+00
-3.029150217519757327e+00
8.166928357097766877e-01
-2.436455645698182515e+00
-2.980332067769650095e+00
2.837405937389952726e+00
-2.563257685163069510e-01
-1.375969268556507252e+00
-4.215502589419912738e-01
-3.098374288835623602e-01
-3.999718682642567913e-01
-1.705305563514591949e+00
1.262056080281318771e+00
1.506127898105175333e+00
5.690648850891246724e-01
2.425812846079780094e+00
5.567725722143475053e-01
-5.548944979623833262e-01
2.409042852579327487e+00
1.941328742881717417e+00
-3.583233982069042867e+00
-2.830195869481586524e+00
1.764377092830806681e+00
1.923671986738197504e+00
1.700959214837787670e+00
4.768116270901977316e+00
-1.993772561205138238e+00
-2.603893161146508817e-02
-1.899237037668223493e+00
1.345688719084680685e+00
3.639987268182467872e+00
-1.423275730497365998e+00
2.500312155955803917e-01
-1.364582064041470311e+00
1.003612770929463771e+00
-2.323503141073135048e+00
3.860628508599406317e-01
1.058455998973641066e+00
-2.109892167309070921e+00
-1.082299154555190768e-01
1.664074578319947761e+00
2.158743842192135887e+00
-3.734604057495927165e+00
1.507914961865145287e+00
2.133654482663311924e+00
3.230170136363025080e+00
2.235608853084507075e+00
9.655068690926862374e-01
-7.133904729339874962e-01
-1.211834496174755138e+00
-1.388272082616915704e+00
4.717317818932418305e-01
3.566466308455089163e+00
2.171297165617549041e+00
7.081263222364588827e-01
-1.082116873378587307e+00
4.582838179188710725e-01
3.283915483935391677e+00
-1.960734760142230915e+00
2.967518195882600018e+00
-7.328920148363309295e-01
-2.202847111889780329e+00
-1.251196177158429013e+00
-3.394417846892037183e+00
1.385328954093951737e+00
1.599934664584039545e+00
-5.236792102385434688e-01
-1.611397550100732712e+00
2.618198370261648478e+00
9.667850108893158989e-01
-4.228405379305888445e+00
2.051346909354165859e+00
8.169403436852409328e-01
