1.823095715547506934e+00
4.855220726031683753e-01
-2.451127178083690517e+00
5.711131310321473364e-01
-8.201344164806556591e-01
9.099132689267630525e-02
1.171865835322821958e+00
9.025268286785177452e-01
1.272924232545495471e+00
2.316554843577181444e+00
-2.907707440238835872e+00
-2.072820385342097005e+00
6.879759250668504578e-01
-6.494594948432519388e-01
-1.378576910194686533e-01
-5.765221632208099578e-01
-2.752376058780346746e+00
-1.337030922971296221e-01
6.697327294074888471e-01
-1.291552788034850963e+00
-4.873758805506938074e-01
-9.756017108029517715e-01
-8.828992472410188697e-01
1.442668051899797632e+00
-8.316634628933918805e-01
-2.706157742539803124e+00
2.028747396353336896e+00
-7.947396091430549703e-01
-1.149308202913088106e+00
-5.959838401312866907e-01
-1.438914047936688867e+00
-5.877086630943875178e-01
7.748809805408596318e-01
-6.574635110454281062e-01
5.051080013867839114e-01
-2.458965523341476000e+00
-9.179995619096281700e-01
5.931961103680283287e-01
9.497109334681290704e-01
7.689082745453994505e-01
1.385270642441879474e+00
-8.560012901377174188e-01
3.138559754980434491e-01
1.029395980093468665e+00
9.423434679356414989e-01
6.392931283562148792e-01
-6.782436003111040890e-01
-2.572696860986820599e+00
4.946701309363366050e-01
-6.961113521623039091e-01
-2.733006798746639987e-02
-1.222851903549920127e+00
-1.192664585955744538e+00
2.330836765659496379e-01
1.963908987131990358e-01
-1.422004456063750144e+00
1.893950439687053233e-01
6.500373190954942260e-01
-7.596359688657141618e-01
-3.111712536972845999e+00
3.075158074401738162e-01
2.279747384953259015e-01
-4.601245086722069999e-01
6.348714212488886233e-01
-7.750722874904703019e-02
-1.401781512541425023e+00
2.695933469301881935e+00
-8.885937373658450156e-01
1.104343882076054051e+00
-2.821299689999441807e+00
2.711122579542193378e-01
1.261546045038038244e+00
-3.930935316231911614e-01
1.962345571012393819e+00
-8.420344150919323312e-02
1.024738643869422816e+00
3.443634132237766821e+00
2.292388987755405338e+00
2.541673490575853123e+00
-1.730298244097840055e+00
-2.685212520075881848e+00
-2.182818482308288122e+00
-1.924694766302596172e+00
-1.091345032564991158e+00
-3.387773730876220135e+00
-1.227549881794549602e+00
1.255941177374563011e+00
1.045310381752722506e+00
6.694440721630936508e-01
3.364509492548384273e-01
-1.846552327981122232e+00
-1.765488728386171324e+00
-8.137264928026768374e-01
-1.429560425255829159e+00
1.133191556903567765e+00
6.213557409710723789e-01
1.174182352411035524e+00
1.688957117226337346e-01
-8.031115733058946660e-02
-9.623640897484779799e-01
9.666604880294604740e-01
-1.202116544041563984e+00
2.651709227355301124e-01
1.652775410252999677e+00
2.115917165077910056e+00
-2.971899860023778928e-01
1.879007823901853946e+00
-2.564555606454093528e+00
-4.063345753842364516e-01
1.585605951548050285e-01
-1.327480758913583525e+00
1.251516051741359270e+00
1.073430602495824893e+00
5.483473729929801976e-01
-4.026477622629549558e-01
-4.043831776206534556e-01
-2.169812340436285236e+00
-1.530587227645573201e+00
-1.694686513169763042e+00
1.618241468582514386e+00
-2.501339934914000196e+00
-2.687278001499278535e+00
4.548579540726693793e-01
-2.152795632820540206e+00
-1.212818289942958483e+00
-1.314829713728228988e+00
2.853852405487833366e-01
-1.329001254603975113e+00
-1.332337499328951402e+00
7.246803382357347445e-01
2.022862582453150537e+00
-1.129331959435253552e-01
-1.738677554283634574e+00
-3.805477320365602267e-01
4.061941129467303568e-01
1.819524212684795472e-01
-2.803989662820772999e+00
-2.361370196683471256e+00
9.835240941514724611e-01
-1.048069214975554608e+00
-2.891156284449415637e+00
-2.470322899721506538e+00
1.685181842505960148e+00
2.461838358650041414e-01
-1.125514085822356236e+00
-7.312718677591343308e-01
8.463704386233503740e-01
5.049189477812081606e-01
8.200131736438311947e-01
3.488306358316073386e-02
1.949919354306910435e-01
-1.213144083265112361e+00
3.153999068724042232e+00
-3.032148737193169907e-01
1.504195543339656993e+00
2.225352705921769036e+00
-6.127815917343157892e-01
2.373469365833626554e+00
-1.112593567246369375e-01
-4.257518067929950689e-01
4.803651318351898070e-01
-2.046183498035580861e+00
-1.724362274197699385e+00
-2.820369105196807169e+00
-1.628365534748521526e-02
-1.584596236240521705e+00
-1.260028920237455274e+00
1.442957883443556355e+00
1.583965093462791351e+00
7.258306183368912201e-01
9.824251207004532915e-01
1.889920336385586097e+00
2.094674305043769280e+00
-7.823503034769512254e-01
-1.320243132762213278e-01
1.191024410278478385e+00
1.892606398169132120e+00
1.769380326162908190e+00
1.209874533518582318e+00
-9.099660620343286155e-01
4.988301423291581216e-01
1.316174475080178041e+00
-3.416830675451727473e-01
1.820246418550696355e+00
-8.387725325778578878e-01
3.108597416066240626e+00
-5.693093455779711931e-01
-4.020646264841944983e-01
7.295022352150404288e-02
8.312888107714027086e-01
-8.972553360012547330e-01
1.208351014426386705e+00
1.111215611304832152e-01
-2.081682610192498117e+00
-1.277776554268529097e+00
1.155307365218437354e+00
1.681430600712836565e-01
-3.240309753225579570e+00
-1.052969215044439633e+00
-5.866854588901313505e-01
-2.882532989395629741e-01
3.073364718983198074e+00
-1.432331390113521508e-01
1.686345420111435622e+00
-3.463039287639748665e-01
3.248549290607087414e+00
-1.625736843480165561e-01
-5.609721942561121111e-01
-9.221371895861878443e-01
-4.657033927351674762e-01
2.193649517318352338e-02
-1.368912868419464246e+00
1.828277217449308267e+00
-1.756203762894372744e+00
-2.748266518378827516e+00
-2.254606169210717770e+00
1.211060363295555220e+00
-5.813620362136733277e-01
3.421153968724091499e+00
8.344070753838073173e-01
1.566373199931461180e+00
-3.610473204921955670e-01
-1.520606505571307387e+00
-1.507636915814005718e+00
1.970867982791141060e+00
1.186872669235693678e+00
8.575596936903959744e-01
-2.116521063728382668e+00
-7.122297495027574143e-01
-2.224233989019062552e+00
2.022720474521104705e-01
8.030515776629592040e-01
2.190621495583730649e+00
-2.844185765910216546e-01
3.567851380789090143e+00
1.838413612091778226e+00
-2.512596545380229252e+00
4.595767969285429189e-01
-3.309911121402849155e+00
3.559085620892474822e-01
6.152794016923932574e-01
-1.762690769622298426e+00
1.799147473062873814e+00
-1.783771847865490479e+00
-1.414691832383310199e-01
6.506407639990854364e-01
4.077151836843739829e-01
-1.260133908436738892e+00
3.998561782206895288e-01
-1.722801444199264509e+00
2.643605169159205737e+00
1.113114007286459817e+00
1.137420352918471878e+00
2.082448884160266189e+00
-2.048732108768284377e+00
9.182838479813852928e-01
-7.100351418260277825e-01
-1.743617292927849505e+00
1.256623273121752149e+00
-1.933092385076875530e-01
-2.391306220941675775e-01
1.402848766563709937e+00
2.496604277802298988e+00
-7.214206517322327983e-01
-1.451045158765769116e-01
-1.528023547088271705e+00
-1.254028697610677590e+00
-9.175117973093787072e-01
-4.229450829162484382e-02
-1.096233990372334155e+00
-9.071042161526063907e-01
1.271550312430068885e+00
1.415667872301389352e+00
4.991213006713230982e-01
-1.467829497120345383e+00
3.896898958730243834e-02
-2.500487893470468848e-01
-1.189322429328711905e+00
4.558174904594869403e-01
3.720154240692840730e+00
-2.207418460450103481e-01
-9.853837411541022107e-02
-1.961001217094680449e+00
-2.377064969429532937e+00
-1.378929160353867811e+00
-7.862797213248287065e-01
-6.675673633804457552e-02
-2.208404883955683573e-02
-1.998410405018187230e+00
-2.894432463745886253e-01
2.815849498937420314e+00
-4.972096541359967148e-01
6.465009527809995049e-01
-1.887360427504406246e+00
-2.556077807736498730e+00
2.674595055863373538e+00
6.923594407822077912e-01
2.040621600048051931e+00
-1.993903301812742779e+00
-9.102051443369667538e-01
3.287264110767814884e+00
-2.502632412183242838e+00
-6.775027737350374224e-01
-1.912441224212524826e+00
1.538067543184517660e+00
2.648703601116499939e+00
-9.204188388827425626e-01
1.225452212885405956e+00
-8.716552127213885726e-01
7.043638631860122956e-01
-2.198374247137238058e-01
-8.423931935623416578e-01
1.188979229425061845e+00
2.222454476081844987e+00
-1.837990857387198140e+00
-6.604907783183122660e-04
2.610700901557246212e+00
-5.165369239270498625e-01
-1.300702123352585726e+00
3.222257758063484800e-01
-1.162773623215088037e+00
1.269940453480957743e-01
1.974748696198904696e+00
2.822285667512414165e-02
1.048936656276271862e+00
1.629223465147967786e+00
8.274271903429557540e-01
7.924464260056645060e-01
-1.036065618491169182e+00
1.925151554093496031e-01
2.108296646093890558e+00
-1.179674509328378029e+00
3.270335882309991504e-01
2.186753523233701202e+00
-1.552169003357049881e+00
-1.245825803641239737e+00
1.103052861303721599e+00
2.782178202702412229e+00
-5.939751202565313193e-01
-1.334159366473029351e+00
-1.261389891069631730e+00
-2.768093189237941232e-02
1.548542590804409258e+00
7.666534971472760418e-01
-2.065500008161348156e+00
-1.354404729254960582e+00
2.057108147333703840e+00
2.777115262323139433e+00
5.748655935988056243e-01
3.279692806143888362e+00
-3.272394619165140739e+00
-1.227512925605375393e+00
7.408586337343692207e-02
3.307238726351080516e-02
-4.956533166696130976e-01
4.865820273261487472e-01
-1.289715675394686123e+00
-1.190738269409159500e+00
5.491543806730270205e-01
8.628595546890238666e-01
1.367063891344368898e+00
1.930579317172766984e+00
-2.355145684529645678e+00
2.155706764397198327e-01
-7.667928891442787886e-01
-2.012977899687550476e+00
-2.379139481482290819e-01
-6.370748526705583004e-02
2.075914399180883940e+00
-1.152719685122530091e+00
-1.960756533766738308e+00
-7.124389083736195616e-01
-5.364139708475494928e-01
3.483256994852022004e-01
1.261667000419768314e+00
-2.556919909143234193e+00
2.472427662382683522e-01
-5.294223722762563256e-01
6.785539060452112636e-01
-3.983864050016157066e-01
1.634866820337048665e+00
-1.113724646720344325e+00
3.962666896353184143e-02
-2.782357036796456740e-01
8.387990343134701376e-01
2.176496724698799845e+00
-3.467120117393509560e-01
1.202871063037181720e+00
-5.748061180070038745e-01
1.943476268021537834e-01
-1.034622280507982772e+00
-1.514786880788308032e+00
-1.466884792686088623e+00
8.114065173457092328e-01
9.146105130439661224e-01
1.351386994746906822e+00
-1.629641022095759340e+00
-1.123965541172939897e+00
1.980834046689901484e+00
-1.914891759742791688e+00
1.648490294234754572e-01
2.190474731124758989e+00
1.517075163041794461e+00
-6.249888154601768164e-01
-1.422460822334006281e+00
5.673737810241172852e-01
2.483822666441950489e-01
9.309419561307743507e-01
7.800006269438339856e-01
6.217956786045490958e-01
3.650857162584655313e-01
7.100041401605041713e-01
1.505521731659036355e+00
-4.063011726824470315e-01
2.117870502187280124e+00
4.123442346250865143e-01
-1.856358144264858012e+00
3.755092917810030073e-01
-5.321294427336473731e-01
3.913241360622858878e-01
2.605308689171371483e+00
-1.679334652427897367e-01
-3.277630118171241946e-01
-1.038665039965729342e+00
3.763958335768364805e-01
-4.949124974542851163e-02
-2.092262419942811924e+00
-2.066963470478446752e-01
-7.106791402375538524e-01
-2.792812319199420301e-01
4.862939611173811016e-01
1.321311260180014102e+00
1.533477497023274516e+00
-1.495659285920459158e+00
-6.725874627511965187e-01
-8.901603425778938927e-01
2.019979397622472028e+00
-1.442670527980305373e+00
-8.498602048370056394e-01
3.432565911860494978e+00
1.252630348415317840e+00
-9.580188597536816175e-01
-1.533443863914298433e+00
6.334435393835535777e-01
-9.486952837653772619e-01
-8.342650978340415691e-01
2.693789199903222631e+00
3.205169508876419826e-01
-8.509133563049999793e-01
-6.542993723220398294e-01
-1.544200718572561470e+00
-7.611394975272878227e-01
1.277403474194553468e+00
2.525560135649769222e-01
4.972139817627585501e-02
-4.546808410885478935e-01
-1.670687312293359206e+00
-1.109402888316095570e+00
1.780821952056932389e-02
1.146299913593873399e+00
-1.135375024132187605e+00
-1.204298352633863534e+00
6.429697676062220424e-01
-2.402888432451311118e-01
-2.410933345696318231e+00
1.443149065805176434e+00
-1.779875986424980461e+00
-9.490246587850830196e-01
2.968174277082642476e-01
-2.460578465360229394e+00
-2.724469527978179428e-02
2.259260275470231782e+00
2.326862963765741199e-01
-2.563499893068383884e-01
4.353700898647545614e-01
5.051223875129888796e-01
-1.794374555610302124e+00
-3.304725859426769219e-01
-3.447888278263298023e+00
-8.809973667443902201e-01
-3.134571819895147105e+00
2.337041540355190961e+00
4.667099025278620417e-02
-1.442641127810443180e+00
-5.083770102855043049e-01
-8.465611024104884308e-01
1.069862910099237396e-01
-1.766267770530065562e+00
1.791442129318188137e-01
-2.215588891164127716e+00
-1.344559007770325110e+00
1.830218050587058443e+00
1.276464046029999189e+00
-1.363735829406401034e+00
1.360889343588857159e+00
3.008738778950029058e+00
1.919072904981989680e+00
4.617293911827458075e-01
-1.197557545341323415e+00
-7.475341624587379386e-01
-5.694812127139963209e-01
2.378011833887536675e+00
6.566950678230876193e-01
3.608073116513965672e-01
-1.383552951174624734e+00
-5.256491498551261188e-01
-4.928856953382236838e-01
6.422015805639880170e-02
-1.582195287996501776e+00
9.223124681094487798e-01
-3.383446746811213934e+00
1.099937855083106264e+00
1.953013210009149070e+00
