-1.032254350811096399e+00
-1.269003685074177268e+00
-3.297513390572463177e+00
-4.088337395529342722e+00
-4.088337395529342722e+00
-4.088337395529342722e+00
-4.088337395529342722e+00
-4.088337395529342722e+00
-4.088337395529342722e+00
-4.088337395529342722e+00
-4.088337395529342722e+00
-4.088337395529342722e+00
-4.088337395529342722e+00
-4.088337395529342722e+00
-4.088337395529342722e+00
-4.088337395529342722e+00
-4.088337395529342722e+00
-4.088337395529342722e+00
-5.437122089302659944e+00
-5.437122089302659944e+00
-5.437122089302659944e+00
-5.437122089302659944e+00
-5.437122089302659944e+00
-5.437122089302659944e+00
-5.437122089302659944e+00
-5.437122089302659944e+00
-5.437122089302659944e+00
-5.437122089302659944e+00
-5.437122089302659944e+00
-5.437122089302659944e+00
-5.437122089302659944e+00
-5.437122089302659944e+00
-5.437122089302659944e+00
-5.437122089302659944e+00
-5.437122089302659944e+00
-5.437122089302659944e+00
-5.437122089302659944e+00
-5.437122089302659944e+00
-5.437122089302659944e+00
-5.437122089302659944e+00
-5.437122089302659944e+00
-8.210000000000000853e+00
-8.210000000000000853e+00
-8.210000000000000853e+00
-8.210000000000000853e+00
-8.210000000000000853e+00
-8.210000000000000853e+00
-8.210000000000000853e+00
-8.210000000000000853e+00
-8.210000000000000853e+00
-8.210000000000000853e+00
-8.210000000000000853e+00
-9.660000000000000142e+00
-9.660000000000000142e+00
-9.660000000000000142e+00
-9.660000000000000142e+00
-9.660000000000000142e+00
-9.660000000000000142e+00
-9.660000000000000142e+00
-9.660000000000000142e+00
-9.660000000000000142e+00
-9.660000000000000142e+00
-9.660000000000000142e+00
-9.660000000000000142e+00
-9.660000000000000142e+00
-9.660000000000000142e+00
-9.660000000000000142e+00
-9.660000000000000142e+00
-9.660000000000000142e+00
-9.660000000000000142e+00
-9.660000000000000142e+00
-9.660000000000000142e+00
-9.660000000000000142e+00
-9.660000000000000142e+00
-9.660000000000000142e+00
-9.660000000000000142e+00
-9.660000000000000142e+00
-9.660000000000000142e+00
-9.660000000000000142e+00
-9.660000000000000142e+00
-9.660000000000000142e+00
-9.660000000000000142e+00
-9.660000000000000142e+00
-9.660000000000000142e+00
-9.660000000000000142e+00
-9.660000000000000142e+00
-9.660000000000000142e+00
-9.660000000000000142e+00
-9.660000000000000142e+00
-9.660000000000000142e+00
-9.660000000000000142e+00
-9.660000000000000142e+00
-9.660000000000000142e+00
-9.660000000000000142e+00
-9.660000000000000142e+00
-9.660000000000000142e+00
-9.660000000000000142e+00
-9.660000000000000142e+00
-9.660000000000000142e+00
-9.660000000000000142e+00
