-1.032254350811096399e+00
-1.032254350811096399e+00
-1.032254350811096399e+00
-4.736744605898718596e+00
-4.736744605898718596e+00
-4.736744605898718596e+00
-4.736744605898718596e+00
-4.736744605898718596e+00
-4.736744605898718596e+00
-4.736744605898718596e+00
-4.736744605898718596e+00
-4.736744605898718596e+00
-4.736744605898718596e+00
-4.736744605898718596e+00
-4.736744605898718596e+00
-4.736744605898718596e+00
-4.736744605898718596e+00
-4.736744605898718596e+00
-4.736744605898718596e+00
-4.736744605898718596e+00
-4.736744605898718596e+00
-4.736744605898718596e+00
-4.736744605898718596e+00
-4.736744605898718596e+00
-4.736744605898718596e+00
-4.736744605898718596e+00
-4.736744605898718596e+00
-4.736744605898718596e+00
-4.736744605898718596e+00
-4.736744605898718596e+00
-4.736744605898718596e+00
-4.736744605898718596e+00
-4.736744605898718596e+00
-4.736744605898718596e+00
-4.736744605898718596e+00
-4.736744605898718596e+00
-4.736744605898718596e+00
-4.736744605898718596e+00
-4.736744605898718596e+00
-4.736744605898718596e+00
-4.736744605898718596e+00
-4.736744605898718596e+00
-4.736744605898718596e+00
-4.736744605898718596e+00
-4.736744605898718596e+00
-4.736744605898718596e+00
-4.988492784127738666e+00
-4.988492784127738666e+00
-4.988492784127738666e+00
-4.988492784127738666e+00
-4.988492784127738666e+00
-4.988492784127738666e+00
-4.988492784127738666e+00
-4.988492784127738666e+00
-4.988492784127738666e+00
-4.988492784127738666e+00
-4.988492784127738666e+00
-4.988492784127738666e+00
-4.988492784127738666e+00
-4.988492784127738666e+00
-4.988492784127738666e+00
-4.988492784127738666e+00
-4.988492784127738666e+00
-4.988492784127738666e+00
-4.988492784127738666e+00
-4.988492784127738666e+00
-4.988492784127738666e+00
-4.988492784127738666e+00
-4.988492784127738666e+00
-4.988492784127738666e+00
-4.988492784127738666e+00
-4.988492784127738666e+00
-4.988492784127738666e+00
-4.988492784127738666e+00
-4.988492784127738666e+00
-4.988492784127738666e+00
-4.988492784127738666e+00
-4.988492784127738666e+00
-4.988492784127738666e+00
-4.988492784127738666e+00
-4.988492784127738666e+00
-4.988492784127738666e+00
-4.988492784127738666e+00
-4.988492784127738666e+00
-4.988492784127738666e+00
-4.988492784127738666e+00
-4.988492784127738666e+00
-4.988492784127738666e+00
-4.988492784127738666e+00
-4.988492784127738666e+00
-4.988492784127738666e+00
-4.988492784127738666e+00
-4.988492784127738666e+00
-4.988492784127738666e+00
-4.988492784127738666e+00
-4.988492784127738666e+00
-4.988492784127738666e+00
-4.988492784127738666e+00
-4.988492784127738666e+00
-4.988492784127738666e+00
