-1.032254350811096399e+00
-1.032254350811096399e+00
-1.032254350811096399e+00
-1.032254350811096399e+00
-1.032254350811096399e+00
-1.032254350811096399e+00
-1.032254350811096399e+00
-1.032254350811096399e+00
-1.032254350811096399e+00
-1.032254350811096399e+00
-1.032254350811096399e+00
-2.450000000000000178e+00
-2.450000000000000178e+00
-2.450000000000000178e+00
-2.450000000000000178e+00
-2.450000000000000178e+00
-2.450000000000000178e+00
-2.450000000000000178e+00
-2.450000000000000178e+00
-2.450000000000000178e+00
-2.450000000000000178e+00
-2.450000000000000178e+00
-2.450000000000000178e+00
-2.450000000000000178e+00
-2.450000000000000178e+00
-3.609999999999999876e+00
-3.609999999999999876e+00
-3.609999999999999876e+00
-3.609999999999999876e+00
-3.609999999999999876e+00
-3.609999999999999876e+00
-3.609999999999999876e+00
-3.609999999999999876e+00
-3.609999999999999876e+00
-3.609999999999999876e+00
-3.609999999999999876e+00
-3.609999999999999876e+00
-3.609999999999999876e+00
-3.609999999999999876e+00
-3.609999999999999876e+00
-3.609999999999999876e+00
-3.609999999999999876e+00
-3.609999999999999876e+00
-3.609999999999999876e+00
-3.609999999999999876e+00
-3.609999999999999876e+00
-3.609999999999999876e+00
-3.609999999999999876e+00
-3.609999999999999876e+00
-3.609999999999999876e+00
-3.609999999999999876e+00
-3.609999999999999876e+00
-3.609999999999999876e+00
-3.609999999999999876e+00
-3.609999999999999876e+00
-3.609999999999999876e+00
-3.609999999999999876e+00
-3.609999999999999876e+00
-3.609999999999999876e+00
-3.609999999999999876e+00
-3.609999999999999876e+00
-3.609999999999999876e+00
-3.609999999999999876e+00
-3.609999999999999876e+00
-3.609999999999999876e+00
-3.609999999999999876e+00
-3.609999999999999876e+00
-3.609999999999999876e+00
-3.609999999999999876e+00
-3.609999999999999876e+00
-3.609999999999999876e+00
-3.609999999999999876e+00
-3.609999999999999876e+00
-3.609999999999999876e+00
-3.609999999999999876e+00
-3.609999999999999876e+00
-3.939999999999999947e+00
-3.939999999999999947e+00
-3.939999999999999947e+00
-3.939999999999999947e+00
-3.939999999999999947e+00
-3.939999999999999947e+00
-3.939999999999999947e+00
-3.939999999999999947e+00
-3.939999999999999947e+00
-3.939999999999999947e+00
-3.939999999999999947e+00
-3.939999999999999947e+00
-3.939999999999999947e+00
-3.939999999999999947e+00
-3.939999999999999947e+00
-3.939999999999999947e+00
-3.939999999999999947e+00
-3.939999999999999947e+00
-3.939999999999999947e+00
-3.939999999999999947e+00
-3.939999999999999947e+00
-3.939999999999999947e+00
-3.939999999999999947e+00
-3.939999999999999947e+00
