1.457445537315188000e+00
1.235279306654343046e+00
1.907702954864574085e+00
1.354332356125788950e+00
1.748000521567583787e+00
1.996499694438092831e+00
9.731830445966274112e-01
1.936282198975469049e+00
1.583382647653062802e+00
2.365021790688813130e+00
1.590314381893047413e+00
1.474388810403632899e+00
1.300941838205172507e+00
1.881728933935753911e+00
1.163926531617710314e+00
3.741189575835275338e-01
1.337002900390956039e+00
1.484748761584743226e+00
2.164273939445985562e+00
1.073869802935071505e+00
2.015120671969488075e+00
9.330437252793498670e-01
1.879941864107003813e+00
2.078237277435194486e+00
1.365008862561075675e+00
1.371836281288201009e+00
1.949721448156643611e+00
1.713678212213844976e+00
2.664911996328537036e+00
2.221467731625001996e+00
1.848962042186113930e+00
1.674176498398687096e+00
2.255554605696731496e+00
1.867215773001229318e+00
1.185136453336348206e+00
1.682441857018121434e+00
1.853272928436366707e+00
1.883859960852452442e+00
1.517999759300319829e+00
1.330957936001254227e+00
1.619403799547209255e+00
1.487706083584335648e+00
1.288502483998522408e+00
1.379609787023935219e+00
1.972018028273049284e+00
1.210750630555866847e+00
1.229210222303156685e+00
1.454790909467928550e+00
1.038104788219157637e+00
1.870283203393703575e+00
1.398783835713595103e+00
1.151225724214150814e+00
1.346771089694013046e+00
1.045182338004701172e+00
8.971204082257342449e-01
1.756920110985449535e+00
1.347803646486023244e+00
1.338866897051466776e+00
1.124707701879979815e+00
1.045753618946320795e+00
1.588138463756550545e+00
1.281925334808794670e+00
1.564091004665536300e+00
1.349038443756607863e+00
2.215271750088744440e+00
1.257479207624175421e+00
2.088991294803218324e+00
1.506624089511287456e+00
1.331341278598741518e+00
1.219363368186651364e+00
1.693743317765751044e+00
1.532246886679013320e+00
1.405354520808240970e+00
1.290455461411534444e+00
1.435357405750402604e+00
1.499873507254303906e+00
1.138078880017918459e+00
1.893168264811186718e+00
1.470305213025626667e+00
1.787570480358682046e+00
1.639567886305677291e+00
1.294528318740338912e+00
1.657758833667398957e+00
1.633089890784990450e+00
1.679624064276808326e+00
1.790205930676052715e+00
1.400675281528727556e+00
1.525117192268456545e+00
1.222017098827263171e+00
8.926017509368070479e-01
2.223912850537084651e+00
7.066916920996733076e-01
1.704599579724375813e+00
1.886288039876841349e+00
1.112114060943267146e+00
1.156130100688143036e+00
1.926206382536809425e+00
2.029037172228406405e+00
1.119762476727285572e+00
1.647343263719191153e+00
1.560082277149040131e+00
1.329990909396496557e+00
9.959235605624123799e-01
2.055936645671228469e+00
1.749515606104096177e+00
1.290214141972438000e+00
1.163733392866205030e+00
1.459291876013670608e+00
1.998670621533103153e+00
1.433350741435867715e+00
1.436882408659007071e+00
1.852454506400109668e+00
1.966849673835536549e+00
7.087146089136556748e-01
1.831689630497640220e+00
1.000095137708860049e+00
1.057815352486922933e+00
8.731385455993678768e-01
1.606055668279106952e+00
1.646991999100851256e+00
1.696952677408787746e+00
1.423405761362713573e+00
1.435801935475717883e+00
1.134000228737834348e+00
1.498454209184678199e+00
1.687710909022483330e+00
1.510277076922047268e+00
2.576777460321949764e+00
1.304747593384022908e+00
1.434787872501658290e+00
1.333860014973573094e+00
1.088213967579898522e+00
1.480378472151990366e+00
1.643041506904179716e+00
1.589962075888926130e+00
1.294835177311637997e+00
1.978150399153742356e+00
1.930666366099304421e+00
9.689493399440765042e-01
2.533138892457765134e+00
1.806286509266602947e+00
1.492017230385257021e+00
1.123936767015400351e+00
1.797438292197146570e+00
1.562524481841941704e+00
2.069281928192691300e+00
1.865872059709658082e+00
1.143276545927153887e+00
1.311920537031948220e+00
1.485243755858870696e+00
1.812444819391479500e+00
1.887628101127303726e+00
1.000009319472827896e+00
1.747406373354406961e+00
1.288433080318754920e+00
1.737131616392526556e+00
1.686164640239415036e+00
1.894504810332887867e+00
2.023621355630518259e+00
1.497427497950642561e+00
1.892466209581445735e+00
2.238769493347549933e+00
1.458502076547032678e+00
1.855012402898781110e+00
1.016849847110369298e+00
1.825168361611873458e+00
8.450345937711094546e-01
2.068241548993977386e+00
1.452672755951864625e+00
2.145767370518832706e+00
7.222620775763141099e-01
1.349076089101482800e+00
6.183487893351340414e-01
1.529530957487972964e+00
1.307152837515804356e+00
1.052853270987964107e+00
1.995351600458544983e+00
1.472576421923167178e+00
1.694679503165059442e+00
1.067420193693564556e+00
1.959502036895618193e+00
1.491430077335443638e+00
1.591558034394289001e+00
2.255681798846266517e+00
1.453795152065227247e+00
1.689585292065321154e+00
1.949378054886927725e+00
9.689842711682450371e-01
1.104038500494809005e+00
2.138701298007104512e+00
1.463492255999914171e+00
1.079090390993042714e+00
1.191798253163335097e+00
1.701134866331345474e+00
1.200212289631303664e+00
1.312576258819282415e+00
2.312182041651923647e+00
1.029785867193789395e+00
1.579440211189409471e+00
1.388337841069395395e+00
1.200260052792637033e+00
1.882491320444642957e+00
1.064303000117035269e+00
1.157026617555761527e+00
1.803990000056880039e+00
1.320395787124180265e+00
9.048694952341344022e-01
1.516796229906198112e+00
2.159445654741189546e+00
1.233266866658191407e+00
1.530200539402051252e+00
1.725593786127777696e+00
1.140336005146552534e+00
1.321407856007170034e+00
2.085604374663768912e+00
1.469596631500692530e+00
1.471600768212573573e+00
2.205721730466237762e+00
8.399431690250999116e-01
6.393658052726139962e-01
1.702712550260474078e+00
2.189904241616972502e+00
1.962510571324117992e+00
1.403581723004025061e+00
1.314282572168844698e+00
1.206116864537692734e+00
1.241532967176079749e+00
2.278914895003194552e+00
1.354912977815519337e+00
1.598161346317563902e+00
2.093170007648869735e+00
1.437486345250809316e+00
1.382724003118658507e+00
2.743351293679654912e+00
1.719489222816148688e+00
1.456148918239503098e+00
2.313572498315401127e+00
1.484876816118527287e+00
1.236812291985159851e+00
1.371381692919972917e+00
2.285072248702566977e+00
2.068575383645150367e+00
1.600284806978419905e+00
1.485279877816604310e+00
1.352127289248956199e+00
1.965773683988877085e+00
1.306847981167607253e+00
1.975459797528115624e+00
1.580977025652801071e+00
1.173819632820297221e+00
9.339102859651757793e-01
2.420690250803235521e+00
1.838973201217401376e+00
2.244087262568104091e+00
1.900741646829759102e+00
2.017835730022300655e+00
1.566180531439929968e+00
1.818230369661037793e+00
1.940870236194114140e+00
1.990146287112799284e+00
1.889098770713757647e+00
1.516522228210680501e+00
1.118891518493035475e+00
1.716389726472175248e+00
8.682644843398020784e-01
1.738851425308436616e+00
1.144374849967558783e+00
1.709504032019838915e+00
1.263030857439968457e+00
2.078916067577134097e+00
6.107061816410085386e-01
2.563682954123537971e+00
1.442916195089954945e+00
1.336193405679641621e+00
1.983878358413549758e+00
1.210287168742036013e+00
2.382907379030182682e+00
1.802717075360825039e+00
1.559619069722013363e+00
1.741187521500792368e+00
1.334027610343861525e+00
1.842816786333461021e+00
1.899547379943948844e+00
1.302050618819753147e+00
2.105546079503600065e+00
1.237774466546707197e+00
1.524383055618475424e+00
1.633086201787970149e+00
1.931701629987510271e+00
1.041577521659435179e+00
1.784216064920899125e+00
2.236695202220775780e+00
1.708015277658995856e+00
1.033265891533408309e+00
1.510631372306161957e+00
1.440287441542287938e+00
1.914372931916550558e+00
1.447902570872534822e+00
1.848087019816589738e+00
9.942859018729384157e-01
1.875240144000159814e+00
1.815032433263289002e+00
1.402762104018532741e+00
1.118545231858004030e+00
1.328081377452766443e+00
1.393763393631766601e+00
1.251404537191304067e+00
1.536537318614953795e+00
1.370200409800833796e+00
1.179643065651759137e+00
1.690915117540246371e+00
9.489461688064992906e-01
1.478710576870392979e+00
2.094054362254301527e+00
1.517165787859500847e+00
1.460525885999878426e+00
1.178770545648752943e+00
1.730165253286989779e+00
1.656442312232967229e+00
1.234542613203510220e+00
2.069501246931424010e+00
2.257880601594229208e+00
2.510357277268271403e+00
9.157256755466237630e-01
1.987735216019833828e+00
1.106589525324533696e+00
1.990407042903072021e+00
1.125402713391452147e+00
1.807911109667637017e+00
1.158117461328502351e+00
1.813259132610628654e+00
1.463119502984160158e+00
1.719265447699971361e+00
1.367207541964845063e+00
1.212917676851295035e+00
1.294952007843694242e+00
1.067997292273566545e+00
1.770675237863876816e+00
1.115168474454293568e+00
1.624009257228187009e+00
1.824219739438565524e+00
1.299622278908888262e+00
1.738220724509203619e+00
1.402337455405588518e+00
1.423695306939401384e+00
1.437272956084080677e+00
1.442567016143114556e+00
2.134352856595237213e+00
1.910675204385244852e+00
2.057728521614233586e+00
8.540607248471443480e-01
1.182066935850512257e+00
1.075675028508138897e+00
1.928066689466053418e+00
1.376798980289109853e+00
1.947743979665616632e+00
1.156141258110261694e+00
1.527463299195931823e+00
1.942004032646136968e+00
2.364156372444646159e+00
1.537920381587749796e+00
1.381161249196674268e+00
1.625619058567169040e+00
1.642308157963040527e+00
1.148567491760396964e+00
1.013227509494465606e+00
2.407422983943433348e+00
1.359683836388035694e+00
1.279666193488020687e+00
1.270176349507856628e+00
2.836923167843526716e+00
1.278193081300850409e+00
2.003999602617807074e+00
1.942307472286731951e+00
1.523324469363992018e+00
1.687730777448362307e+00
2.396326161708871361e+00
9.054720673366435379e-01
2.120401795793573019e+00
1.881309333269330253e+00
1.417214225375354797e+00
1.399840039588392759e+00
1.600578233978645626e+00
1.438567230341667669e+00
2.319183248044933254e+00
1.771388046537070826e+00
1.226638185042259854e+00
1.668803082152110706e+00
1.088549903054853774e+00
1.254680420240555705e+00
1.260431036323665488e+00
1.789383711992657000e+00
1.977267943739053235e+00
1.018268770777683629e+00
1.794167659689048122e+00
1.394696449204561928e+00
1.947340763668822250e+00
1.295687095858438109e+00
1.655997622533830205e+00
1.933500340968029585e+00
2.020007593052710604e+00
5.730230415372217223e-01
1.866128645334773406e+00
1.246632776088806516e+00
2.212856092581157785e+00
1.171438487584361088e+00
1.700944085145428941e+00
2.200425987236212855e+00
1.201025296456675440e+00
1.481505242602767725e+00
1.412088322193943313e+00
2.207391835821346682e+00
2.274603339784831313e+00
1.666117511097624737e+00
1.396846584874910757e+00
2.010951432435236885e+00
1.383077839134032816e+00
1.162140911929574472e+00
1.919709733081352843e+00
1.110053895050763684e+00
1.372073563590948675e+00
1.591852556790627204e+00
1.869721968730502670e+00
1.304744593497569660e+00
1.206916713381174233e+00
2.074252637396373000e+00
1.381663830877291943e+00
1.559385373629776472e+00
2.252436914523081590e+00
3.973657540146031120e-01
9.978050359582487649e-01
1.015329591800043563e+00
1.440293237679793670e+00
9.794156477990137999e-01
1.779720963270954748e+00
1.210588534646971137e+00
2.235630434928121524e+00
1.047880446515717434e+00
1.466945659122709689e+00
1.550100170974279212e+00
6.955798522167504494e-01
1.163035252919818685e+00
2.093766766598039730e+00
2.047606426571422222e+00
2.119658771177694412e+00
1.710244656534428920e+00
1.633999666968140696e+00
9.208208658101910693e-01
1.480074739867509592e+00
1.435619151913449576e+00
1.431286191836624644e+00
1.747140091380894766e+00
1.833414555515266331e+00
1.670524176743888978e+00
2.430081202937558693e+00
1.523889836105402740e+00
1.130724002042527987e+00
7.731658748509686596e-01
2.320597927602794819e+00
1.960249536356723388e+00
1.211111908975222029e+00
2.043284140738386156e+00
9.206137788778372411e-01
5.849471097267897601e-01
1.864866218702643907e+00
1.995229456524220568e+00
9.593489484028773218e-01
2.141911530402711428e+00
1.612055762153070226e+00
1.139201395293140573e+00
1.486711748774660835e+00
2.616700390089112371e+00
1.292374004529612597e+00
1.440202129350299787e+00
1.446187865824049457e+00
1.144885563066262879e+00
1.854574822534298173e+00
1.352253294663566141e+00
2.094841657247951794e+00
1.134789526867467924e+00
9.038462389961315901e-01
2.084429387530131628e+00
1.775785849277166761e+00
1.084789252014470629e+00
1.589321790424409908e+00
1.661502637691869122e+00
2.002291859846188071e+00
1.446436643479610762e+00
1.541897830483900833e+00
1.225688190537379985e+00
1.212045342888019350e+00
1.802630238644022720e+00
1.644536107158536709e+00
1.731965111247969258e+00
1.043451664904289755e+00
1.590829011271486682e+00
1.786077008626004270e+00
1.979400067904222960e+00
1.588035392401180523e+00
9.021050098046702326e-01
1.219180076405058877e+00
1.586766312174411553e+00
2.205740099504896801e+00
8.434160554192927650e-01
8.730790843255744615e-01
2.184956400416060873e+00
9.439155419471241260e-01
1.516180405277311793e+00
1.865038987816695748e+00
2.311647206846650704e+00
2.235558154082601945e+00
1.359534363797404222e+00
2.002872438762301588e+00
1.385807150650886443e+00
2.191755998327722832e+00
9.165075121607414443e-01
2.024775674266668268e+00
1.869700210616221936e+00
1.739572425085990304e+00
8.319187453238531260e-01
1.283490864942961718e+00
1.407860008307878052e+00
1.407668449371840325e+00
1.965439770075382286e+00
1.657647513925998961e+00
2.393814313732959054e+00
1.194239399267376767e+00
1.176028205136123939e+00
1.808232069103793194e+00
1.674608470619999734e+00
1.835594689719363792e+00
9.071948302435305367e-01
2.381786585806868750e+00
1.552508788380511318e+00
9.895702438716440508e-01
2.119960409314301852e+00
1.334613923327109708e+00
2.308469386357742792e+00
1.735179094987002069e+00
9.834293090391553749e-01
1.929281627250915898e+00
1.652869072767331637e+00
2.427217899544099389e+00
1.673677182766051041e+00
9.063220065589765451e-01
1.200746690781715476e+00
1.653495085595111158e+00
9.082755258323569336e-01
1.376610688003786942e+00
9.293178312619210235e-01
1.671279227853722515e+00
1.539896227148430663e+00
1.702842412637068037e+00
1.294489965269141507e+00
8.268449854346309191e-01
2.277258107099241258e+00
1.804271796579484999e+00
2.323293956874853183e+00
1.774060526481750166e+00
2.061095214587205682e+00
1.616695793698255113e+00
1.258154523920814061e+00
2.088067365816150378e+00
1.565221076742877804e+00
1.231814719870390373e+00
1.450282634078347455e+00
9.890965007438035084e-01
1.068446289166015584e+00
1.599755292440778520e+00
5.958837482686217824e-01
1.899942505194475606e+00
1.471663160055077801e+00
5.753899239807205301e-01
1.371287883159244769e+00
2.049349639586464544e+00
2.300144806745813675e+00
2.163346231419618793e+00
2.472517049695010183e+00
1.292341251554876003e+00
8.340359764447765611e-01
8.841000554649863785e-01
2.036126427511850245e+00
1.767538117112720908e+00
1.259732594396874905e+00
1.577333737929697000e+00
1.246433454237886984e+00
1.964734098625977587e+00
1.655873755814314174e+00
1.648232688115443212e+00
1.689649387744433184e+00
1.722713415243490198e+00
8.745295230778218354e-01
1.765253180671741973e+00
1.462075935698316620e+00
1.714933931385606236e+00
1.550587092589440275e+00
1.937356557115730737e+00
1.983499856907022574e+00
9.099006497011534744e-01
2.283975827824827665e+00
1.137808117648086759e+00
6.939356865598210744e-01
1.257968985482376123e+00
2.181309949860593456e+00
1.192802285150336372e+00
1.680130112280868726e+00
1.865262854824383032e+00
1.544063507765006893e+00
1.668046789753470316e+00
9.258367145756910555e-01
1.581620462662211457e+00
1.414279071212365624e+00
1.454931894075424559e+00
7.854603822962749060e-01
2.009516331914974696e+00
2.199825581919348405e+00
1.916974304374060356e+00
2.188133852103460342e+00
1.943711754351281629e+00
8.143876128865447095e-01
1.018449346343315520e+00
1.714572990415582643e+00
2.388435611807558701e+00
1.842889111121829959e+00
1.560678558292645901e+00
1.382108137525631664e+00
1.614953557784941873e+00
1.521807652677801492e+00
1.186289815540215731e+00
1.582964649483165287e+00
9.368725037531118183e-01
2.065080385643712546e+00
1.433782585208464688e+00
1.622039833056030167e+00
2.021373610336473003e+00
1.207894449396846204e+00
2.449384441463485551e+00
1.597303832801739931e+00
1.002895440832985541e+00
1.406115602770644069e+00
1.659940466468973863e+00
2.318392906608686577e+00
1.718091406903173191e+00
3.004908329107447984e-01
1.139140720417072483e+00
1.746114905103600456e+00
1.682155018906667632e+00
1.163064880453810623e+00
1.436542796254880461e+00
1.542034759076830630e+00
1.437079432340740093e+00
2.362543264700109447e+00
1.323095600487506518e+00
1.514863569127009368e+00
1.548172754402119100e+00
1.900637310954925052e+00
2.394160323583946592e+00
1.682060554546982223e+00
2.094909732929817636e+00
1.088981261499637032e+00
1.590105507059237810e+00
1.624743417924999322e+00
1.282499214939774923e+00
1.542161142352009850e+00
1.992592137697923205e+00
1.566943909119701495e+00
1.527385339050234547e+00
1.823241169043863241e+00
1.320940066974982008e+00
1.057986987718282812e+00
1.877048204850198632e+00
1.091532701044639619e+00
8.728400884614251343e-01
1.012484045859120441e+00
1.176620231226341629e+00
1.851838111379380480e+00
1.076114100162581355e+00
1.834096606897190451e+00
1.899709810039764468e+00
1.718470207180696319e+00
1.348903127973352323e+00
1.266271985279781687e+00
9.454804600271202730e-01
1.392253343045432912e+00
1.614386580226833123e+00
1.836360681542749118e+00
1.423778674481157580e+00
1.945576486073456790e+00
1.636351008047830957e+00
2.181844352937686082e+00
1.219949469008443810e+00
1.599523166189944501e+00
1.943642889977974519e+00
1.520961012349289598e+00
1.742243058165518610e+00
1.857989557789039514e+00
1.576003716955919565e+00
2.077529819204051442e+00
1.884334802478216053e+00
1.626053409768588809e+00
1.527912612696746164e+00
2.236040980181311255e+00
1.453839996309514326e+00
1.914401810247688740e+00
1.059104787178372753e+00
1.329377311980817877e+00
1.659549319789662247e+00
1.508866425732388272e+00
1.591090084028400353e+00
1.738812533313739195e+00
1.557829939549642218e+00
1.352800018047657149e+00
1.254398450699097056e+00
6.408854359297971870e-01
1.318811035341931781e+00
1.216578510891308307e+00
1.920399477650269304e+00
2.030761526646659210e+00
1.233565610279491631e+00
1.803153214314370700e+00
1.463553058262796025e+00
1.648166816517643518e+00
2.111901217489619675e+00
2.509567754928501593e+00
1.031052724394635023e+00
1.556377538838637609e+00
1.263236639468290123e+00
1.844311959855384320e+00
1.681301752333207000e+00
1.164797402616156052e+00
1.945906085030353783e+00
1.192599195924606947e+00
1.605118692400755886e+00
2.020836108231532258e+00
9.524687519415535597e-01
1.621203120145610965e+00
1.441564649739149218e+00
2.141197905204131668e+00
1.356292434291021642e+00
1.538144664400258987e+00
1.246284583645424604e+00
7.872683496647324697e-01
1.343316727586838066e+00
1.523875943949093426e+00
1.255247333758146011e+00
1.346190154951765861e+00
1.439675124794032701e+00
1.154391304217919245e+00
1.057964238199833318e+00
1.118134610551018593e+00
1.626515280983645839e+00
1.635429403612365995e+00
1.673361703229970798e+00
1.714890556285163070e+00
1.842290500782530094e+00
1.617687985571465648e+00
1.301508073889937833e+00
1.581005979686539886e+00
1.890514766343591946e+00
2.244110484889742185e+00
8.013657296999371349e-01
1.633893778211320980e+00
1.416082354737943527e+00
2.128164504203772012e+00
1.093596610530311652e+00
1.586289336297264985e+00
2.174018000047216681e+00
9.424775888811198765e-01
1.956536061463650222e+00
1.896474059820934643e+00
1.904187911698937086e+00
1.553548324884602261e+00
2.105997631717799745e+00
8.845420588881919288e-01
1.172084587049556204e+00
1.498297214292422241e+00
1.443412442644952831e+00
1.808097149719759988e+00
2.109889188268811999e+00
1.808636042911291097e+00
1.103227686140356267e+00
8.539611403207156837e-01
5.911842855694841026e-01
1.101802294547485017e+00
2.366177783087310971e+00
1.266745074335580590e+00
2.085410786919632553e+00
1.580536603123981143e+00
1.027626144442537193e+00
2.074367704268577750e+00
1.480834259274027787e+00
9.843449244353345007e-01
1.430327726100679264e+00
1.952428412393998114e+00
1.377109836661743136e+00
1.157175837508283678e+00
1.691138305573885336e+00
1.819432292947848806e+00
1.414595072328028502e+00
1.476213204309951177e+00
1.059993514924596703e+00
1.333136781985299057e+00
1.075690741058403344e+00
1.251533459912086199e+00
1.654107207864897511e+00
1.613545305932621465e+00
2.087768398058896580e+00
1.395412086564379317e+00
2.275140804000410633e+00
1.596873515796543463e+00
1.084280203725373593e+00
1.272520871066363357e+00
2.170435797519135956e+00
1.324888323360988718e+00
1.429126427699368485e+00
1.555976023044046919e+00
1.252019354853332933e+00
1.247028983122112855e+00
1.571593045561210378e+00
2.117423308341433330e+00
1.028201051989120041e+00
1.232151981596670387e+00
2.737595265513316445e+00
1.547230195224309046e+00
1.340637841933439489e+00
1.974727940518421043e+00
1.674048350009931463e+00
1.751380234288276938e+00
1.155000946514539439e+00
1.460675519921734056e+00
1.414712725316316977e+00
1.829220675485422554e+00
2.216957233619005319e+00
1.725935216930210458e+00
1.836752211371736054e+00
1.945419634789483876e+00
1.242883845876576743e+00
1.207678893627637473e+00
1.953121647441915298e+00
1.783656196067248789e+00
1.357456250549725407e+00
2.199221702840724380e+00
1.558677992053328021e+00
1.434896849379202477e+00
1.641467736793428944e+00
1.149692267198529239e+00
1.425268037075837047e+00
1.256807330705113745e+00
1.587610243237244534e+00
1.483103721303113964e+00
1.182991065899369643e+00
1.271311588083726685e+00
1.499100948330574168e+00
1.484270472264692442e+00
1.591024083615551810e+00
1.569105945252898815e+00
1.976808637886753095e+00
2.070801090003108857e+00
1.594837617328771939e+00
1.885650358277234817e+00
1.855031718516684913e+00
1.967531286939131707e+00
1.645762926344629618e+00
1.870621908934035460e+00
1.777494828918561254e+00
2.173822524121365340e+00
1.717779418401099045e+00
1.809574015300254635e+00
1.356863663296587585e+00
9.884921464185141282e-01
1.389860911502804663e+00
1.749430344925055891e+00
1.504219923454747976e+00
1.696848745626876598e+00
1.203229520917345585e+00
1.073539622780822045e+00
1.653779088202555592e+00
1.951838171805064581e+00
1.728790853784371473e+00
1.446074787100688708e+00
2.116145794966145743e+00
9.640419545719633998e-01
1.651320118480531729e+00
1.726616858382358677e+00
1.765171308029153119e+00
2.102080632021161133e+00
1.945765784807478971e+00
1.987041351159918312e+00
1.646757193562473853e+00
1.618247513887661526e+00
2.209918701129702345e+00
1.812356735442369304e+00
9.275453632399851545e-01
1.520114498534869352e+00
2.163365234855143981e+00
1.593888002998861797e+00
1.653674269356785409e+00
1.648028818382223815e+00
1.134401868014422332e+00
1.818581875237636813e+00
1.499247173761743213e+00
2.020619966772640552e+00
2.004063638807931369e+00
2.366289258569167941e+00
1.159189029677867744e+00
1.898888036125121026e+00
2.469340080623182665e+00
1.654292754858347037e+00
1.629529236832324202e+00
1.598164076899035058e+00
1.947927913348750373e+00
1.169528256213485884e+00
1.993976598723933735e+00
8.430885835619407187e-01
9.487341192361300468e-01
2.154151642092153374e+00
7.551774241704011237e-01
2.458580210812386646e+00
1.971737582733480432e+00
1.603886845818226048e+00
1.167836380465835822e+00
1.764387889439476220e+00
1.569161306037931025e+00
1.609579496947276978e+00
1.402496463074575761e+00
2.233045764109160558e+00
2.075752647953386543e+00
1.265578553701906861e+00
1.769773432946415204e+00
1.392504063262053116e+00
2.010677557548631977e+00
2.017085276854289067e+00
1.222227359142310510e+00
1.681521155677184520e+00
1.649159496569497563e+00
2.017494827783089750e+00
1.870626828975739508e+00
1.478342409114656197e+00
1.415766929148284392e+00
1.295719726617487799e+00
1.346244166019881172e+00
1.302362346987466779e+00
1.207825739536978249e+00
2.011460767951045447e+00
1.188938774329582504e+00
1.054868281252287154e+00
1.254667175610547636e+00
2.146376941025057938e+00
7.534696230213951962e-01
1.946140609796733090e+00
2.283978984153339997e+00
2.008817337646686241e+00
2.218004232319990887e+00
1.032922669557684303e+00
1.053488317798553453e+00
8.550096621338392211e-01
1.567701221597063599e+00
2.339246024879934271e+00
9.696920284973589155e-01
1.470662104982793039e+00
1.326320318502971274e+00
1.058162624375020178e+00
1.855330133375421076e+00
1.712251184840650975e+00
1.588796651736824384e+00
9.332482713007465014e-01
1.400128631739938401e+00
1.521939346207272337e+00
2.056979908968628035e+00
9.966847494004450470e-01
1.473945164300553667e+00
1.586844241204006911e+00
1.853135447750900333e+00
7.423519137621394925e-01
1.146635034456802149e+00
1.349052683484217363e+00
1.355137314972123308e+00
1.625779926905941197e+00
7.298936604872282574e-01
1.762131479525268274e+00
1.902657582260863345e+00
1.177671126368460497e+00
1.468271169079720551e+00
1.848646500990533736e+00
2.128635502369057075e+00
1.294856228425902644e+00
2.362291946943190890e+00
1.404608341736684141e+00
1.692916512192286005e+00
1.736762755499445143e+00
1.077954786223398909e+00
1.396908794249577257e+00
1.779674873819857339e+00
1.443717617742688919e+00
8.824765751563349303e-01
2.231067529631252100e+00
2.005037084217697441e+00
1.069001428121151287e+00
2.364817686575221956e+00
1.048222927588015718e+00
1.808247072378593501e+00
1.725807157702270667e+00
1.156564206986054222e+00
2.476148446193340291e+00
1.863200959306308579e+00
1.622564596617637855e+00
1.191413228694821136e+00
1.309357905983290493e+00
2.375601668857727944e+00
1.081289027028196514e+00
2.011291378294048027e+00
1.736531293815334775e+00
2.471757230688436557e+00
2.032592554043925581e+00
1.465564959379642263e+00
1.303613732988189611e+00
1.437838094581624038e+00
1.102285622114177022e+00
9.999116311769866705e-01
1.214881197226290510e+00
1.708696184554395314e+00
1.874196623909608839e+00
2.663462311005011074e+00
1.627438596367579926e+00
1.337869218656035031e+00
2.096502153842517924e+00
1.754973853776462311e+00
1.745006664652258177e+00
1.022639472326870136e+00
9.000256333609246706e-01
6.703115418813710980e-01
1.437428997601523761e+00
1.640044001760706305e+00
1.883435320433147098e+00
1.194829269702694319e+00
1.622157225824010673e+00
1.882227816476820248e+00
1.683689826787466259e+00
1.165871677968942643e+00
1.629063641750587710e+00
1.286511926613779000e+00
6.889761826628614250e-01
1.601589480866163706e+00
2.233676227361592659e+00
1.653352517800877441e+00
2.078193294978539996e+00
1.391322534338755412e+00
1.645536422317058101e+00
1.245713669833926174e+00
1.215061799756013805e+00
1.889507264746845161e+00
2.007656160281781066e+00
1.577509613427057422e+00
1.373517560927923098e+00
1.383865331645476537e+00
1.945970525450087862e+00
1.174940235940344024e+00
9.893310068991925110e-01
1.580590393984891540e+00
1.640192506787361282e+00
1.640109032126619626e+00
1.069490594477076062e+00
1.794842343015058406e+00
1.586379385701745193e+00
1.426547906997729820e+00
7.884717430544097017e-01
1.931226051257933118e+00
1.344776151229482242e+00
2.274786924962164836e+00
1.163760018050812750e+00
1.100529037997914683e+00
1.147153996441140800e+00
1.163817608975003415e+00
2.366503631043634481e+00
1.129374833292612346e+00
1.444581137318065034e+00
1.096675557508185461e+00
2.083681722539047598e+00
1.164956204471166989e+00
1.669624000630039129e+00
1.482579852567383893e+00
2.122058773909008433e+00
1.580817067486180116e+00
1.484450113495953794e+00
1.672247454438201109e+00
1.529162218994643441e+00
2.077156866274762592e+00
1.945266746225748911e+00
2.087817703437568007e+00
1.310506897279969163e+00
1.499324120070337107e+00
2.109713707249199377e+00
1.431114564012361701e+00
1.180444451700968234e+00
2.085082469723542165e+00
1.639380816261578389e+00
1.906016964995093099e+00
1.477145861868183196e+00
1.444610167472653250e+00
1.771400190073105785e+00
1.504825018770460376e+00
1.706568230989007784e+00
2.076333002332392930e+00
1.653790815271439119e+00
1.121121414645797731e+00
1.597789595631902593e+00
1.797823802293481821e+00
1.988363099672489920e+00
1.778987770190648243e+00
1.545691709996431573e+00
1.584264523869032049e+00
1.462838733174942174e+00
1.417452468972416613e+00
2.004183265935065794e+00
1.698725277400955580e+00
2.101504779506159881e+00
1.868533197474806951e+00
1.655165828833380370e+00
1.638296170534777607e+00
1.730665993882408493e+00
1.434699160940383189e+00
1.615881338582720428e+00
1.600121610743752809e+00
2.162107590247307698e+00
1.477981512036074419e+00
1.733296397111652176e+00
2.255267092504497750e+00
2.298213391090238922e+00
2.213529962440006660e+00
1.276102537349693922e+00
1.293767014472479548e+00
2.286749403046557827e+00
1.328413703415269875e+00
1.834456473712996027e+00
1.259365216821267452e+00
1.438948989572025328e+00
1.328331527909411225e+00
1.568197012257227740e+00
2.119065153112285049e+00
8.209241380999069415e-01
1.752387942673287569e+00
1.090413443965044138e+00
1.863882695092238473e+00
1.595130181916398548e+00
1.535300797015526353e+00
1.308241096514954460e+00
1.807559669192947860e+00
7.997678437979924837e-01
1.489903461197140455e+00
1.577908356952707258e+00
1.566001795427330423e+00
1.670062224432744324e+00
2.086374924145735665e+00
2.258553623218659379e+00
1.865580709667846504e+00
1.386284265554779571e+00
1.630157469300386630e+00
1.052854297824813434e+00
1.577198756901895038e+00
1.363747580815482197e+00
1.553173204406952834e+00
1.406879341105378378e+00
1.820230039322738413e+00
1.247728999242836201e+00
2.176795048773247920e+00
1.890162976686919682e+00
1.979181637081981915e+00
2.060874111436755918e+00
1.688422466077968087e+00
1.674787646890565362e+00
1.616710381087785198e+00
1.491294358078717908e+00
1.562514843035074152e+00
1.780333902072021690e+00
7.553017427641999237e-01
1.381880107151446602e+00
2.282718764006353318e+00
9.829418531156092209e-01
1.320143980744917345e+00
1.118254673384249775e+00
1.603220565668942665e+00
1.462576607184370214e+00
2.184992178014891095e+00
1.735328969490204543e+00
1.267641987493713929e+00
1.489723299332294859e+00
8.221556172055789480e-01
1.569891101479696127e+00
9.732088415397344150e-01
1.620440674836831851e+00
9.717312220000688949e-01
1.857985251478674327e+00
1.509043705003050739e+00
1.398265979735503928e+00
8.694189270530612301e-01
1.911191510850801967e+00
1.582746757838773499e+00
6.923173497608344773e-01
1.388034516320333145e+00
1.712595525378709516e+00
1.271966026948050832e+00
2.188647619613372619e+00
1.488292779467706550e+00
1.814642274677356948e+00
1.892211309440315903e+00
1.012461869015357285e+00
1.923056247141894826e+00
1.492462642615634438e+00
9.015317350535962948e-01
2.059682932751148776e+00
1.475689795085335376e+00
1.122621175941586946e+00
1.938503364509988725e+00
1.499275935314129171e+00
1.526938411592534628e+00
8.081232897915960889e-01
1.272213264214267614e+00
1.037688929869144960e+00
1.633203344229113618e+00
1.200826025172374356e+00
1.966177386450613129e+00
1.656666037416593573e+00
1.383321386275406351e+00
1.474034762972959989e+00
1.008281169161199031e+00
1.439612295138945397e+00
1.594263688758731368e+00
1.474937502782942333e+00
2.306549133578506883e+00
1.866036183891552458e+00
2.016022625834253734e+00
1.220219893869294969e+00
2.499446230587214934e+00
7.987370820546316752e-01
1.276768358158026251e+00
1.836500633605213650e+00
8.505518360133998979e-01
1.632955871256816183e+00
1.839703132802401608e+00
2.329549673087989436e+00
1.745565107809273764e+00
1.402259238120101115e+00
1.916251231526916454e+00
1.907278785925108577e+00
1.836613379407634250e+00
1.746338048432152013e+00
8.681423275100078607e-01
1.261822799483681923e+00
1.863218834880996155e+00
2.164677376462176284e+00
1.112752211013061432e+00
2.011204442766490352e+00
1.744389702346513360e+00
1.598597524471829123e+00
1.468839705501501447e+00
1.875635818943053534e+00
1.330787733678845619e+00
1.754992120821486701e+00
1.669837380308658803e+00
1.144459927241653574e+00
1.710704189235777717e+00
8.040615597322032793e-01
1.714440194595504563e+00
1.111756136601950828e+00
1.421512943918648908e+00
1.397948184702313856e+00
1.809693772275588586e+00
1.296335788791868504e+00
1.455089478273075443e+00
1.692768582859105475e+00
2.153785324678465063e+00
1.852683226859463739e+00
1.587543933890924075e+00
1.156244792244555342e+00
1.385984474152391233e+00
1.555983254061925392e+00
1.988419516655497432e+00
2.248536575886804112e+00
6.184410483974205341e-01
1.386639868363015449e+00
1.904120699437669817e+00
1.544411393601193172e+00
1.396714502788614753e+00
1.481802695475658460e+00
1.819767373251022891e+00
1.480892218820320183e+00
2.158999400575825955e+00
1.466764976610879234e+00
9.858963204170217987e-01
1.223375210207377828e+00
1.051885345336493582e+00
1.555075322535964144e+00
1.790586173295562578e+00
9.455834213648608433e-01
1.936572710120064045e+00
1.932341910835372545e+00
1.691458047636869244e+00
1.724403287089303793e+00
1.639616872968340910e+00
1.874142198306209650e+00
1.080079797318977075e+00
1.823214279077110866e+00
1.639662885224335787e+00
1.581616443392413141e+00
2.028760388256553249e+00
1.646595714432163682e+00
1.826139206837092299e+00
1.594470693260919614e+00
2.127450833189942880e+00
1.488789922069208904e+00
1.117345420383488275e+00
1.933449052302981475e+00
1.408168764634297077e+00
1.113792471710583154e+00
1.907783431846042710e+00
1.021504270861681940e+00
1.702748139844350694e+00
1.198194116552296018e+00
1.074368892572858503e+00
1.326777406198093034e+00
9.412689284065600681e-01
2.182640614258143597e+00
1.692810243416782878e+00
1.762816954819216964e+00
9.596507855402371945e-01
1.758248826759656769e+00
1.037011632082367463e+00
1.611281695239431544e+00
1.409680448280544285e+00
2.237586592263635765e+00
2.098416684962002066e+00
8.934163915084765151e-01
2.292633853898805807e+00
1.770238474364393522e+00
1.179602414268938304e+00
2.092171680499221420e+00
9.057868981858401281e-01
1.075684164080446426e+00
1.498523684123693966e+00
1.805120314862905584e+00
1.340037977467954278e+00
1.528546870916303702e+00
1.349715238347053647e+00
1.931493521344411546e+00
1.538944520620331602e+00
1.636486842892548754e+00
2.096317433264102803e+00
1.999925859143935503e+00
1.020396907891184979e+00
1.647366114243128177e+00
1.683729793346535608e+00
2.305881739852941426e+00
1.337340380405056983e+00
2.294077013102869156e+00
1.203603532952633781e+00
2.084314139955331768e+00
1.396290951473288411e+00
1.571463073318813519e+00
1.476566379159456321e+00
1.411183547067718314e+00
1.230788607884681918e+00
1.748178305930416565e+00
9.499338805494583760e-01
1.833748425070970134e+00
1.583549104034810417e+00
2.150688110606810977e+00
1.563835038313325931e+00
1.692948987263219518e+00
1.640774302579704580e+00
1.319141280466636701e+00
2.275640520405771028e+00
1.897416106222415966e+00
1.264596429170200764e+00
2.250682885654083698e+00
1.368544877018623040e+00
1.128338784767299208e+00
1.768164852758297156e+00
2.076990214857251882e+00
1.773856544438526361e+00
1.361596419029530658e+00
2.385726496736745972e+00
1.983509458247691093e+00
1.760128119494640098e+00
1.012375295408792786e+00
1.323038738724736207e+00
1.381148635095413857e+00
1.685586739680312363e+00
2.010614341823230511e+00
1.902292118424358636e+00
1.721329177892567897e+00
1.222390895357070129e+00
9.395904541485333716e-01
1.243031837729075439e+00
8.638836756594006072e-01
1.601491150699811739e+00
1.030036597578658508e+00
1.378982924922835807e+00
1.231682326045329345e+00
1.955080634086723279e+00
2.312962800349215975e+00
1.268765085287666183e+00
1.573793936009407535e+00
1.613693878861543807e+00
1.461775530750421659e+00
1.860396630194196987e+00
1.242701240514445304e+00
1.940991810846868004e+00
1.850703245677905562e+00
1.136666076994142793e+00
8.328281094037732757e-01
1.741148181793668703e+00
1.913326574174014416e+00
1.947823758133873984e+00
1.637562603992099408e+00
1.789689056222176999e+00
1.521680853306700554e+00
2.264896454026465555e+00
1.769177802307806413e+00
1.705260164932786537e+00
7.527766519310122861e-01
2.289141034282578868e+00
6.999254693474177280e-01
1.498632181443800393e+00
1.114412807202846967e+00
1.762827849520294254e+00
2.115122221099486666e+00
1.616053633115196009e+00
1.433861847517613031e+00
1.148045812259538279e+00
1.444667847590736187e+00
1.991204811220089077e+00
1.311789986150011522e+00
1.830629065766264940e+00
1.664305340865080529e+00
9.792945742763988770e-01
1.448066449523659038e+00
1.928615140557456087e+00
1.563880045381552675e+00
9.661470137211629616e-01
1.594883838519211228e+00
2.438648537844823050e+00
2.116439744373751264e+00
2.224357770037340920e+00
1.938668113494792733e+00
1.034029035809452379e+00
1.590261465072897007e+00
1.860138834213387993e+00
1.183249757611177122e+00
9.843111986388716206e-01
1.351196286906878985e+00
1.404451475742534150e+00
1.394483498306419822e+00
1.414988085139585072e+00
1.245402829105525466e+00
1.778214297044587999e+00
1.165495419727657023e+00
1.120737836482462280e+00
1.796848302953092169e+00
2.395357099271032908e+00
2.229822628563474129e+00
1.921360542219297196e+00
1.535631904989377183e+00
1.751416914040397677e+00
1.115638868742087730e+00
1.790612582182908863e+00
2.156365314901374841e+00
2.139804702656242341e+00
1.202317046622182861e+00
1.731851278505244007e+00
1.766750115423694423e+00
1.873234676785629160e+00
2.302252641769395591e+00
8.132427335933891666e-01
1.874400338614572670e+00
2.761658645299930992e+00
1.262795464919109545e+00
1.577161609104595463e+00
1.305070738331912894e+00
2.208268733795532235e+00
1.358155438669448101e+00
1.376616427270383358e+00
1.674308312154528355e+00
1.358104979221345321e+00
1.784085028443433973e+00
1.683199721488752854e+00
1.348665212938011226e+00
1.583477704141047715e+00
1.332894678930359511e+00
1.830859554964325175e+00
6.378847521343637972e-01
1.486527294814102396e+00
1.562463251979003154e+00
1.070086239604439049e+00
8.445825770586188330e-01
1.397077272874651444e+00
1.722425203298121765e+00
9.307679272794117109e-01
2.141080451070484614e+00
1.394567959876828356e+00
9.645290464227540550e-01
1.293910595401140284e+00
2.082948990628560093e+00
1.784831169023409547e+00
1.097018756008682372e+00
1.427200896154861454e+00
1.138471191437909757e+00
2.121455174290364898e+00
1.610437050527861569e+00
1.493545267134031906e+00
2.409282769534105029e+00
1.603173508230217204e+00
1.274479210930924866e+00
2.127937930658542420e+00
1.547295314035334046e+00
1.799365951822130549e+00
9.336695143445840062e-01
2.104487248727631155e+00
1.848655845676336229e+00
1.049673384363636774e+00
1.072047014008897348e+00
1.432597992954842248e+00
9.946445401305140654e-01
9.340091066787334917e-01
2.080009474484719956e+00
1.806957757365334816e+00
1.243286820419109873e+00
2.197194292801410764e+00
1.155674476767407644e+00
1.255352130331822913e+00
1.785962988485745973e+00
2.740723790841890217e+00
1.876845194678166573e+00
1.115863034264995335e+00
1.945250011817914793e+00
1.302906419797487780e+00
1.037273600706035026e+00
2.211297013784244925e+00
1.661922956085642333e+00
1.999889026013126347e+00
1.853116477377895421e+00
1.915752607114296957e+00
2.292930299525267834e+00
1.589279108050527745e+00
1.380215559491980937e+00
1.669789664763682513e+00
2.322444927621185151e+00
1.647434992773233686e+00
1.781851341635401820e+00
1.899493654298088252e+00
1.676562032731865770e+00
1.519804341465117670e+00
1.996843369710609162e+00
1.859556922914273436e+00
1.597315187336444398e+00
1.659161177486616401e+00
2.502828515361608996e+00
1.055438638946808894e+00
1.648919146829820326e+00
1.314503313837078302e+00
7.924138311575896765e-01
1.701172715985946882e+00
1.249613699515067511e+00
2.127490340705033844e+00
8.951412637584957865e-01
1.308978965761740110e+00
2.070943924359035737e+00
1.324707197394138003e+00
5.986830409314567447e-01
7.893382638849848476e-01
2.626519374162170184e+00
1.362304204540851327e+00
1.596421895707385463e+00
1.836715639060340077e+00
1.514010160049992892e+00
1.602486138922581738e+00
1.627684940723585605e+00
1.693343947945070038e+00
1.809342836715511327e+00
2.341003874717325850e+00
1.398480124134022562e+00
1.616699098191867856e+00
1.298846239334303654e+00
1.518494386428528742e+00
1.660294334355985724e+00
1.490676690425629447e+00
1.900673744171315960e+00
7.330928348374468051e-01
1.241241579525288685e+00
1.410701226393482388e+00
1.647108453849519094e+00
1.738519044187865514e+00
1.485600199130622023e+00
1.659749018961349298e+00
1.191741286074718076e+00
1.275282099920726830e+00
1.198032134237776214e+00
1.097980259999471686e+00
1.625915821026439056e+00
1.322119877700574264e+00
1.586859727730687952e+00
9.052243707783467208e-01
1.837334385064372855e+00
7.909181989586459016e-01
1.247105595223540586e+00
2.063670914996471595e+00
1.282768620990087260e+00
1.431840476475942925e+00
1.388575388032927016e+00
2.174393237453547290e+00
1.125942730736629871e+00
1.940986367363426002e+00
1.749628409329303524e+00
1.205111270116580924e+00
1.579122933727455713e+00
1.839905135661427327e+00
1.825237446504878180e+00
1.055654517748823240e+00
1.452063293809459754e+00
1.676235698259876061e+00
2.019653516371821222e+00
1.826569160984368834e+00
1.887527116313574060e+00
9.595351663467139858e-01
1.848148089562010155e+00
8.945090541608662349e-01
1.758569737599775307e+00
1.216735813795799537e+00
1.932046507804356938e+00
1.550350612897309244e+00
1.264253368363261743e+00
7.619106114190079548e-01
1.117094642320444198e+00
1.293079033746218132e+00
8.691260630464349157e-01
9.891209637849387448e-01
8.405224992102358073e-01
1.948714295987946876e+00
1.479701676145674494e+00
1.286675534606126270e+00
1.524941143551213241e+00
8.355288394990755263e-01
1.931182848184591405e+00
1.761417393600127390e+00
1.013905043469960798e+00
1.293297144121525744e+00
1.604150234669958319e+00
1.120481814843224289e+00
2.109539036195668515e+00
1.324704644587174407e+00
1.215234970634095468e+00
1.606703386917924581e+00
1.032215769695146612e+00
2.187880740844787120e+00
1.192081632764256938e+00
1.997996693985639283e+00
9.889924065626203298e-01
2.040302542330116431e+00
1.331745897744059937e+00
1.601699788336401475e+00
1.670418138980853673e+00
1.146010884042910183e+00
2.239296332738730300e+00
1.531953640364405400e+00
1.435301578463809236e+00
2.173576431939637121e+00
1.178172576440240871e+00
2.802490727998628639e+00
1.147167696033879691e+00
1.149796052185095840e+00
1.680253258403765715e+00
1.673098947626278976e+00
2.050487503402321110e+00
1.065169898673318905e+00
1.331769235147302721e+00
1.889205395083467964e+00
1.112997417906353093e+00
6.220794487849186094e-01
1.351939182246740812e+00
1.349719492283118383e+00
1.211853746631791795e+00
1.819354644732333659e+00
1.699001006197917274e+00
1.408256424097807713e+00
1.448213829074041614e+00
1.037345868311625230e+00
9.811319038833287154e-01
2.477389787969112245e+00
1.415932422520939094e+00
1.349538681175326049e+00
1.641678774595532797e+00
2.085985548210382845e+00
1.744048401982890129e+00
1.505803148590996177e+00
1.372609182201596001e+00
1.481133973536171933e+00
1.703145875432083400e+00
2.085187749760331499e+00
9.517629646773216878e-01
1.317735151288586870e+00
1.679094608426422663e+00
1.478395966265737771e+00
1.282582878865940135e+00
1.328498621490245890e+00
1.688104709386172519e+00
1.836692068380646026e+00
1.461084194161865968e+00
1.099843795945270930e+00
1.698916867480339654e+00
1.318205749027023810e+00
1.746950319461615164e+00
8.051992888961556627e-01
2.152782145954402093e+00
1.581610255296256096e+00
1.720010692283573395e+00
1.221752219239252923e+00
1.196964820106572569e+00
1.232830642449048275e+00
1.882501143007532018e+00
1.023475485464678814e+00
2.175684619269408149e+00
1.228201667437714750e+00
1.570866179621182024e+00
2.136525393991502764e+00
1.091048884265438446e+00
1.481210800766307623e+00
1.895265997174470529e+00
1.569925869085186054e+00
1.999215103956648365e+00
2.080578745283693909e+00
1.157492904245204679e+00
1.895376589391234212e+00
1.649277855681357208e+00
7.407568563332953548e-01
1.468520035510839650e+00
1.649647944030262714e+00
2.069689909928350335e+00
1.323758970463378981e+00
9.137344799921852667e-01
1.712253586390436677e+00
1.962785571399420670e+00
1.563744573872556387e+00
2.489167094452836348e+00
1.925568350804558682e+00
1.445854815312479946e+00
1.991849849242666837e+00
1.375190846386924015e+00
1.926772690079189942e+00
1.394202643458365420e+00
1.232952378252849091e+00
1.185259794321145810e+00
2.053849128788052703e+00
1.782221892621452142e+00
1.520166761593500837e+00
1.848962432303824954e+00
1.444469205323452465e+00
1.536209261579179808e+00
1.437689321639685769e+00
8.812467521883144972e-01
2.092429512059367447e+00
1.328993654511672062e+00
2.055375707015249631e+00
9.825902773043116989e-01
1.975485257096815550e+00
1.574482509559900878e+00
1.253840421508294556e+00
1.587518482887432913e+00
1.236105870806234019e+00
1.072807785175244666e+00
1.244533611472302015e+00
2.527107542217835068e+00
2.031145763232172108e+00
1.100871169985377929e+00
1.731288376158578890e+00
1.706094662320016608e+00
1.064954806568068291e+00
1.461259782942354368e+00
1.514039929543937513e+00
1.158987123165663879e+00
1.823325836189451321e+00
8.839507866058042840e-01
1.729409828408144501e+00
1.570722008782073242e+00
1.541255766504870728e+00
1.450647086139252639e+00
1.690447961787607145e+00
1.743914128695173371e+00
2.346476995057544812e+00
7.980719027320919423e-01
1.660823711890503374e+00
1.196558830056004830e+00
1.549567493237282712e+00
1.787479424097161651e+00
1.827629605644087052e+00
1.626053032454718883e+00
1.340464193849093988e+00
1.575041393648094923e+00
9.213914594924996759e-01
1.781953921453404588e+00
1.434273660405476214e+00
1.631960521397111119e+00
1.983797030268789952e+00
9.048030394766715112e-01
2.159191075171956076e+00
1.258934786043511167e+00
1.526335972223096693e+00
2.050576389245906128e+00
1.245271016384152274e+00
8.899087611145994892e-01
1.676360253438211378e+00
1.639146953534637463e+00
1.052009737385948940e+00
1.537420535078702688e+00
1.773034610983324599e+00
1.574365729313957463e+00
1.005384692286343418e+00
1.739914211968702551e+00
1.095639884567532807e+00
1.531842687103560419e+00
1.688625699087677789e+00
1.599807158243548244e+00
1.876538398027840948e+00
1.383583330453291627e+00
1.395202838888691677e+00
1.289226941963560247e+00
1.413178711623542805e+00
1.980149402152108218e+00
1.543353756977435820e+00
2.191664829853688712e+00
1.127949723760924616e+00
2.245151263103412287e+00
1.214833712670386978e+00
1.463661664035388110e+00
1.871266269364179946e+00
2.036252256146829698e+00
1.682448734965860115e+00
2.568035631740369418e+00
1.081694499011702559e+00
1.097340149691029998e+00
1.584607290759842746e+00
1.696333006889121808e+00
1.890869843606529432e+00
2.099593179645046437e+00
1.887965053189107234e+00
1.439493866266076338e+00
2.069278579111126781e+00
1.741572413884699966e+00
1.513561188843730809e+00
1.679276927199200076e+00
1.254703733993750570e+00
8.233697994475515092e-01
2.162278360426438173e+00
1.955808516502139272e+00
1.282798532408476966e+00
8.369567988800077352e-01
2.107208424830597338e+00
9.439352219453051029e-01
1.375122813754783291e+00
1.750399612733366084e+00
1.768282769935185739e+00
1.713478455819217983e+00
2.005549824589264230e+00
2.113087373597216434e+00
1.130832247560379589e+00
2.134065265073238127e+00
2.000754657390954705e+00
1.756866769635474279e+00
1.255793211367258522e+00
1.521690062407811794e+00
6.814093498468246635e-01
2.000430175292519319e+00
1.027343816477892302e+00
2.517881595922098370e+00
1.484294294289062011e+00
9.603785628087102566e-01
1.226477219981376043e+00
2.146792457193798409e+00
1.480250836684936733e+00
1.537721954267338376e+00
1.258037267674283477e+00
1.235098195275088795e+00
6.884198592731037847e-01
9.118660312545314728e-01
8.774485504851710083e-01
2.013627074009562090e+00
1.711933398288869368e+00
1.336871351663280860e+00
2.234358717166719632e+00
1.286880576944890997e+00
1.699962278753309741e+00
1.102600538232553884e+00
1.704418988124967616e+00
1.698909532700140002e+00
1.586511477009100890e+00
1.045656906228900285e+00
2.106822835521170667e+00
1.945531565820689757e+00
2.401582601431672348e+00
1.410440575749038805e+00
1.659100103228980050e+00
1.426627859125317865e+00
1.957128237987448172e+00
9.045175666480113064e-01
1.534473569331561871e+00
1.315366798005314752e+00
1.939905101225330553e+00
1.251871041918417138e+00
1.698160992891954768e+00
2.154389689241055894e+00
2.843739687279413619e+00
8.543737971909154405e-01
1.933172331447292391e+00
1.255909967485502765e+00
1.431335113789677038e+00
2.033655269555143530e+00
1.239906698825826048e+00
8.590478916653098151e-01
1.845161826263902682e+00
1.842387292355758932e+00
2.099228784648907276e+00
8.852492529892052042e-01
2.184870292828397620e+00
1.723705301627959541e+00
1.532407598811970528e+00
1.120517571271463453e+00
1.611848354086054647e+00
1.268852175805112781e+00
1.379393660627372009e+00
1.152978431658556513e+00
2.130831684260819703e+00
1.531179762899489649e+00
1.713574041259229963e+00
1.770761792854088190e+00
1.688018258645502812e+00
1.546356435300150212e+00
1.024554259321319716e+00
1.417916630869716865e+00
2.194673566324011116e+00
7.065198160048613563e-01
2.258688131952083289e+00
1.773970686096135507e+00
1.434850369870163123e+00
1.139622604090872571e+00
1.132978839387172254e+00
2.083032989710309923e+00
1.663034261612242215e+00
1.567252825912592407e+00
1.368273106809083206e+00
1.760954853983485391e+00
2.155779182862661347e+00
7.873151374651184975e-01
2.445688087867617710e+00
1.693185908085121483e+00
1.801716263926789630e+00
1.274314600433121170e+00
1.613794943912467028e+00
1.171147823012315126e+00
1.491715763880335999e+00
1.410424982557555662e+00
1.739084344158369655e+00
2.057869208517678850e+00
1.179394548384941954e+00
1.589198711069558900e+00
2.164858557112433690e+00
8.732156356222051663e-01
1.487195903702966060e+00
1.145336205352231795e+00
1.541885995779413765e+00
7.755393490440278814e-01
1.432590838088261265e+00
1.418518142558425454e+00
1.385836024463847904e+00
1.062680698315329630e+00
1.499415595912212851e+00
1.433335674729092846e+00
2.105780736677998366e+00
1.623379453915254622e+00
1.047599533707733510e+00
2.132496268716036258e+00
1.613684058996727400e+00
2.137219139093059717e+00
1.458010178488484465e+00
5.150144037556440013e-01
1.326217559839868221e+00
2.316628310601042351e+00
2.218588557769889835e+00
1.681242256519905220e+00
1.647393332407788069e+00
1.459757392102719820e+00
1.891688615900959380e+00
1.620816527691095965e+00
8.152218515208137228e-01
2.222731985766211782e+00
9.448068618558614906e-01
1.257763699827216586e+00
2.213893269295937660e+00
6.509703504602220026e-01
2.678827057875492468e+00
1.589811132036840213e+00
1.294258616458701994e+00
1.378094047013784351e+00
