6.680205916248453946e-01
-4.572055508949972591e-01
-1.024274999589701807e+00
2.971689249974129865e-01
-6.878182790244462552e-01
6.853777216510525960e-01
1.042386644876014401e-01
4.705948345700052826e-01
3.124271750273477366e-01
6.618498069914693360e-01
7.230761358525397142e-01
1.356418628358913026e-02
5.163192125046265346e-01
-8.033919258658190898e-01
-8.436215683193548642e-01
9.804933374524793521e-01
-4.855707362490164769e-01
-2.919941176458600296e-01
-8.245572576009738697e-01
-1.192656395047819284e+00
-1.493446177422632193e+00
-1.789023812695305082e-01
4.999264284155966465e-01
-4.282833830937633479e-01
7.219977606040099971e-01
-1.530707418347543314e+00
8.740171686421334130e-01
-1.726783526163169213e-01
-1.025127987628452253e+00
-1.253942867719333165e-01
-5.306920502570120490e-01
1.402158953773700034e+00
3.514507304779197483e-01
-2.825412488387737397e-01
2.574951375837297718e-02
-4.287896380162052878e-01
-4.433826220061298784e-01
1.462194312949211650e+00
1.270422548310639499e+00
-5.576412895012783366e-02
-4.505597862790224895e-01
-9.690814183558558170e-01
1.631748546462681304e-01
5.714591434130049663e-01
5.297178131912074761e-01
-1.138228110104983593e+00
6.916238514220296452e-02
-9.489557654656675112e-01
-3.413070419428958502e-01
3.490199657401591438e-01
1.400628412102911113e-02
-8.623715046224269543e-01
-1.344045275600704414e+00
-4.903761850389400934e-01
-2.020402577344029282e-01
-2.227929542387586892e+00
-3.375247562598291395e-01
1.919213432353678250e+00
-8.164115222096146596e-02
-3.195202588002132860e+00
-1.565355133051143710e+00
6.449879111397605058e-01
3.555183448346186381e-01
-7.558433930018182423e-02
5.086810730824531390e-02
3.500244168441550840e-01
1.849906397985088269e+00
2.900904602772129692e-01
-1.033197152566321719e+00
-1.382863541548946529e+00
4.166082460870423887e-01
1.294510216831854521e+00
9.039258662071372186e-01
1.645271591928379351e+00
-1.071496842711874287e+00
4.025570960369417861e-01
1.713302648770489434e+00
-2.067809799292428252e-01
1.961270330651220917e+00
-1.246241016777103194e+00
-2.196443113288033544e+00
-1.124078159954462919e+00
-1.363591638157206631e-01
-5.968575140390539602e-01
-1.080516301514557576e+00
-8.514823466472334346e-01
-8.316372537159040235e-01
-1.437908258047437826e-01
-6.280814748607319586e-01
3.021415464788610450e-01
-2.219188101273826152e+00
-4.076272050342097941e-01
4.354820107658987638e-01
-6.780971689704884398e-01
1.507540472924729258e+00
-1.793191814119996508e-01
-3.931413178976228551e-01
2.050208963159318998e-01
-2.914369455186660574e-01
-1.052267978966485273e+00
2.174669124332345049e+00
-2.009244769382374507e+00
3.556130619714643615e-01
8.660049487464061002e-01
7.611458854018158249e-01
-1.318440559474886697e+00
6.255419167606826036e-01
7.116075871458402702e-01
7.282305751112474468e-01
-1.220122923926822978e-01
-1.005115655433950650e+00
-1.077456151353712865e+00
9.446517943104435489e-01
1.914081815222301586e-01
-6.894534212919740668e-01
-2.397948309949091694e-01
-8.379545277784963275e-01
-6.544142930804150993e-01
-5.013344267503061502e-01
1.091122356550046746e+00
-2.229454324243246077e+00
-2.582545113407133108e+00
-6.569078618262125246e-02
-7.419580951871953545e-01
-3.515480109302515643e-02
-1.636848177544605321e+00
5.196624938229987833e-02
-5.797670286757536928e-01
3.666446340308562313e-01
1.020099505301183207e+00
5.924836487043254607e-01
5.474973531450357811e-01
-1.045796846937193436e+00
-4.988389938694046677e-01
1.028852180977776420e+00
-1.207854260980532057e+00
-1.339998051537548918e+00
3.916177961765052729e-01
-1.208571287228906499e+00
-2.396404330909590819e+00
-2.117068466051379438e+00
-2.922640321521565276e+00
1.474407354534353232e+00
3.258341253066667775e-01
-7.737288107895707867e-01
4.500664152778197646e-01
4.641745837673898478e-01
6.320005908361050473e-01
-2.454494959419903921e-01
-1.947408463680320168e+00
6.375067969733638762e-02
-9.539470272748058477e-01
2.722772547673681487e+00
2.579001930724995617e-01
-4.827679271098483937e-01
2.081153513337463679e-01
7.449203523875524979e-02
2.852107439171245318e-01
-4.159181544009777909e-01
-5.222883366728812149e-01
1.575725337160402972e+00
-1.040875255383006071e+00
-1.233521109191127341e+00
-8.150111697327311333e-01
9.599905791492089335e-01
7.223497105325851209e-01
-1.168990464224812786e+00
4.226428421694503612e-01
2.204427290579865861e+00
1.230249043977229562e+00
-1.507214869733805696e+00
5.507993182288668521e-01
4.182703574387316436e-01
-1.124941417451486014e+00
5.033064031989686882e-01
1.938651141614755602e-02
-2.519694452881378055e-01
1.930349581842128792e+00
-2.862599078849008549e-01
-1.713699309693174300e+00
1.138167153824724664e+00
1.323899934257816824e+00
-1.975480794448660760e+00
-3.665180838234611826e-01
3.065612731495459542e-01
1.988892845928345920e+00
-1.957122487983051773e+00
1.134819149215840817e+00
6.248778025914596412e-01
3.271003783540589183e-01
-7.440670247563394568e-01
1.293550232511177178e+00
-7.438231902372036686e-01
-1.371887355156661936e+00
-5.566459859226036144e-01
1.083847005895570703e-01
-4.992187216727703714e-01
-1.666870354169400326e+00
2.706479391611154028e-01
-2.731141119374038695e-01
1.523938894545580069e-01
1.090076916851733912e+00
-3.778124873150634500e-01
6.107481178861116078e-01
2.658044396748930893e-01
1.892147080250619062e+00
-1.514142375228526571e+00
3.790982972784568972e-01
-1.137638377083975971e+00
-1.657026589312940779e+00
-7.769518417081489048e-02
-7.680979578197071334e-01
1.018585043737880724e+00
-1.411318640490309306e+00
-3.331831387673220846e-01
1.163778399049029133e+00
8.145624232825445787e-01
2.862424691750007355e-01
9.073276735186519559e-01
3.390162196926276295e-01
7.465928037155444841e-01
9.553959202446797860e-01
-7.795123761596345346e-01
-3.657169502938275585e-01
1.296123561900563104e+00
-2.849446946717781870e-01
-3.470257403096148607e-01
-6.591261939410539838e-01
-4.977712654954835614e-03
-1.842456350463268944e+00
-1.874438244057534675e-01
3.491222215906102377e-01
-6.040323784929704232e-01
-1.117647578616884907e+00
1.474501202183128967e+00
1.331512648812926969e-01
-1.543418748223316150e+00
-3.037614785442430687e-01
-1.556834138265581480e+00
1.218604502345192131e+00
-1.274973264526438221e+00
-1.918748537021821576e+00
2.012101973451586368e+00
9.408727898734570161e-01
3.113548341567184963e-01
2.736311543662107937e+00
-2.734109097854720005e-01
-6.937005981116168840e-01
-7.959492316912104570e-01
-1.154455348549676241e+00
1.911764385656454124e+00
1.051761374890797462e+00
1.506399041138680062e+00
2.366069783287645834e+00
-3.436820419667689919e-01
-4.849460684457218562e-01
-7.434528627244940679e-02
-1.199473682458189749e+00
6.169799547283680852e-01
8.873182024065346951e-01
3.191440137263565902e-01
6.197204463862675539e-01
1.951669631625465584e-01
7.501112922473520683e-01
-2.052665440626997295e-01
5.072793422808121733e-01
-1.928055113537383569e+00
-6.949247891470760052e-01
-7.280558639532728193e-01
3.937583342198163194e-01
-1.095310084667628026e+00
5.931074441266037667e-01
1.381183812646201936e+00
-7.921032112312076379e-02
-1.079051307152083528e+00
-2.500315775384365224e-02
-5.690456313986054226e-01
-5.338807621945838022e-01
9.445244684269304969e-02
5.544995855203040946e-01
-1.427475379006243550e+00
5.779182673728833208e-02
-1.099532788151421414e+00
6.547037246491882456e-02
-1.170461299500118457e-01
-2.822426213195603495e-01
-1.591663587288394410e-02
8.445140140371574233e-01
-8.967341383525910814e-01
-1.561774142267717824e+00
-2.245876806103730416e-02
-1.862332138931359626e+00
-1.056694249036643107e+00
-3.465703557707300320e-01
-2.554349988880928901e+00
1.665337436073752286e+00
5.981599554254115603e-01
6.911310040333500382e-01
-7.429751457484536914e-01
-5.073216994020190995e-01
1.227205162717055487e+00
1.370395551508609699e-01
1.938048647172454508e-01
-1.142418979277019631e+00
-3.500151608839292550e-01
-1.215194571985591665e-01
-1.040722367747525468e+00
6.415661358268742731e-01
-6.158498001795953414e-01
1.744949476004409306e-01
-4.133505074840382321e-02
3.379724811688298303e-01
-4.688066072261918293e-01
7.675256376897889865e-01
-1.168626341989844164e+00
1.424295118245124669e-01
1.432763182990459683e-02
-1.348362165885936825e+00
-6.700482938104936892e-01
8.648015603472627433e-01
5.804109513558284306e-01
4.482142135293987195e-02
2.219888066275741423e+00
3.468934609099738609e-01
-1.835288788658751002e-02
4.110732743746545736e-01
1.556515013234918143e-01
-3.973162135053653898e-01
5.740735051657974708e-01
1.682871837505887314e+00
1.384979774560793686e+00
-1.241637440915952073e+00
2.344751706458740870e-01
1.425576195944620927e+00
-4.630322677104441453e-01
-1.008933806671541422e+00
1.972310028818000660e-01
7.466895101609249963e-01
9.261777065397192032e-01
-1.228041218620407715e+00
-5.555998089519595950e-01
-1.362230425442132464e+00
6.323315492901819823e-01
8.118869244700253063e-01
-7.650292189033391921e-01
-3.126665682476401642e-01
1.894953583900916172e+00
1.373141658766007467e+00
5.447610973919134736e-01
4.430605235407281128e-01
-1.249295907541567274e+00
-8.748423279645773931e-01
1.027369102932169653e+00
-1.568996177375272527e+00
-1.035975137996051565e+00
3.253578651489821283e-01
7.271601653017842892e-01
-7.234803550925299476e-01
-4.823575861564863843e-01
-6.810297917227261522e-01
3.745322424447579124e-01
-3.088865296686913453e-01
-2.377953333512788703e+00
1.131071203267892678e+00
-1.169931710734870567e+00
-1.237409479460032546e+00
2.494052232629524468e-01
1.231938453723117277e+00
1.729714051550664600e+00
-1.222448290880708832e+00
3.796206009361933198e-01
-2.885011817097016262e-02
3.174630091177954583e-01
6.674316599213092616e-02
7.135127915769867712e-02
-7.453610992912231836e-01
-1.072872881977553927e+00
-7.839296458823987734e-01
-1.430537066699027804e+00
-6.485566409913019470e-01
1.571641267835727440e+00
-6.747420038437432765e-01
1.135276082616240245e+00
-2.280308323197175469e-01
1.939842410719112564e-01
1.168276510891064213e+00
-3.197079329773400147e-01
4.616691062177036287e-01
3.816743296540785479e-01
3.634505999929196207e-01
7.102689934322086174e-01
-1.372503404124830517e+00
-2.452423114483979205e-01
1.114566102301934869e+00
-6.797574255606555482e-01
7.996306576640153096e-01
-3.633872090836618440e-01
-1.653699033148492425e+00
-4.878391437084230731e-01
-7.909308148941320837e-01
-4.108964536638648468e-02
1.252976371560780677e+00
1.431063216512820091e-01
-9.901811414703498571e-01
4.592362686542728056e-03
-8.602036865707951563e-02
1.223761287873701420e-01
1.794722556738284069e-01
9.437696316496371196e-01
1.052353967832227788e+00
8.426789440610402693e-01
1.013489947109571077e+00
-2.770621176834895394e-01
-6.437609383249887074e-01
1.282778234826684738e-01
9.703513137529595767e-01
-8.904575315636744648e-01
-2.427972890357095181e-01
1.554700986673366536e+00
-2.413539397635453554e-01
5.917483970039825181e-01
3.515074009912861897e-01
-1.446646576655435723e+00
-1.049077500985948763e+00
-1.094824618724613785e+00
-1.005428313005612750e+00
-9.486087282027986234e-01
-9.575392532481998842e-01
-4.041349388292418965e-01
-7.911687741068469393e-01
-1.055100713830512404e-01
2.510941047542393001e+00
6.248030623976719156e-01
-4.783028454610631641e-01
3.015876963641259678e-01
4.528250192722627077e-02
-6.492517893366303028e-01
4.164588783893607982e-01
2.160275437524283859e-02
1.602818261180047443e+00
-5.236952176566846973e-01
-8.869070298797785412e-01
1.687059612870029923e-01
1.135464763609781436e+00
-8.542931867314207395e-01
-9.145461400377552508e-02
1.737189103770266918e+00
2.222657017684523950e-01
-6.517530618582947355e-01
1.644610676528925453e+00
-1.124577909190070280e+00
-2.869975758309264435e-01
1.858836457256245467e+00
-3.582731812522919057e-01
3.032385040333842596e-01
3.776522532589421388e-01
-8.696276156294882043e-01
-3.376929520548035413e-01
2.665695477447274087e-01
2.605958422455973533e+00
-1.786466934607822132e+00
-6.119942582227464456e-01
9.290657465987646191e-01
7.257123091816275462e-01
-4.954932028340159889e-01
-1.148656613948837446e-01
-2.443473983010182593e+00
3.536769648285611467e-01
1.165707141022243931e+00
-6.141496910073014348e-01
2.173752677998248117e+00
-5.344100963437314888e-01
2.844448491917992428e-01
-1.832429760219911330e+00
6.515626331588535436e-01
-1.423377509488161774e+00
-1.086443506785210733e+00
6.823973809612144947e-01
-1.401449184196352782e+00
-1.584952472311794036e+00
-1.918313560205438417e+00
1.248147811351993042e+00
-1.587829331008694833e+00
-2.552215413511476072e-01
1.075718707710711541e+00
1.381302939771185123e-01
-6.950432426252461937e-02
-3.297402303810814672e-01
1.822645322781664134e-01
-1.715429359150539845e+00
-2.548585113037846739e-01
9.704298771516679523e-01
4.627881110245146701e-01
7.542065207563641849e-01
1.043837083718659464e+00
1.056240039006224762e+00
3.776423938122617230e-01
5.725812910903549380e-02
-9.115268554840136872e-01
2.594162195285534267e-01
-1.100191510539402451e+00
-1.306016341862993979e+00
-2.695430534063092409e-01
2.950724967247175812e-02
1.137928331169710816e-01
-2.684939108723138901e-02
-1.242639615143836807e-02
-1.051983424129576239e+00
-8.072746518815607786e-01
4.984022852112790503e-01
-1.924613631484986431e+00
3.438209737031456825e-01
3.162870696728443676e-01
