2.490850818047953830e+00
-2.009513513976162180e+00
-1.281459778292732832e+00
-7.870244429585255830e-01
1.889438978115364876e+00
-1.836620124810686150e+00
-8.808890513850018422e-01
1.109076470264152015e+00
1.479121612764336291e+00
4.610843482569828566e-01
-2.900893371306165758e+00
-3.665405737241531625e-01
4.790406705920364772e-01
2.460644713005065931e+00
4.888970107139867238e-01
-2.379071395050473825e-01
-1.066469380588643379e+00
-2.907553992626255024e-02
1.713498196765947057e+00
5.810312686987373354e-01
-2.078534854136883325e+00
2.325190560384530869e+00
-2.964935192210338855e+00
1.564148375416060333e+00
-1.355035571258698557e+00
-6.261556505270240436e-01
2.195032553833017985e+00
8.941713846273380284e-01
7.665354015539538324e-01
6.259600923280270734e-01
-1.020197062382573350e+00
-1.593269437417306200e+00
1.023763278051518455e+00
7.760157219920627014e-01
-2.544091540210722258e-01
-1.108144342389927317e-02
2.457636427225700970e+00
1.426775241687289864e+00
-1.913477777884321718e+00
1.420712060115318920e+00
-2.075001897578339083e-01
-8.147502776375672440e-01
-8.087630125823599414e-01
7.305216446386708640e-02
9.819492763086206111e-01
-9.010019915576794602e-02
2.192553465050206540e-02
3.360980208467292840e+00
-6.791325409706043814e-01
-2.145767435532103917e+00
1.214838152248727710e+00
-7.440881910459751225e-01
7.201156396632519829e-01
-1.653266586197569055e+00
-1.365473519451327888e-01
-3.668322465341725014e+00
1.950525421312551799e+00
9.119670052590240772e-01
-1.020634799342464039e+00
1.524985117726505024e+00
8.283643302225929261e-01
-5.646585593744370968e-01
-1.329967560545926020e+00
-9.332251500223023299e-01
-3.623382833382176038e+00
3.094485862948808119e-01
1.331264378154656036e+00
-2.189841961191691055e+00
-1.761267253850612668e+00
5.080198612688802129e-01
-1.807698057030347361e+00
-1.854133229293337237e+00
-5.739061580224618098e-01
3.220999185310693846e+00
-2.890214446278908778e+00
1.592100484200166477e+00
-2.778420562500372171e-02
9.444062497094494191e-01
8.098031902789273317e-01
4.213655401245519627e-01
1.477748581150082785e+00
-1.268234022235393610e+00
-1.262048745708627351e+00
-5.875579630503793283e-01
-6.282603785299931687e-01
-1.250923031148574616e+00
-3.074249364907668536e-01
1.508421178188016576e+00
-2.078344837771286535e-01
-8.614994958219366339e-01
-1.006946067907842135e+00
-2.743270739351005183e+00
8.465028333666957394e-02
-1.928087476296105773e+00
1.058327615372210317e+00
1.508722147392086654e+00
-4.645732411392522465e-02
-1.143999162176396744e+00
2.325860015702543748e+00
1.343037006054959903e+00
-7.007718888724587813e-01
-2.003012664821207878e+00
-6.178490953877062708e-01
-1.103325958350731550e+00
-1.093656251334525820e+00
5.890138377329119379e-01
2.064054243165756475e+00
-2.049690978674298503e+00
-1.383211584213820622e+00
5.669876908217155176e-01
2.696715751282185991e+00
2.491631318835818121e+00
-3.612611423828934853e+00
-8.378628596787383032e-01
1.062666121092142646e+00
-9.500159950726994040e-01
1.276429032483186177e+00
-2.175601174934779003e+00
-1.039990267645994670e+00
3.559166341276522871e-01
-2.709060266379026416e-02
-8.785594080577130427e-01
1.723203416531168486e+00
2.947066895113091611e+00
-3.449542346169853335e+00
1.097393712076460304e+00
2.430568751604247346e+00
-2.377648750467007410e+00
5.853861373500635068e-03
4.496067049387054482e+00
3.039239778868353170e+00
-1.765647160836461005e+00
-9.583090319259692791e-01
7.004392211052063999e-01
-2.802175838652225082e+00
-7.570587393651209140e-01
-2.746906285379600021e-01
-9.742728589193143662e-01
-3.418465069708488180e+00
2.022158886621578944e+00
-2.606908907224249727e+00
2.385046102663393341e+00
1.062895841261681795e+00
1.487071729775278683e+00
3.071693239912374196e+00
-4.394365585294490728e-02
5.504439254668502812e-01
-6.848129158426043972e-01
1.127193591034220788e+00
3.007061986483082094e+00
-1.203421456805389145e+00
2.901883964974585339e-01
-1.131536757690167150e+00
-5.004811496592145303e-01
1.300637659016544490e+00
-1.901615246097989598e-01
-2.208503212378558622e+00
1.632902408221566404e+00
-2.415918586492445286e+00
7.544487432766455726e-02
-8.904639498154054422e-02
4.642867179547938150e-01
-3.638327280634658933e-01
2.963856187491689553e+00
5.260830065171351322e-01
7.395433630107444145e-01
-1.327837901409567589e+00
1.561597859607938510e+00
-2.301165757775152088e+00
2.112837377822904372e+00
1.775404286196861747e+00
9.187503365296034730e-02
1.343036630398691145e+00
-2.078445537118352782e+00
1.600264257321219574e+00
3.560766477532453678e+00
8.085790095725791105e-01
-1.283757820911559655e+00
-2.130454239170810560e+00
-5.007073817406384464e-01
3.052763022027033202e+00
8.617094483261666937e-02
-8.440153909999921211e-01
-9.519986807409450691e-01
-4.625132665505278240e-01
-8.256372354110386169e-02
2.741662470926069517e-01
-3.198792847619280177e+00
3.709292894336604363e-01
1.546432601454447386e+00
1.801091233466868502e+00
4.076708667116824003e-01
-2.688700469532747661e+00
5.508438211051291944e-01
1.140114542506777795e+00
2.192174918920476223e+00
2.114989526783785934e+00
2.136624989386426421e-02
1.530861513104104787e+00
-1.379519757381038492e+00
-2.955250187763034386e+00
1.834158409456434491e+00
-1.316329678569174710e+00
1.656957820680977633e+00
-1.949629057068391624e+00
-4.593304912178748367e-01
6.957633465701107411e-02
2.145062170847218397e-01
-6.852887066377393310e-01
-3.971868981820927402e-01
-2.311467872159731485e+00
-1.902169373407039288e+00
9.440856315011858513e-01
7.527734180992906587e-01
-4.943107490515581404e-01
1.312318112299506012e+00
4.044795200197581764e-01
-4.650890770974438482e-01
8.439451586101887059e-01
-3.026260142672416720e-01
-1.905771788135981470e+00
-2.538648625642057066e+00
-1.876322074761453962e+00
3.649356936607874857e-01
2.276985876693676580e+00
-4.704610210144242188e-01
1.391695797741819618e+00
-1.285525412865960782e+00
-1.385180704826660669e+00
1.178130928055191262e+00
1.346947682027851201e+00
1.049662756063700186e+00
2.420239568313061973e+00
1.134157320071226493e+00
6.188454984606428511e-01
-2.878303985660640052e+00
1.314427680329282033e+00
-4.905575380554321185e-01
-1.251940193114293720e-01
-1.300658331676517676e+00
-1.854530121177839330e+00
-1.281282319623171517e+00
-1.614401470214799517e+00
1.426820478277239346e+00
2.291825761320658295e+00
-1.932116878705198992e+00
1.366867461532860872e+00
3.791198694308750561e-02
6.055485586503861484e-01
4.214327976929350683e-01
5.195871064153188001e-01
-6.860423135285307339e-01
1.114450847959735036e+00
1.786472406677930280e+00
1.755715926810178296e+00
1.130082959212863614e-02
-1.696427654153866982e-01
-1.610881236351024981e+00
3.468416787042462701e+00
-3.479798295577651857e-02
1.975355102609652747e-01
-2.191769207966602906e-01
1.318809007357355512e+00
1.499034205595788372e+00
2.154010632248263946e+00
-1.228846534763687437e+00
5.112771420684527612e-01
-5.906388779256150912e-01
1.853049520465541278e+00
-4.275242352407477853e-01
-9.953989332496480102e-01
5.871802280049376321e-02
-2.670179694803883841e+00
-5.341207308224067418e-01
-1.989163626418006814e+00
2.352159291340051084e+00
7.456471339596753012e-01
-3.154643879835927756e+00
-6.626965067321366476e-01
1.344068125993549856e+00
2.115821815142576057e+00
1.348091293967760507e+00
2.443621844454396452e+00
1.466525274895325914e+00
-2.463091850565826135e-01
1.842206540532722592e+00
-7.636130532183136310e-01
2.971372892534147603e+00
-1.063136195120382155e-01
5.546444128398420048e-01
2.318768553458627757e+00
3.456351686367998610e+00
2.201728071927247399e+00
-1.523169824885122647e+00
-1.048798344423076401e-01
-1.640799140506925990e+00
-5.073151385432508320e-01
9.290725099277175048e-01
-2.657696388538486332e-01
-1.679401886169956448e+00
1.331962027933064618e-01
-5.296274346656053567e-01
-1.362183300033316780e+00
-1.479440071819837499e-02
-6.627584129512786859e-01
-2.449455812127182774e+00
-1.794687932586856327e+00
-1.453603423224798519e-01
-1.439105395109037566e+00
2.414327715544215991e+00
2.505360259897755348e+00
-9.175607937980228002e-01
2.024345995629039940e+00
2.752775198510026833e+00
8.545638221222766617e-01
1.133771093700140398e+00
-4.922897702470301340e-01
-1.374356170978175307e+00
-6.106928997222071942e-01
5.981559801607696514e-01
-2.485801891188081925e+00
5.098264724632661782e-01
-8.388235064992919376e-01
-3.619116506227946228e+00
1.267515840658290927e+00
-1.465405519861707972e+00
1.972029066128930808e-01
-1.916502170782560022e+00
-8.926267475139253449e-01
3.401630091339441719e+00
1.599700120724278918e-01
1.524465444143086046e-02
2.265110638564068246e+00
-1.273128559503193813e+00
1.549297432863186330e+00
4.539702108389320756e-02
2.400746383225699887e+00
3.410772578356453977e+00
-1.606292001206206965e+00
-5.670228036125877225e-01
1.379094605198405432e+00
1.170271432358431341e+00
1.367804222711228590e-01
1.112398940000947078e-02
2.498923802169805697e+00
-1.386418844920984661e+00
-1.054302164598925895e+00
5.729276214339105167e-01
1.488246143440974834e+00
2.235611459800281864e+00
-1.697049765576971403e+00
-7.875232081480749713e-01
-2.317534933289735477e-01
1.035978709041218693e-01
-2.041533505177302033e-01
1.819658531123184986e-01
-1.366637086175992000e+00
-3.327452745670878897e+00
-1.145533868668868749e+00
-1.014044066579951053e+00
1.181714010253438474e+00
7.891415287900809261e-01
-6.209871784384866089e-01
8.334303346794182943e-01
-2.088122548730237948e+00
8.577661208972919837e-01
-1.740983417331194438e+00
-4.149017268344739051e-01
-9.051367987255511949e-01
-5.095262765770511848e-01
-7.692076313972915358e-01
-8.167664544153527828e-01
-1.161247125166299021e+00
3.526422871040500340e+00
9.114526061219958564e-01
-2.894467792272305218e+00
2.689949690332229082e+00
-1.844188999103488769e+00
2.469652922293028574e+00
-5.166919822858124789e-01
1.027295421979889767e+00
-7.839970893244139205e-01
1.169069247621637331e+00
-7.470778010593690510e-01
4.248170513519548663e+00
4.513263089835193753e+00
1.653470301869877090e+00
-1.671017292075670291e+00
-3.454693005515705906e+00
-1.413644339709214659e+00
4.747078970310081303e-01
1.698108473111633820e+00
-4.888513768377080737e-01
4.376289418557956168e+00
2.523084430802367883e+00
1.338048982097054918e+00
-2.408675024570884560e+00
1.815308005850972961e-01
4.622822890952740238e-01
-5.238099241666782646e-01
-1.477158098421830879e+00
9.074041322501704698e-01
3.240307290691221809e+00
-4.554542139546198243e-01
1.609150686524740692e+00
-1.908305477092833158e-01
-2.781162760707660553e-01
-1.893181944032761965e+00
9.718004040105840957e-01
5.771347693458768191e-01
2.343985419020230054e+00
8.909990861481240643e-01
4.373115980133404079e-01
2.214273209122535668e+00
2.964678103549411858e+00
-3.157723426537115685e-01
5.664742585716648904e-01
9.120787179267537681e-01
-1.169408266432272470e-01
2.522581075042165111e+00
5.167589511345793696e-01
-2.732792809699729375e+00
1.617902262677456626e+00
-2.831524077487999058e+00
2.482046851517445418e-01
-1.219116083540165985e+00
-9.037293537971837765e-01
4.943131784152626551e+00
-2.269910248849211776e+00
3.905094343167201387e-01
-1.052157170804451702e+00
-2.340959561885824769e-01
-6.195809321815834991e-01
4.913926092708518212e-01
1.598865764696566494e+00
7.844403221859286290e-01
2.335264808968986472e-01
2.730382851041355252e-01
4.299109396974154507e-01
2.411773958199794343e+00
2.057887146469282058e+00
6.815571071676327364e-01
-1.347269178763599307e+00
-5.296461571333148655e-01
7.293906099656126685e-01
-1.348381143740837729e-01
-8.892406365269911461e-01
-1.912066353435064148e+00
-2.285079253283361034e+00
-2.173165720999361561e+00
-1.812185449645081547e+00
-3.312899627191404406e+00
-8.014843306920269583e-01
3.209113028714183358e-01
2.802172316836744947e+00
6.558231263548544021e-01
6.365305474959459531e-01
3.041841148763484881e+00
6.502522804619195185e-01
-1.643321658636773819e-01
-1.433475443990780640e+00
-2.093442887686680631e+00
-1.268855767518744848e+00
-3.136382139437658978e+00
-2.343032346285949252e+00
1.873981247311730769e+00
1.086965396016105423e+00
-1.119227956851280403e+00
-9.417043909297380111e-01
4.435391719059600391e-01
3.933069377806877043e-01
1.762321630427559960e+00
-4.497621716201649633e-02
1.672625870343099841e+00
-2.383479039473161976e-01
2.750889971694370217e-02
-1.285360000284203608e-01
-4.790874254744013072e-01
7.026898727968244884e-02
3.395527262359577136e+00
-2.330694026079448200e+00
2.603955092806740979e+00
1.461890633606239831e+00
-2.972650036733584411e+00
1.830748958585088459e+00
-6.558851177680846689e-01
2.234641089525853275e+00
-5.654017640382082988e-01
-7.646640528516952529e-01
-1.130198513841675023e+00
2.415423694064125826e+00
-3.392319826395333582e+00
5.648979805425113909e-01
2.282876393963873873e+00
9.251004258665327384e-01
1.499244043687840033e+00
-4.639226222952919088e-01
-3.209935928129969529e+00
1.122277588441677132e+00
-3.410097848120440034e+00
1.200916538962082392e+00
1.953338787928512232e+00
1.859301729585906671e+00
-2.042670804467354717e+00
-7.783244000790556782e-01
5.026197958101334962e-01
-1.403939060291356622e+00
1.742666979696769758e+00
7.989924036331608193e-01
1.419134855113231453e+00
-1.999864535339821447e+00
1.889481824567895707e+00
-1.275844992259019151e+00
