1.638011425053706560e+00
8.783831666103711910e-01
1.995343092581252087e+00
7.693679351795177368e-01
3.097345412501933737e+00
-4.142212672755949399e-01
4.298355673344467220e-03
2.344737035552046933e-02
-1.002275596396264845e+00
2.620100194306456132e+00
1.401024278014711300e+00
1.326804494174778526e+00
1.862669576677955519e+00
-4.065206686844602402e+00
6.548760220164577817e-01
9.458190132407455764e-01
-3.905032288911258753e+00
-2.902212485918829188e-01
-8.258609316518921162e-01
-1.618529737427527593e-01
-3.437515438683060864e+00
9.549255667465237352e-01
-1.773298456305285598e-01
-1.757098557244751280e+00
2.248718252645105053e+00
-9.296483126064192248e-02
-9.970421351754641393e-01
-5.430763561888705127e-01
-2.392152179758926245e+00
2.456034726852109884e+00
8.020230496765368144e-01
2.436467887012428335e+00
4.615019440548275398e+00
-1.779850779253066673e+00
-2.661092302315541946e+00
-4.559745519355562493e-01
2.154887665177717793e+00
-6.061396815341373312e-01
9.784102550442064228e-02
-9.436431358493306831e-01
-1.018118768929749951e+00
1.434662484946366945e+00
1.024513305642357430e+00
2.857884259413761896e+00
1.324575194940806000e+00
-3.308252927890613648e-01
1.880332152245611788e+00
-2.469811177576639594e-01
5.193971038415634567e-01
-5.979742844357094356e-02
5.444038362365590800e-01
-1.475760947622264396e-01
2.222268384448639722e+00
2.729715121125146915e+00
-3.785183979044939306e-01
-1.029213196452192225e+00
2.519905137345206825e+00
1.982052715052411429e+00
-2.405358120885146889e+00
-2.319915711418394366e+00
-4.725160870753200015e-01
2.557727641780168426e+00
-1.748541730682493522e-01
3.273930025127356203e-01
1.792444761295551636e+00
1.248481495924304241e+00
1.709774289292679050e+00
7.107663329397020391e-01
3.251614303557559538e-01
-1.578936123680131587e+00
2.667792183406495710e+00
2.885513641116129513e+00
2.125982866769998481e+00
2.917896845814214934e+00
6.998551042578320391e-01
-3.614468133640910352e+00
2.912800314496559295e+00
7.555499142519206401e-02
-3.182882347680262569e-01
1.165764143103520389e+00
-2.301490830643379226e+00
-9.298475393342409134e-01
-7.564064515663169175e-01
2.125614431764541123e+00
1.522745402062238185e+00
-3.515349442074765740e+00
-3.531051270763807537e-01
-1.503377609293100825e+00
-3.743762560454610977e-01
2.936364996583802345e+00
-3.081683609068926355e+00
6.704582939891556848e-01
-1.999373094308021237e-01
2.306887084591410897e+00
1.324431046120782440e+00
2.470383860779694629e+00
-8.057036069261016564e-01
-1.280498451210874133e+00
-1.034879004643300071e+00
1.298217758452226533e+00
9.121642132908647227e-01
-2.093015854365232187e+00
-3.195581971188143466e+00
4.027729917997122655e-01
-1.449536508963933823e+00
-1.146358177005637025e+00
-7.664132017372775607e-01
2.453240209603146482e+00
-8.767206058700054427e-01
-2.194290376629571604e+00
1.756933230000720769e+00
-2.374705956466820922e+00
2.304301024462107605e+00
-3.189213300380639993e-01
7.918257341645018599e-01
8.031958397216998335e-01
-1.502391790785662540e+00
4.607557767259109482e-01
-1.287827808596312629e+00
4.700977141524440128e+00
-3.643355587069703194e+00
-2.887629281806467052e+00
-1.611721840315639476e+00
6.955462049201379671e-01
3.621070979901901410e-01
1.041799504057069115e+00
-9.114390223568111793e-01
1.062660628747094549e+00
-4.136398047375084985e-01
1.020595346453882613e+00
-9.084218167073574435e-01
7.170752859734941254e-01
1.897716898834048038e+00
2.184285835547273180e+00
5.457025507822566013e-01
4.407431586361543197e-01
-1.162464321894398189e+00
6.008972730565886877e-02
-1.574971526355572138e+00
-3.261535071246725259e+00
-5.077272032050741402e-01
-1.618734171052620407e+00
3.912925959333673376e+00
1.416844328899311556e+00
-9.068161755545833813e-01
-2.729803584064995903e-01
2.549901373386926018e+00
1.371278696411692977e-02
5.410857192367704016e-01
2.037951334096090861e-01
-7.914161756484414667e-01
1.981389720586470560e-01
1.765527585619741657e+00
-2.731634206793973618e-01
1.374796330292005209e+00
-1.474080050433164146e+00
7.694561926654710504e-01
-2.839112395309114412e+00
-1.675477331773911782e+00
-1.163605963435102808e+00
-1.638232418360028753e+00
2.233555472316448132e+00
-4.315696490269612440e+00
9.794138961289524659e-01
1.470610835861943855e+00
1.056240998539762721e+00
3.094235358663350866e-01
2.359559325963553889e+00
2.082079752585546117e+00
1.259213202895162809e+00
-2.468528613219596046e+00
3.855893450819298351e+00
-1.737499015846335482e-01
-1.314785847708514588e+00
4.432726514370592952e-01
1.018949381318502212e+00
1.886367400930312854e+00
1.510952555271305897e+00
9.490772932621629465e-01
2.486918100120156794e-01
1.068231745956389034e+00
2.834206270013210904e+00
-5.414470187289541769e-01
-1.239325025938495362e+00
4.002659212475094819e-01
4.641270551577303394e+00
-1.227813589643400594e+00
-5.789819384074528230e-01
-1.469006923804055287e+00
1.450390096220486313e-01
-1.237346258528177145e+00
7.508657141718160233e-01
-1.038625938086167544e+00
-2.337587869920130679e+00
9.376644347121150247e-01
-1.789489558091323929e+00
-1.905608488835015102e+00
-1.262474816264872679e+00
-6.573566723656245614e-01
-2.402149349298800196e+00
2.462056734806234992e+00
-2.247970333099830853e+00
-1.026262322062467813e+00
3.441168470530151069e+00
1.583617568229423789e+00
1.021438274576666139e+00
-1.687590795259896748e+00
-8.793654819092093788e-01
6.164091207551170015e-01
4.649115643792676167e-01
1.285889990590982634e-01
-1.292856779001996692e+00
-7.922356225241724559e-01
-2.097532892115956837e+00
-1.353723532003211716e+00
2.084139478044954252e+00
-9.701019194784361588e-01
8.605537254753103937e-01
-9.304642869189994059e-02
2.357558633198911124e+00
-2.625824723467967914e+00
-1.010584431423243501e+00
-1.820375314623555063e+00
5.974580647083627127e-01
-6.398126183265056000e-01
-2.295669638136202728e+00
4.465768055900385392e-01
-3.323638153073025236e-01
2.837821232105995684e+00
-4.017871769928177628e+00
1.288703396193433548e+00
-2.178337984338965860e+00
-2.153964669882365790e+00
-1.512675397388898002e+00
2.147025331025683492e+00
-2.350500458994435604e-01
-2.108964783115184094e+00
-4.169238966159030113e-01
1.078371829738191678e-01
9.539348287618949485e-01
-1.778327200615727577e+00
9.351953670283741360e-03
2.184640554901909226e+00
-8.773210554771093683e-01
1.820134444173369559e+00
2.701426773470576137e+00
-1.646062475710674544e+00
-2.302609196259473023e+00
3.379842994698771363e+00
-3.900540845955322133e+00
-1.294345804101949327e+00
-2.075303213867126129e+00
3.266541481621933585e+00
2.198970837077219187e+00
2.322759723694542977e+00
-8.261717913059518636e-01
1.174474212962259401e+00
-1.512139694781713839e+00
-3.242901356705729654e-01
3.139990874698137091e+00
-2.319514220509404367e-01
1.389182568797870942e+00
-2.483691995419015974e+00
-1.700549485008354900e+00
3.953829159911625979e-01
1.818039279420919918e+00
-1.988795749774858734e-01
-1.052604010204558627e+00
-2.426513516377306612e+00
-1.101410928057525052e+00
4.890879824588543201e-01
7.702082514578449945e-01
8.127155523352467270e-01
7.725427985862944880e-01
3.392662962885655276e-01
1.624804094636777663e+00
4.966818544470674723e-01
1.830002198528459800e-01
4.562015602918991775e-01
-5.462206170423202778e-01
-4.119367789134108726e+00
4.026531194649933809e-01
6.571611630140727911e-01
1.276312454188190060e+00
2.624486623847648303e+00
-3.085649759605264997e+00
-6.069255344893758064e-01
6.082017187483863552e-01
-1.172594060315678810e+00
-1.264456403688348551e+00
-2.308844040713235124e+00
-3.448050376435034536e-01
3.184529861477356505e+00
-3.108055377360099403e+00
-1.098152753581036478e-01
1.270096956744027672e+00
8.184217620588238873e-01
-1.961497116566004451e-01
-1.128138443931919532e+00
-1.188938373371196455e+00
-3.131223825664639637e+00
4.677672474490528032e+00
1.495113192155166359e-01
-1.918924426661240190e+00
1.346138801559479958e+00
-1.710031933256756176e+00
-3.251637549746633216e+00
-1.434922925665806481e+00
-1.369975684507127589e+00
-1.745280412912542101e+00
-2.238572463065140461e+00
7.684599180636570992e-01
-2.651762017515975955e+00
-3.306085896333631702e+00
-3.167308389070585761e+00
1.188350963493567392e-01
1.156115123852659465e+00
5.899768011287020997e-01
-2.275366852306985876e-01
-7.237911939041827836e-01
1.410099225582738924e+00
4.388638739468468941e-01
2.887311737501326192e+00
1.027008593278543103e+00
-4.999363815124517885e-01
-3.224590198447376821e-01
-3.013064316680360566e+00
-4.642750300087548077e+00
-2.150435499695921848e-01
-2.127030318836083289e+00
1.250461007794111623e+00
-1.547917704844592457e+00
-1.875246451862188302e+00
4.734596711796026369e-01
3.432994783710130449e-01
-3.005107106260673788e-02
-8.586262186310387179e-01
-3.285272880490766045e+00
1.961316791144240845e+00
-1.229498396801486315e+00
-1.443092041393503333e+00
-2.456452774807339701e+00
-7.675107540943360007e-01
-2.431317416379878971e+00
-2.655367269226358573e-01
-1.671719980837826469e+00
-1.075864101418609220e+00
2.598408881800981618e+00
4.818472153452077578e+00
-2.461066392739157394e-01
1.457913302420282164e+00
1.043274181473768714e+00
5.000000000000000000e+00
-7.659283005705344038e-01
-2.632642647252189327e+00
-2.264734593195339318e+00
3.139980255766472439e-01
-2.430491682953968891e+00
1.345988364716914631e+00
-1.665076389846149141e+00
1.910363752783590385e+00
-2.478194273766126443e+00
-3.913887526131942796e+00
3.985704173835900477e+00
7.728307925810939949e-01
-2.789736360556283046e-01
1.296606599164188189e+00
4.330726767316527059e+00
3.202003368947144324e+00
1.230237744699589797e+00
-9.186645763549439181e-02
3.702946090809136948e+00
-2.743943061872657907e-01
1.282678517179688171e+00
3.659727260102282997e+00
2.378180244380016184e+00
-3.705879898071362533e-02
6.955905625606471077e-01
-5.693658487845691951e-01
-2.089886179076624551e+00
1.667321678931543261e+00
-2.077521060774358830e-01
-6.323961757180001086e-01
1.753971622533459396e+00
4.204632089226123526e-02
3.165157302380192661e+00
-4.259472639548679496e+00
5.039896393472078628e-01
1.806758840701505164e+00
1.265132618112330576e+00
1.406177789244633658e-01
-3.028641275698602531e+00
1.516871620715834368e+00
1.796937735233381517e+00
-2.081816492124313189e+00
2.195532839017388049e+00
3.211796341033792856e+00
-1.167705456566007882e+00
-1.537096900051803772e+00
-3.728070333765962641e+00
-9.665558291229192633e-01
-3.456192627924536964e-01
-5.920383658883343614e-01
1.493821944415236302e+00
1.096285210877727678e+00
2.190257922610449270e+00
-1.389951665391127023e+00
-3.036083858505635114e+00
-2.290249600325662271e-01
2.709651834109646273e+00
1.072051261207378481e+00
2.354641866014990370e+00
-1.377032064843169312e+00
8.618647864843680395e-01
9.310571926078647920e-01
9.503877709061647749e-01
2.441080861260345181e+00
-1.763634983871145145e+00
-6.883213517372119838e-01
5.478712027755801017e-01
9.883055961683675505e-01
-3.307411084024556303e-01
-1.030097061584807960e+00
-9.065861739479803560e-01
4.753720437735067250e-01
1.032660115905176035e+00
-1.520298408930766954e+00
-2.662466156937242534e+00
-1.558126489360653011e+00
-2.485494828504367426e+00
4.694995085299051851e-01
3.424343836603400248e+00
1.254283737782331265e+00
1.112028408921972300e+00
-2.858673836712824379e+00
1.102753794441184709e+00
6.823550599024885699e-01
8.481044777295814185e-01
-3.344154819014203639e+00
3.761571200550095639e-01
-2.984763018799881262e+00
3.192836760716062372e-01
2.388668968444680019e+00
2.676404688396887721e+00
2.386329584952184391e+00
-1.772683250803432475e+00
2.062614563300760651e+00
3.405794627725772017e+00
2.044635426546880907e+00
2.753531757004826552e+00
-1.660424003282620742e+00
6.758774439762813557e-01
2.029390813260941506e+00
8.991380260208368114e-01
3.097769411398013872e+00
2.525816275625238916e-01
-2.446119126194892246e-01
-7.125689181827841168e-01
-8.879296580690159146e-01
1.480765493865772164e+00
-3.771616777413502319e-01
-5.934660297719016597e-01
-4.595815123665865087e-01
1.598059792618167663e+00
4.196249770555109393e-01
-1.285477377981134595e+00
-2.645911726327168534e+00
-2.024590154612415649e+00
5.549762725176421441e-01
-6.984347637925516494e-01
2.376073341269410832e+00
1.961243985507811871e+00
-1.746495134699111773e+00
-2.238948140841715784e+00
-2.492258902687467526e-01
-2.620335300869294670e+00
1.092052915982081096e+00
2.884917251339298438e+00
-1.377912886960240613e+00
-3.145941427091343723e+00
-1.459300565515398329e+00
-9.233726736390526213e-01
1.207134548193805834e+00
3.624610744633914194e+00
1.165186872686598818e-01
-1.880874482893165833e+00
-1.025506162839401991e+00
4.751662962625548658e+00
-7.408805582747692853e-01
-1.633912564591634364e+00
6.970198995218446214e-01
4.628312763495614490e-01
-3.462761175765197486e+00
-2.105772459610729896e+00
1.675196393709339482e+00
-1.213532245092008743e+00
-9.230389216207255387e-01
1.022215483888414767e+00
-6.333193789816924379e-01
-3.941994047693962333e+00
-4.415631475152981267e-02
-2.417966024807559400e+00
-3.097716177041243579e+00
9.353231870872029674e-01
-2.134627243946110031e+00
-8.068425819363316265e-01
-3.680640391127472100e-01
1.204615977413748595e+00
1.160523687306169727e+00
7.985193840929767362e-01
1.917277825568374006e+00
-1.038731094669685273e+00
6.180747214814052981e-01
