1.766111060971702784e+00
2.245886789930567673e+00
1.158163338610473936e+00
-1.070065895926362476e+00
4.121374314397163729e-01
-3.745266428617117782e-01
1.182490444216224290e-01
1.458456460073465522e+00
-2.365704414131215572e-01
1.256533395664030550e+00
-2.801606206531337406e-01
1.217536169445910588e+00
2.165650639726659499e+00
-5.077292513341555846e-01
2.423520607570281982e-01
-1.481262863101552085e+00
-2.593430282658256036e+00
-3.546240548229135037e+00
-2.043974524585030483e+00
-1.686272557871963507e+00
-3.102772562742570628e-01
-6.024275146853348417e-01
-1.305224637548694222e+00
-2.138843758074698176e+00
2.074594894158731329e+00
-6.549323561977216102e-01
7.059007611423018247e-01
-2.677904040302766298e+00
-6.634466276222097392e-01
2.504608563878441885e+00
-1.896408915268121831e-01
-2.622024530278018517e+00
1.558506389854676932e+00
-1.545265739564847252e-01
1.976134803542497487e+00
5.267994213772908552e-02
1.440819092990160755e+00
9.384387551671347083e-01
3.319368641703368539e-01
-2.845947817857128470e-01
1.183599226556502515e+00
1.496217440683969002e-01
-1.686906627868527409e+00
2.104566379012526411e+00
2.847563525387388772e+00
-3.510090265386223152e-01
-1.282539775820330075e+00
-1.653371404578578563e-01
-1.207125544141334217e-01
-7.732719034222785837e-01
-1.897839424297096844e+00
-1.371147498925141761e+00
-4.108950744335100325e-01
-7.217809944929332033e-02
-8.769855544929070490e-01
-2.141628025722948081e-01
-1.329826285805582042e+00
-9.027902580398343702e-01
-1.877110330720622500e+00
-2.077984504545292488e+00
3.605616082641491360e+00
2.992643022852958801e+00
-7.278968147602666861e-01
1.488444584638120460e+00
-2.496658632718951054e-02
2.446109764153039379e-01
1.987999240937377010e-01
-3.042492016176884029e+00
1.998327977126592714e+00
2.436661347196640293e-01
1.329689047499549304e-01
2.409707435382065555e+00
-1.415525706792485572e+00
2.019353440304383795e+00
9.329049047379589510e-01
-9.775035900857034221e-01
6.264947633407764727e-01
-1.940731954423835504e-02
-1.142753931635098308e+00
-6.853968670454344547e-01
-8.696856938793473546e-01
-1.833434581232966210e+00
-1.258249614815545314e-01
-1.225482059353115716e+00
-1.851678352276437067e+00
-6.283681002639180946e-01
4.283536778310867987e-01
1.448917142034202854e+00
4.460781730432152870e-01
-9.614902705111800785e-01
-3.717713919010545709e-01
-1.679770000189803270e+00
-2.009842698940937034e+00
-1.843902695370864819e-01
2.452165688389474241e+00
-3.384998006302177842e-01
3.967901631760533121e-01
1.321531424389004172e+00
1.419076804944326753e+00
6.587607844018954495e-01
-5.663564305661994425e-01
-2.522529463031011332e-01
1.027021582117219722e+00
1.334193619721082413e+00
1.606514462949642841e+00
-1.504181563866433979e+00
1.499926049567975817e+00
-1.003145257817411817e+00
1.604780317996164385e+00
-7.845252931388033701e-01
-6.084268394929557289e-01
-6.368022399565020919e-03
-5.264739948240766410e-01
-2.459196948188553389e+00
2.141729499965522976e+00
2.203755835675449859e+00
-2.742668273405892254e+00
1.252254518321501919e+00
6.183954457727693921e-01
3.000602964981260001e+00
-1.464608188388263343e+00
-1.243129544935012820e+00
-1.400607356196306164e+00
-1.889429805351526159e+00
1.346025796567634991e+00
-2.088647644744865417e-01
-1.600034417864373282e+00
2.370455434145801732e-01
-4.685840255860442838e-01
-1.806246856589854843e+00
-1.609235591352788930e-01
-7.071574306276620092e-01
6.270609799204791557e-01
1.616214630022534848e+00
2.841526372883240725e-01
-3.947874936651194488e-01
1.542232576934940980e-01
-3.158655747278708681e+00
-7.873120491253242648e-01
-2.082038334839805493e+00
-1.291786729521042787e+00
-7.840631019382415801e-01
2.843007148595825484e+00
-9.967052612091800157e-01
-2.214580360186402253e+00
-3.130645293832685638e+00
5.000000000000000000e+00
1.196301180950474219e-01
5.324369332405707311e-01
1.029111925011889639e+00
2.417250796435775229e+00
-2.360030873860559097e-01
1.551817040295214944e+00
-6.140838827807879596e-01
2.193957708142088237e+00
5.472255592953541026e-01
1.983473552859051026e+00
-1.603696833047986381e+00
6.779577265726395296e-01
-2.531094781496712187e+00
1.367683701964555354e+00
-1.031589420270928148e+00
-1.364180584998302415e+00
-4.907490554821123396e-01
5.448251050161019293e-01
-1.975493675848484010e+00
-1.263586811603722992e-02
-1.707465529152418782e-01
-1.201237165524919881e+00
-2.844277701208969944e+00
-3.960004588748082810e-01
8.004113963902614870e-01
2.018327003443065593e+00
-1.414035001329875918e+00
-6.303189934477266831e-01
5.833845121046259408e-01
1.342878075423326045e+00
7.861517612483615025e-01
3.630919922222030749e+00
-5.327597322367774169e-01
-1.551784346917255863e+00
1.241039450283272672e+00
3.216503359432252296e+00
1.804386260537080844e+00
-3.626207309628446840e+00
8.163516832071247009e-01
2.165686225167950951e-01
-1.603539400130497228e+00
-1.032362697149237896e+00
-8.072258200778605897e-01
3.578270132773990753e-01
1.205796101992067548e+00
1.383551597471579520e+00
-2.313633393293041074e+00
-2.611397174058389670e+00
-1.115565551881574802e+00
6.816678979187749121e-01
-2.045995081817572725e+00
-1.261945514800320023e+00
-1.775384791949053298e+00
9.423615796642721421e-01
6.396950293508467666e-01
1.306141371720299205e+00
1.460858786879363436e+00
1.505914262097038936e+00
2.250717617470532339e+00
1.609378324391384396e+00
1.509170910448442982e-01
2.318351131581826152e+00
-8.464837186844800243e-01
4.146148173514365709e-01
5.967058282163995031e-01
1.655550085748024536e+00
-4.178610745049234687e+00
-2.733055253274457641e+00
-2.936391198978649086e+00
-9.803104602509655763e-01
1.179710287073554298e-01
-9.265616032115087108e-02
2.415961277951222286e+00
-1.573608263347821001e+00
-3.217439052031195956e+00
-2.239326695094518538e+00
1.011581100741105743e+00
2.361905388717085330e+00
5.682054194136032521e-01
-8.802919605786820867e-01
-9.265463151606079251e-01
-6.400224206691014217e-01
-1.958731932635997541e+00
-2.229984186246250388e+00
5.005861575233474525e-01
1.640668939528455716e+00
-1.320701156245514873e+00
1.248351971890418355e+00
1.866241575481646819e+00
-3.103075865812074952e-01
2.192977755935876516e+00
1.161187893553656814e+00
1.409304561217572527e-01
-4.432844986410326982e-01
-4.867577703322334415e-01
9.651308740255224450e-01
-8.644025362752802977e-01
-1.383586502750180358e-01
3.181274325946716885e-01
-1.046140706680324328e+00
2.593112165841358063e-01
2.643165676024938904e-01
-1.763648722186156981e+00
6.058463263283915268e-01
-8.601061908831599823e-01
8.342369018514617096e-01
-8.478295373828226289e-01
-1.491825899839329672e+00
-1.453783362483154207e+00
2.582550983757769814e-01
-1.179761893992123500e+00
2.598312136320135579e-01
1.026985196365339803e+00
-1.952597811443904874e+00
-2.965631762266456306e-01
7.486186820824727306e-01
-1.470183461186218565e-01
-4.800624348108595285e-01
2.069952950011604287e+00
1.736742139816516151e+00
1.220578009172381684e+00
-3.091870480025278312e+00
-5.214304170396122373e-01
-2.049669807510712261e-01
-1.452409817477380738e+00
1.193337633562011391e+00
2.604598162893534408e+00
-6.822034443559132910e-02
3.368031363009375667e+00
-1.104183438122118943e+00
1.900210744431452881e+00
-1.070238274122947253e+00
2.895696274924759450e-01
2.033665335129786200e-01
5.623891604873954009e-02
5.466184134236415915e-01
-2.242551399221036412e+00
-9.364213962714975636e-01
-4.729324310609595017e-01
-2.353726878994510496e+00
-1.019245107153795793e+00
-3.444197045324179474e+00
-1.685870491964884810e+00
-1.292573930787228598e+00
1.017828436985507068e+00
-3.681291894892328997e-01
-2.763758145423131474e+00
8.334075138806031902e-01
5.381060372180055396e-01
2.674842256551883679e+00
1.409496806425244664e+00
3.642975586928240972e-01
-1.163351191198998436e+00
1.376024850744076211e+00
8.455105657990547030e-01
3.743691041805785602e-01
2.980217713402293356e-01
-4.896173900192160033e-01
9.688063921334677531e-01
-2.863898869999720986e+00
-8.475294118617773265e-01
8.671484616858808891e-01
-4.291961401211281668e-01
-2.027770124331925494e+00
1.234586389708683285e+00
-2.859800005301247783e+00
5.197469065389634935e-01
-2.948630541416224382e+00
3.413903863127361049e+00
3.715601619279270906e+00
1.649488354024518877e+00
-1.443527119060177721e+00
-4.146854947188920448e-01
1.660971158883279841e+00
6.180539077348887744e-01
-1.446588271623010513e-01
-1.719231471772246778e-01
2.496331547624171421e+00
-3.621789363764644776e-01
-5.760254935056021708e-01
1.548339515995989402e+00
1.012325021728878838e+00
-1.789141442251517944e+00
-1.980499095920185137e+00
-1.309357994810802506e+00
-1.936949754908755317e+00
1.804445348073349109e+00
2.284884199748356437e+00
7.659732976608566446e-01
-1.195110170419179774e+00
3.956721183412170717e-01
-1.117668265772175928e-01
-4.133215523831310634e-01
-8.864634005716300891e-01
-2.554159038007375315e-01
2.069081645430452809e+00
1.202389998321486075e+00
-4.521937017931358938e-01
-1.710718661063483026e+00
1.866949221660634706e+00
4.181543326047631126e+00
1.121367165189417037e+00
1.690975218763098198e+00
6.075355128923121129e-01
-1.331705589241725107e+00
1.916278452340481664e+00
2.621380820990792060e+00
1.074474378268238439e+00
-2.913439234386476784e-01
-1.583659915803211859e+00
-3.177969371748454286e+00
8.958168669656272343e-01
-2.474713160970658521e-01
2.895770564244601886e+00
-4.494451013491858049e-01
-1.475921660099755339e+00
7.638999868733495902e-01
-2.412706853146096009e-01
-3.417226308279408542e-01
-3.607068774127704103e-01
-1.606796455490476117e+00
5.478957494528096106e-01
-3.468972533720311446e-01
-1.731263706543053615e+00
2.222101815297143901e-01
-6.571625348103502517e-01
7.225294882105739447e-01
9.649712268985766173e-01
1.012733556877338792e+00
-1.744487503485600666e+00
-3.600479071753142080e-01
1.525382484172013164e-01
-8.463782507977635206e-01
-1.871172899790852995e+00
-6.777719645945738947e-01
9.914503663260827437e-01
1.890873493981226616e+00
1.679481745159970174e+00
1.370101276800054890e+00
-1.277262084407579934e+00
-8.254628539436748014e-02
1.230056083991829752e+00
-1.981221422455625714e-01
-2.326006005943359156e+00
-2.447571078389650268e+00
1.740601000187538716e+00
-4.221141951203435383e-01
-1.032693573972132128e-02
-7.371743395506538121e-01
-9.895959671992855533e-01
-9.713723488044969656e-01
9.594320456889544602e-01
-2.153276094017404940e+00
-1.197484172401444447e+00
1.822771918439586081e+00
-1.806842951093489802e+00
-3.262270537892542066e-01
5.222413988105767402e-01
-9.696214555870144025e-01
7.864107210924231595e-04
9.022330450362412435e-01
5.664621074859628180e-01
2.866596989093228132e+00
-9.821236015095315963e-01
3.953725936515827044e+00
-7.119498883790695842e-01
-5.367061744141476964e-02
1.656928888981302528e+00
7.071425563038413742e-01
1.782751504570629031e+00
-3.905836016087569362e-01
-1.429313279638039447e+00
-2.041747188741804830e+00
-1.344366120772051865e+00
-7.613914930734768660e-01
-8.674764680815627571e-02
2.306334494829833659e-01
3.575407809033094964e+00
3.086147137931813944e-01
-2.106403435724585549e+00
-1.066746332186761403e+00
1.451732868085420236e-01
-3.173835394827888567e+00
2.169895136483629194e+00
1.070286689096944244e+00
-2.410605531133827029e-01
-2.756033361579699026e+00
-3.907749071915063155e-01
5.780419327621109105e-01
2.527333342743500744e+00
-3.665294593823817948e-01
-2.969011716374319487e+00
-2.334865226123712389e-01
1.740614391585735277e-01
-2.116403197089084642e+00
3.310870760265220980e-01
2.185435189126168964e+00
-2.488628775431021456e+00
-1.824568256792362675e-01
-7.391306952452962875e-01
2.335747872560448357e+00
1.446005479773862845e+00
9.565380641221850055e-01
-1.980358992304934063e+00
-3.145841175849573901e+00
1.384123436051735823e+00
1.127236421693541324e+00
-1.006365458412099567e+00
1.858090006288186657e+00
-1.638186972362076332e+00
-2.372623533315296740e-01
-2.473163231243815208e+00
-1.220519687146734533e+00
5.124640712460521996e-01
2.523447590273590002e+00
2.241378236868819762e+00
-4.895438439002051112e-01
2.155522061321725857e+00
4.202223788116850045e-01
-1.494782533060501351e+00
-3.219990207663419035e+00
-4.646369723437544508e-01
-1.544745601406261049e+00
-1.621761112478398825e+00
2.032675518995112895e-01
-8.175249053864774851e-01
9.096335114162688029e-01
-1.120804058014853943e+00
3.119108739074450298e+00
1.954652052269594265e-01
3.215437079855787417e-01
-2.296244106429151444e+00
-1.094352020935025482e+00
-1.869853029852462267e+00
-6.125542348880124166e-01
1.935667521803834390e+00
1.424239271796867712e-01
-3.590441510602726538e-02
-5.439661122605627952e-01
5.503683946214295020e-01
1.591372047191423889e+00
9.562193164911985122e-01
-1.773411249367756071e+00
-1.189826422679524320e+00
2.158962658733704743e+00
-1.200987890177302120e+00
-2.318141863407698899e+00
-1.211965570404827552e+00
2.513134686308184484e+00
2.761907857883462825e+00
3.745131648733703855e-01
4.689380655754291638e-01
-1.597862893948693852e-01
-5.715622750332363111e-01
-6.006859518654428243e-01
9.031653568000237442e-01
-6.934160260325494818e-02
-4.175261221325134997e-01
-4.693108143296491619e-01
-1.383487294426144487e-01
2.833499195245213542e+00
-1.074793030396372640e+00
-1.950652347527764618e+00
-8.074897001613443592e-01
1.297582431820606175e+00
7.658706705035456253e-01
