-1.550476989147788753e+00
9.644712795498779911e-01
5.612461373461385961e-02
-1.695896005122679462e+00
-3.317458949482231745e+00
1.206017526996332023e+00
-7.510193803675004887e-01
1.190568588947894746e+00
1.642027646041327671e+00
-5.685703772755621443e-01
3.258658751061282999e-01
4.731867098644215730e-02
-2.673278093448825388e-01
-1.783156511449153658e+00
-1.398747997409700794e+00
-5.155136240977391537e-01
8.768228159727220472e-01
-4.173911545834148029e-01
8.134986506460260003e-01
-1.715165142676984278e+00
1.650572108037968277e+00
-2.256754664519911913e+00
8.833485453150835554e-02
8.872182041629192994e-01
-5.338950285861221445e-01
-1.386984935315645373e+00
1.387208468794201899e+00
7.040654794462390953e-01
-1.006045638466735781e+00
-1.698209631839149303e+00
2.552362612014396070e+00
-3.715040389867834136e-01
1.222791303596384438e-01
-1.477765182408105282e+00
5.921101240905715102e-01
-1.466448953241314967e+00
-1.961548790977677648e+00
6.046616185247257746e-01
1.471674433351496170e+00
-5.719514531662088785e-01
3.110316164260314764e+00
-1.482836635159477723e+00
2.143672846431472934e+00
6.792718813739453410e-01
2.698704630397097404e-01
-4.306671362587692897e-01
-2.174644866132199539e+00
-4.176133349904178615e-01
-5.941513168873999717e-01
-3.522810441501071921e-01
-1.224782559580838814e+00
-5.715480438793969498e-01
-2.746530143793346479e+00
-8.350185103802738595e-01
1.200845746213853538e+00
-1.595764777110098009e-03
-1.732742980865883631e+00
4.877590950307784112e-01
5.511395899147464306e-01
-3.085822385420893266e+00
-3.536872815111617996e-01
2.672572316779930901e-01
1.731690262955795312e+00
2.090021563235939794e-01
8.952778741348126346e-01
-1.036060509217376691e+00
-9.841256930555166704e-01
-1.577604100688771993e-01
1.606148054359826105e-01
-7.313292258319217254e-01
1.591057361365241007e+00
-1.894117755859747732e-01
1.687154554917994709e+00
-5.503100647644272314e-01
9.456107028729254793e-01
-6.425888817211147241e-01
2.827098794585802821e+00
-3.711255769795682724e-01
1.389188313024288135e+00
-5.698147851195747293e-01
-8.151747048970179321e-01
-5.535161769118293051e-01
-1.355292888735677437e+00
-7.502629984170852140e-01
-2.070346924150255674e+00
1.212619841227889239e+00
-7.699839751841182078e-01
1.422857477643473700e+00
1.128624278360703670e+00
-1.131263117477612212e+00
-4.053493197302202589e-01
-7.253909054896148234e-01
2.474201534768688759e+00
-2.302193662973273103e+00
1.319608195628215519e+00
-2.501604474711238257e+00
1.056741157121238395e+00
7.497466297617876307e-01
5.003876908295747938e-01
-2.495801297153398934e+00
3.343889884074524588e-01
-8.127433064081124314e-02
4.973722477684496823e-01
1.102485719340114301e+00
3.437525375867293675e+00
-2.254728329044570323e+00
1.261175085410295438e+00
-7.387178322580147949e-01
7.800851610542425263e-01
1.557671903806276070e+00
-1.381430509778723170e+00
1.518049167994334425e+00
2.551026272603444944e+00
-3.043678719475604311e-01
6.212971205128523522e-01
-1.870899971800655592e+00
4.811079309922527969e-01
1.179378922196329782e+00
-1.047559955077818294e+00
1.570428029678865300e+00
4.832714861324642897e-01
-1.839231403596235381e+00
-9.239685708038472001e-01
-1.684970758461255436e+00
3.562945517621418645e-01
-3.143760891823571768e+00
-6.120200445232448772e-02
-1.530650174897771887e+00
-8.871896343089193948e-01
-2.011609783744108260e+00
-9.649946075858837347e-01
3.625911462461672841e-02
-5.480171956646984199e-02
-1.058097420190277305e+00
6.995522722332125909e-01
-9.913788877944158529e-01
-5.415746004421553295e-01
4.407128865963647613e-01
1.655763293997094543e+00
-2.144630715551363309e-01
-1.529603891886263778e+00
-1.294811556274382713e+00
-5.602845396621507490e-01
-6.849036762499327580e-01
-2.757801759430325461e+00
-1.963341677750165548e+00
9.905996704484643089e-01
-1.596256549783916512e-01
4.617164716765822519e-01
-1.341173785447161038e+00
3.037166351340015780e+00
-1.798488901102120341e+00
8.778981450026188682e-01
5.108217948627871152e-01
1.144607852211271037e+00
4.853638688443728810e-01
9.729818620209931268e-01
1.622690019875541623e+00
1.591984759769028202e+00
1.557412669963611052e+00
2.257489329107458254e+00
-1.957256126390116702e+00
1.043797060322758874e+00
-2.189550432124851564e+00
2.213216624181546521e-01
-2.542158897038548915e+00
-2.057687683166133930e+00
5.922252135057330946e-01
-1.259477631403814968e+00
-7.413368857217985664e-01
7.810858347186888651e-01
-1.184502012330874265e+00
1.717877976049038580e+00
1.075135811376282113e+00
9.433401584233074288e-01
-1.628675571949218970e+00
3.948831852493803751e-01
1.438759538190335974e+00
1.382507319045823913e+00
-2.350652596436555442e-01
-1.350773087665228633e+00
2.415285927126307186e-01
1.888824612770223510e+00
-4.955310863293691526e-01
-1.821871251141296888e+00
-6.870394754445499075e-01
2.306393686007854882e-01
9.597891650907790506e-01
-8.222266700193952005e-01
1.625596058040423841e+00
-1.945586001323792225e+00
8.505772033138905286e-01
1.233701750862254087e+00
-2.400291119143886931e-01
-8.419301937147851689e-01
-1.612048628619847435e+00
8.151018660598872145e-01
-2.219635201640801636e+00
-1.723549978376043512e+00
2.181288286062439852e+00
-1.284364000256541516e-01
2.653655048579455666e+00
1.129204372174614335e+00
4.885327887728347918e-01
4.127840436052583328e-01
2.267271881146360357e+00
1.564562116250254320e+00
-9.382998659628425386e-01
-1.113488033279026457e+00
-6.406668949048679451e-01
1.637890205680143652e+00
8.718735916453717039e-01
2.465226510799967130e-01
-1.655045534973042631e+00
-1.926440941015877151e+00
-1.646845978898576313e+00
-1.303772311739546108e+00
-8.999229720843828773e-01
-2.911351485298565578e-01
-1.214342739965225793e+00
1.288072918783178977e+00
-3.901986115695867952e-01
-2.721467964959628283e+00
-1.136884730425833379e+00
2.963510102269367508e+00
1.553391115204272310e+00
9.657710739702052294e-01
-9.415407329247624801e-01
-8.682417105023949588e-01
-2.395143087554760797e-01
-5.774476663755727657e-01
4.948405419699541952e-01
1.102558731349432719e+00
-1.659333117568557725e+00
3.812329388982762524e-01
2.411862448058689878e+00
-1.617554721547346475e+00
1.245434728956819725e+00
-1.456828079992438241e+00
-3.299098214505988835e-01
6.922051303028382563e-01
-9.366220118282875262e-02
8.030056178738709249e-01
-4.538564284724175835e-01
-1.407880882954650748e+00
3.973279193926240183e-01
-1.754111806448630517e-01
2.177342540817419625e+00
-2.765970102722687951e+00
1.135911680078116603e-02
1.828774979183876326e+00
1.066556393704080286e+00
-1.344470412658106184e+00
-3.710592408926176589e-01
-2.309477411346853692e+00
9.276908733718700617e-01
-1.954252009174757276e+00
1.017301678996682668e+00
5.991082464101875615e-01
3.558491388969207136e-01
-9.216367039007575812e-01
1.022096981444740038e+00
1.841184093815252609e+00
1.457063035631827042e+00
-2.948119119850281411e+00
-1.975712661254393598e+00
3.728983633544284970e-01
1.152622667535490031e+00
-1.514635201061353964e+00
4.503599884730196123e-01
-4.618305120969976585e-01
-8.587545703692072152e-01
1.724015544077883710e+00
-1.085743768919114061e-01
-1.427776964957586436e+00
-8.340343495611364233e-01
-6.270405654326518530e-01
9.378514390728698302e-01
1.024446062799643897e+00
1.858915571689829349e+00
-1.028590567914223541e+00
-1.362456944285566962e+00
-3.962710193906370471e+00
-1.466270972894888835e+00
-9.640326642340877328e-01
-1.039852432502766710e+00
-2.621982684302334832e+00
4.943904287492006944e-02
-2.541568162741758563e+00
-1.976610156075484515e+00
-1.144553030165194940e+00
7.948362339074872551e-01
-3.307440584908771797e-01
-3.479294807349528895e-01
-1.965398471729893792e+00
2.229016424744925118e-01
2.070887839481427406e+00
6.543503323687165363e-01
-2.561253871056011100e+00
-5.446900312592104498e-01
3.282114862690029611e+00
-3.024733844217113443e-01
-3.076153403289358934e-01
3.446651738195587455e-01
-4.920367239146186122e-01
8.859227156119198199e-01
1.256770025448394890e-01
1.116237110895975881e+00
2.687734785547135630e-01
8.450089456699885204e-01
1.224114157624592636e+00
6.484890940603449394e-04
-8.868727622757521800e-01
2.176889208852664126e+00
7.683827656798669636e-02
8.502356438511258219e-01
-3.217430733038311175e-01
-1.752259393675974497e+00
-1.244046266393841638e+00
6.542887196601601119e-01
-8.704785475050682564e-01
5.697530079475647824e-01
1.230140682116194206e+00
2.919224845760397535e+00
2.152229451718721265e-01
1.799550288040840940e+00
2.454136060113900619e+00
3.014558022156455408e+00
6.245404570072548012e-01
-3.969476086969283557e-01
6.879584444650603814e-01
2.605017930264725834e-01
-5.659449009870503033e-01
1.890721361398046696e+00
6.381314721128736878e-01
-1.880689411869196359e+00
1.073415055109078864e+00
2.651877756605596659e+00
-8.724693631378537262e-01
-4.573121858896342928e-01
1.201335341587233430e+00
-9.093712891822738342e-01
1.088784805977565995e+00
2.154462437188294999e+00
-1.324184525476033158e-01
-7.999437516446121776e-01
1.998712591196696309e+00
5.028046171150712951e-03
-1.535858991466820811e-02
1.535513939665515970e+00
-1.974047413345434876e+00
-2.006167522526183244e+00
-2.250752550538893892e+00
-1.631546547799980651e+00
-1.336282014355907766e+00
-2.359585652493683128e-01
-1.765433710755406338e-01
1.466996848379078955e+00
7.111651575104582790e-01
2.047517144371023612e+00
1.183775407976926708e+00
6.774540544613625315e-01
2.303503722080595395e-01
-1.375164151701446791e+00
4.338278354155455929e-01
-1.058669099526956980e+00
-2.882603588447878451e-01
4.507281123662378874e-01
-4.512740578851346385e-01
-2.300331767991091958e+00
-2.117133435648099749e-02
-1.800070886162513872e+00
8.755852772279082430e-01
-1.324668034607412448e+00
-2.418129604159198642e+00
-1.903601276083144445e+00
-1.394570402273781262e+00
5.041389695498166290e-01
-3.498270062590052021e-01
-1.331839011219119406e+00
1.643256109862800685e-01
-2.375521319764255068e+00
8.572748149708067089e-01
-6.585404692101910484e-01
-1.392802657230186369e+00
-6.296846013157333388e-01
-5.984478043306920014e-01
4.732868774516516552e-01
1.727215918564201758e+00
5.641409928475962232e-01
2.317925498971433740e-01
-4.920069573940599739e-01
-2.154793673953635746e+00
-1.383772912702343039e+00
1.828867393319839607e-01
-1.523576146886301608e+00
-8.400654266456211161e-01
-2.147569299642855256e+00
1.520592153858386197e+00
-8.525150457865642295e-01
-1.210762418163620069e+00
1.232938720744733097e+00
1.170839364490285917e-01
-1.918612201300249787e+00
-1.412351446669152466e+00
-2.164628471493008632e-01
7.483137053612365364e-01
2.145852453955667372e+00
-2.888957913035827829e-01
-1.521175297426482054e+00
-1.371481381015876799e+00
-5.096009714386724454e-01
4.116576632029911309e-01
-1.256320793010843317e+00
-2.343154713434506320e+00
1.250543058670862351e+00
-1.400175361170479249e-01
1.091977600393621017e+00
1.007547981348092314e+00
-7.160413526531126394e-01
-2.812910100017820270e-01
-1.073376838414468182e-01
-5.934553413379610731e-01
1.026162394339414696e+00
6.058895153620200702e-01
-1.546496348408275434e+00
1.664584991370530176e+00
-7.765938638067844124e-01
1.901992695554453050e-01
-1.521848832824788555e+00
-2.392446954410933913e-01
-5.859260979225586752e-01
5.373974394859279968e-01
-2.061242650828422285e+00
8.650290233088577807e-01
6.022886906604751900e-01
2.182698488095864420e+00
9.508924619684977486e-01
1.384025478813710741e+00
-1.041352608127130708e-01
2.058678928443292477e+00
-1.963110020352694107e+00
-1.531455415682921206e+00
1.423268968658915945e+00
-2.879555114963201490e+00
-1.097924253979335241e+00
1.495450178188399981e+00
-7.763729257639360171e-01
1.638365391007203797e-01
-8.210131236439828228e-01
-1.696678724759541623e+00
-7.672844871720805315e-01
-7.410119962372831992e-01
5.824874192228115533e-01
-1.737498196001712181e+00
-7.300581907485872435e-01
-2.188240191787454769e+00
-1.057602489863307405e+00
7.095210193277114996e-01
1.220237304100148634e+00
-3.113585415795769862e-01
8.028164448175889589e-01
2.104664584872949717e+00
2.053747335411904018e-01
-1.129555431707105484e+00
-7.472340729231072842e-01
1.046165523147895016e-01
-2.754104709706961529e-02
1.818488223531701919e+00
-1.983114885913984438e+00
-8.179618630932150580e-02
-3.186232699244335720e-01
2.577916536107391465e+00
5.175300737169656884e-01
-1.529181156879912962e+00
2.396189567005679422e+00
-1.621012407766655450e+00
7.553650702336378586e-01
-7.712826039665179323e-01
-1.522916099451694372e+00
-1.470617216407234640e+00
2.367094272762386709e-01
1.587244450535681750e+00
-3.000037461963023677e+00
-4.252505561029327197e-01
-1.179683618091253550e+00
-5.194012903512170709e-01
-2.382196027456853216e+00
2.869200619148614351e+00
-6.652307502704424280e-02
-5.284941838855337082e-01
2.202553897735635147e+00
1.968060607940245177e+00
-1.508638986993021014e+00
1.261397577952447335e+00
1.088965539922488901e+00
1.615060517306641685e+00
-2.964086202459093045e-01
-5.522703397059904873e-01
1.619163808586725040e+00
-1.742081518557548669e+00
1.680140558457694056e+00
-4.069904464837419411e-01
1.477117653980952738e+00
3.047959440367966621e-01
-1.018615713433446146e+00
4.208024754533914447e-01
-1.765096435435087319e+00
-3.694506073317542771e-01
8.234465522238654245e-01
-1.021941481066712676e+00
-2.521516377241272977e-02
3.035160802936704982e-01
