-8.243234002623394119e-01
1.677020220388184768e+00
2.465395747273762872e+00
-8.705005940773133943e-01
-2.115269926985359206e-01
2.737524696487333209e+00
-2.107134045360293584e+00
-1.759722612271921172e+00
5.179494803445727769e-02
3.090337661811965120e+00
5.632248466225036054e-01
1.847379664521713316e+00
1.324210637762774923e-01
-4.755134407149705034e+00
-1.764667105736759112e-01
-6.807532420620319158e-01
-2.178092502651694851e+00
3.100673340571336922e+00
3.054802269140779458e+00
1.006466286497916585e+00
5.768872352685905369e-01
3.141766289231364695e-01
5.339626526140488494e-01
-1.382131717805958004e+00
-5.560613923145671933e-01
6.085811847308324474e-01
-6.235619908570262382e-01
-1.847821786760928120e-02
-2.095678256672547590e+00
2.163438795138405979e-01
2.825515609147264406e+00
1.275984394988372017e+00
2.367662580503385072e+00
-1.127850723724060256e+00
-1.372723722831038273e+00
-2.670633569823452902e-01
-2.738255758057466238e-01
-1.506241973623308361e+00
-1.347199166674686310e-01
-4.530792226162629888e-01
1.781888605930022074e+00
1.234626564757599354e-01
1.607543383455981356e+00
4.844360954741837588e-01
-8.799090531871431864e-01
-1.376750774441219960e-01
1.567715933033619891e-01
1.989543764246732849e-01
2.358417457449082377e+00
-1.077098101328655577e+00
-1.094977122661598301e+00
4.018442031367444045e-01
1.174734723348240806e-01
1.556180000589353796e+00
1.219419082992853731e+00
-6.948259832701380034e-01
3.565565362165997954e+00
8.382879807445089426e-01
1.689793689033569635e-01
-1.808108880020017573e+00
4.427715908815530454e-01
3.066850385434216619e-01
8.703390778052177978e-01
-2.678639531395076823e+00
1.390091714313422600e+00
-9.993559796921420713e-01
-9.823234662514268578e-01
2.211034655800041548e+00
5.571086526606450207e-01
-3.161781031123122698e+00
1.419089980369365733e+00
1.664015200447609644e+00
1.743968605710445097e+00
5.032118547202397707e-01
-3.295395490806276584e-01
-2.768563400369020933e+00
3.055725174007745792e+00
1.415578271124420695e+00
1.010437981323110357e+00
1.528012856182138002e+00
1.091096918985723363e-01
-1.198073488380100304e+00
-5.329497795657642811e-01
7.437642399541832816e-01
1.888753550835067685e+00
-2.069573420816924081e+00
-6.446140566979430275e-02
-1.020970426317497903e+00
1.404406410732733868e+00
2.292241627154370853e+00
-2.618325732474628964e+00
6.037560528963359374e-01
2.376441999051237985e+00
-3.957798340829405959e-01
7.354988177096473123e-01
5.052917485316132939e-01
-2.695522808936310355e-01
-1.381744457724213504e+00
-1.876277367276799168e+00
-2.386268627877424997e+00
9.626070059637044096e-01
-5.462412354398162861e-01
-3.289112219252535052e+00
2.689648038178265033e+00
4.337187769348105348e-02
-1.656819794401400703e+00
9.351277240923216993e-03
8.422897344689026511e-01
-2.289345447732890726e+00
-1.971409199361305209e+00
-6.684354008121502488e-01
5.467528103019283492e-01
3.132310247653064650e+00
-1.577805195190320475e-01
-3.217653919974079457e-01
-1.432780373359854309e-01
-1.306056219045283573e+00
1.627614213661799702e+00
-5.929532453250452306e-03
3.003541710741279402e+00
-3.669741906421766231e-01
-6.199455894112304577e-03
-9.685799991001653453e-01
6.830742560890659121e-01
-4.864489296824014986e-02
-1.078741623729683852e+00
2.527304946125621399e-01
-1.774841849965405061e-01
-2.911659817238899883e+00
-1.007726674296600233e+00
6.409882360717498173e-01
8.749026243434965266e-02
1.211078475582676006e+00
2.752808258591041835e-01
-1.231646232955458942e-01
2.184886477820202622e+00
-1.882055665284810164e+00
-1.514356539984284655e+00
1.671265381707439879e+00
4.788371946224900810e-01
-4.601838990529296680e-01
-8.057692005070400398e-01
1.762795349025374492e-01
2.365079968030185498e+00
-1.496291629361027553e+00
-1.836345064266290628e+00
-2.814137827744520592e-01
5.636225996310262332e-01
3.448693060015024514e-01
-3.855265014643460830e-01
5.326338193416679800e-01
-1.927705587429931811e+00
1.498925096751182906e+00
3.514029137677930237e+00
7.917050969835344176e-01
-9.451102150832131343e-01
8.758735052375588026e-01
-3.263342952063810198e+00
1.872710344803138582e+00
-3.093896325422171856e-01
-5.869468470483099054e-01
1.190260515126419172e+00
-2.106114914188722764e+00
-8.810619859229689155e-01
-4.969947646491315041e-01
-8.038988856435587138e-01
3.002635849832540060e-01
1.824573401774607362e+00
1.353930672535396340e+00
1.901105763491583112e+00
-5.933085556957191642e-01
2.788858712643955684e+00
-1.904394094597670950e+00
4.031517704465503726e-01
1.569348218867805400e-01
1.679093759219295379e+00
2.186582630882676348e+00
4.548213430758085707e-02
1.984443391421727654e+00
2.457851553514713849e+00
-2.815146351036453165e+00
1.916537141116175569e+00
-9.622658581397560695e-01
-2.540940126053805148e+00
-1.114265636676563531e-01
1.486741567771211692e+00
-3.757634958631763666e-01
2.154130466932286936e-01
-2.918928829140408965e+00
-3.876504434075549455e-01
-1.754604272637441120e+00
4.980870965968797748e-02
-3.912087916681183941e-01
-3.099423841367102916e+00
2.366115741789061921e+00
-2.260679393101238777e+00
1.902870540275056754e-01
-1.537016781099043161e+00
4.990327855943190727e-01
-5.140901856444060058e-01
1.381747792311836420e+00
1.494893629620808184e+00
8.591423447838444361e-01
2.540932509565151598e+00
-8.420062175262819082e-01
1.022266639070114280e+00
8.972693830941622650e-01
-2.615700005160050523e+00
-1.009511664215763105e+00
2.294262070023405542e+00
-7.068680804386353600e-01
-1.506034798460977431e+00
-4.768567014841949003e-01
-9.199234120827153305e-01
-2.468920106075449539e+00
-6.833361123426842099e-01
1.004925038620978484e+00
9.938557883179957031e-01
8.323167861463387496e-01
2.419823285622330289e+00
5.506859221032307516e-01
9.087653550616394682e-01
-2.196083268585584225e+00
-3.172943868716284754e-01
2.905879335100403082e-01
1.152334249726370885e+00
1.118017883076146468e+00
1.656815078191575807e-01
2.953257674219859297e+00
-1.798472517001056481e+00
2.077806678009346264e+00
-1.341019429886047831e+00
-1.075897634351514753e+00
-4.196632553020540612e+00
-3.985981509573415238e-01
1.093956512625117838e+00
-1.657392656427247868e+00
-2.615584305178959568e-01
-1.179422033463751518e+00
7.381341097973104226e-01
2.684255495435223793e-01
9.511288599649381226e-01
4.204915519174184269e+00
-1.225574360002478436e+00
1.488882583897250811e-01
1.137713104678875986e+00
1.283425798005493057e+00
-1.618079629045259260e+00
9.842646666053287419e-01
-3.380896603181496651e+00
-5.275000827181539620e-01
1.957549184972915413e-01
1.028540123698181930e+00
-2.949590457933819465e-01
9.786815956229055757e-02
1.151781282013551788e+00
3.373579528617174361e-01
9.344914391852494617e-01
-1.422134498605080566e+00
1.437401069064322634e+00
-4.241222720104467214e-01
2.609216290599736254e+00
-5.544232997450642131e-01
-1.082421715454903399e+00
-2.211279157427524567e+00
5.940590350155705579e-01
1.253372400154974642e+00
-1.636772418265228346e+00
-1.888434079476560168e+00
-1.063284752542865252e+00
-1.551578714891039379e+00
1.238860442292153863e+00
-4.276951572167106974e-01
7.197794124296059692e-01
-2.525886393059089130e-01
5.882151298728901523e-01
1.074780987853332093e+00
-1.266031463326502404e-01
-1.285821966554569151e+00
6.590185181879117948e-01
-4.091327960188170465e+00
7.432082026284581033e-01
-2.158297859628168780e+00
-1.022402444491179452e+00
2.893524317527597312e+00
-2.636838394385257356e+00
-1.041407364291526694e+00
7.248431965789077225e-01
1.083072406872140014e+00
-2.504182228749272099e-01
-3.116902854179323779e+00
-4.012478411980211490e-01
3.845282641355776576e+00
2.915979787091220743e-01
-3.287218130842086694e-01
5.691757938411594608e-01
-7.091036275532278665e-01
3.391288189835837130e-01
-2.716699248932237687e+00
-2.497211532583376581e-01
-1.040419367415807983e-01
2.908678110635350755e+00
-1.969158035452505118e-01
-4.480784553357421984e-01
1.740128628872971817e+00
5.626420216352725490e-01
-2.979146925090443432e-01
-7.254055086299686650e-01
-6.124688220766385527e-01
-2.294227746237906373e+00
-5.989954605961838041e-01
-4.142129197277322206e-01
-1.853563546375202264e+00
-3.104070623473927260e+00
-6.562454148657854702e-01
2.413494903658621737e-01
5.855957806203964111e-01
-3.026145859611402145e-01
3.429931432418875659e-02
6.326605253993768940e-01
-1.739085831191204523e+00
2.113183239913238864e-01
1.261072393363130928e+00
1.622621529178440269e+00
-3.408848054350244183e-02
-6.281724373857455745e-01
1.653755350645008448e+00
-1.965901742294665411e+00
1.432983701095401408e+00
-1.790785200024614277e+00
7.363285252820155335e-01
-9.978796470151429787e-01
-1.560884127047026393e+00
1.380805135207278767e+00
7.378911559783052354e-01
-1.830590136794081335e+00
2.533770884108097476e-01
-4.592915420258041337e-01
6.517120590056437734e-01
-2.359698303536023722e+00
3.669353528112164753e-01
-6.218828771821360846e-02
-8.394324529555898806e-01
6.175409105135587495e-01
1.996166204229581354e-01
-1.239877560765652031e+00
-9.996985272974070469e-01
1.111614324488151340e+00
2.996404905817455777e+00
1.028245656570424771e+00
-8.399603395278889550e-01
1.666080208537738194e+00
1.018613961145362623e+00
-2.544926053265656130e+00
-2.996830468160949668e+00
-3.643902937667442110e+00
4.566339907561642875e-01
-1.491586227550781629e+00
1.300507362187848237e+00
7.027389624970803439e-01
2.023517935897957365e+00
-5.403636378380607397e-01
-2.789889269225884760e-01
1.444499657340405641e+00
1.740848163203830623e+00
-1.358365186293571281e+00
1.532353164556764291e+00
3.235940023838216106e+00
7.557723573531474059e-01
-1.199436657988466326e+00
-8.193892857742248736e-01
2.241491204352983324e+00
1.898484607176427197e+00
2.430321763278078251e+00
1.702689920509373067e+00
6.827108321550028336e-01
2.134806521097793564e+00
1.175007664554419406e+00
-8.427537224832617468e-01
-1.382010539466777210e+00
3.215498223236030739e+00
-2.468520609087281326e+00
-1.369337864135836469e+00
-5.505389312723671935e-01
-1.783604019312240219e+00
1.890430770281369632e+00
-1.322423779744308359e+00
4.215378589968921119e-02
2.420317743147854195e+00
7.180351503315831607e-01
3.846103482873548529e-01
-1.456204513968873293e+00
-1.005677495948752664e+00
1.468575443431587857e-01
1.304685089583640156e+00
7.656705670287191623e-01
3.349473156939643204e+00
-4.053627947112019569e-01
-7.113876258128835062e-01
-2.552920692757844723e+00
-9.854930086237398967e-01
-1.223935818072803272e-01
9.546930567826539260e-02
4.472448056566022956e-01
5.969212135514370132e-01
3.685345364757885989e-01
2.942925151645559012e-01
-8.606289601440826331e-01
-1.035681706870099195e+00
-1.285442788863794483e+00
-2.454860125879985144e+00
-4.482149449923236162e-01
-1.257158326926580028e+00
1.095901040291913375e-02
-5.791243125498333200e-01
1.399339592138707289e+00
-7.324845471065231095e-01
-6.234616158964234600e-01
-1.896254096466722938e+00
-5.790762767657975374e-01
-3.162729328063909051e-01
6.868425834050793100e-01
1.858110550142928474e+00
-1.652548698194542087e+00
-7.595736506584680470e-01
4.920941116415677996e-01
-1.310753145080534310e-01
-1.578873545568003856e+00
-1.944406664896185521e+00
-1.526998222600136401e+00
-1.171247213740025384e+00
6.558177250114187729e-01
2.172314754760065192e+00
4.248105857144777175e-01
-2.335738058556410479e+00
1.598710232220136973e+00
2.812477272000415418e+00
-7.863395241471149433e-02
-9.487566779463314504e-01
1.240990060818717211e+00
-7.082329810356036148e-02
2.013451948501199240e-02
4.489546799621173534e-01
2.255744148352355261e+00
-2.926403223595785974e-01
-1.313837386457128886e+00
1.856486950499705024e+00
2.864122739496703929e-01
2.156697449190838611e-01
1.775624724895912721e+00
-2.688390923865835447e-02
9.182434704797515224e-04
-1.998962346040761062e+00
5.840565058062994197e-01
1.243315666297107214e+00
-6.803961675857044256e-01
2.009351302640061121e-01
-1.875800988376179479e+00
3.733001881341042605e-01
1.690313723920594313e+00
-1.103726470801332127e+00
-6.674800625753114502e-01
-4.006877366767502835e-01
-2.354026464733651736e-01
-2.378009992121639105e+00
7.227254065890234003e-01
-1.139729952651481248e+00
-1.531716260084388548e+00
2.088793532690599974e+00
-2.924805944304796235e+00
2.926883046029987945e+00
-1.257949998497664978e-02
1.115745730009496839e+00
-7.993450608007925950e-01
-1.334399112900823692e+00
-8.465901510375859473e-01
1.665619421072173090e+00
9.451057157080322568e-01
-6.730197229875489739e-01
-2.101106158932823487e+00
2.263916195271065135e-02
-1.050383657370816959e+00
2.361608303793635955e+00
2.440779497982308754e+00
-4.175840564443005221e-01
-1.412165888797363600e+00
-1.197676111238012098e+00
-5.164963317851345437e-01
9.730323988680469327e-01
2.131001848964253043e+00
9.052333677612640628e-01
4.027329375525638966e-01
-1.195405935322799706e-01
-3.683178694027332334e+00
8.395334502268774202e-01
-9.295900468015929619e-01
6.269411473047545869e-01
1.267579992887879925e+00
-2.545431453858451931e+00
-2.992825932400521083e+00
-2.829944280398120071e-01
-6.035988823746514242e-01
-4.106972722393543052e+00
6.414404659221952798e-01
-1.026813012320777041e+00
-9.407889349259104250e-01
2.662039838138063885e-02
-1.173605783891300547e-01
2.956184963374787422e+00
2.127011947212725573e+00
1.842496488893762496e+00
-3.947873539608129256e+00
4.752710836802176431e-02
