-1.671531295972807474e+00
8.768737622003506260e-01
-3.696528309668192236e-01
-8.978427175328196341e-02
-1.412670837402520529e+00
2.242860771835210265e+00
-1.372450309817585090e+00
-1.379645808684109909e+00
1.891400503804096189e+00
1.483181259778694638e+00
9.567075782617306956e-01
-1.287682060140067364e+00
-2.091089397702886821e+00
-3.581136416901191666e+00
5.467171162311226240e-01
-7.784143181117215704e-01
-1.218482539855335389e+00
2.395714417982254041e+00
1.707886818211523661e+00
3.758866570305618993e-01
2.980625648817004425e+00
-1.353272509742688534e+00
-2.353782138134956625e-01
1.260702176631223637e+00
-1.306490707153737496e+00
6.635792872831807188e-01
2.123436698853945259e+00
1.115046253613224181e+00
-1.038890324274835741e+00
1.489439160375290783e+00
3.059134914794539029e-01
1.816772119215109171e+00
8.277499625811843842e-01
-1.962867424652450232e+00
-7.191888619901174451e-01
-2.464366297149727103e+00
-1.081041156754396493e+00
2.810337082998026759e-01
2.701801345607391269e+00
9.876165545216508690e-01
-8.020903653930488986e-03
-1.344391020814676985e+00
2.504634409814929796e+00
2.334983503703147889e+00
-2.043901298536395572e+00
-1.217497833678600205e+00
-1.686249697765305200e-01
-2.405806024774692187e+00
-3.492546053857283894e-01
1.535136627067137383e+00
-7.400777401864120364e-01
1.221502441178994758e+00
-1.001313814265427649e+00
1.634585399925181370e+00
1.234460653234478400e+00
-1.635707223687957956e+00
1.015431990465401668e+00
7.315667618617238688e-01
-8.550382717718543191e-01
-2.220786492736783302e+00
8.557498069190092593e-01
1.010467909903359995e+00
1.445139674052341228e+00
-1.880385779724487172e+00
-1.008935300825779535e-01
-1.509929648877747610e+00
4.994523669771169239e-01
1.816131169741021623e+00
1.913088690401782976e+00
-1.740109123627861631e+00
1.662960076369078166e+00
-5.310537267415638141e-01
6.070617415901882197e-01
-1.061145776174461819e+00
5.401723047317226190e-01
-7.635242124808989672e-01
2.822804163347722550e+00
-1.653857787219825681e-01
6.451808589903240687e-01
1.912610434546055949e+00
-2.404970064516095185e+00
2.466023061811455364e-01
-2.059745162092673887e+00
-3.494279580804269258e-01
-1.963761763373774727e-01
-1.088867645972773079e+00
2.858116732221446021e+00
-3.375156667310315051e+00
-4.675738286125232790e-01
2.481147562336165180e+00
-1.113392061298274172e+00
-1.280419872473110843e-01
2.344609012181965824e+00
-3.992993834430151878e-01
8.765961338533880820e-01
-1.349693609668791705e+00
-5.909140202069540493e-02
5.267166712370858761e-01
-1.654506700129680041e+00
-1.949707226629942447e+00
2.607927533930469721e+00
2.587995626838592855e-01
3.960134740949250443e-03
4.499613257772129060e+00
2.306744360452736231e+00
-2.957730332178791333e+00
9.132921077550157918e-01
8.941702514190019713e-02
3.868441318878979018e-01
-9.000285592072234664e-01
-7.407987295155402663e-01
1.128886384651654140e+00
3.484093885728857032e+00
1.488025335408948990e-01
-5.176060191592091186e-01
-8.391201891459960649e-01
-1.677669292089483122e+00
-9.638358090379259835e-01
-3.595206868278575385e-01
3.722464125601536722e-01
-1.130373667577538654e+00
-2.261163626242871594e+00
-2.910523543198895169e-01
-2.032629091436613855e+00
-3.114701808312574371e-01
-1.342838007874838091e+00
-2.629233869874507690e-01
7.458276835949586570e-01
-2.732764280017078384e+00
-3.066166844075834064e+00
-1.149571747005634137e+00
1.128804377837406392e+00
-2.704054108221312092e-01
-1.400660012907155583e+00
1.337647249807696781e+00
-1.102170774508634210e+00
-9.120154526047832277e-01
-1.440796421857162279e+00
2.638788362923458308e+00
-1.248262947723800309e+00
4.049258405545952400e-02
-2.489072256337484745e+00
-1.266718486115270270e+00
1.670497267238428840e+00
-2.025202759768229832e+00
-7.414356301689384310e-02
-2.623735177247308314e-01
8.447404632479607045e-01
-1.183169583046712603e-01
-1.131151769809957131e-02
1.325027422013729250e+00
-2.192661923481316055e+00
1.120074055074958608e+00
1.668185692258523645e+00
8.179847898034999787e-01
6.597411255947456254e-01
1.117558152253419479e+00
-8.770666170485998947e-01
1.524243911290725784e+00
1.693817577887655190e+00
2.033235645629445365e+00
-4.122973113614900598e-01
-1.220703852635130371e+00
-4.583871132877107790e+00
-2.933027795681830696e-02
-1.070564485906546626e+00
-1.806775668135356394e+00
5.087625013940382246e-01
1.425002886381082412e+00
1.442711581904699614e+00
-1.081172582733965548e+00
1.865424550765752976e+00
8.956064129341907432e-01
2.190649765201870380e+00
-5.578226954651688274e-01
-1.736249299777465893e-01
-6.550157711209685374e-01
2.468900115176152710e+00
3.267886322915437347e+00
1.708645717928066077e+00
-2.418438273018751694e+00
-2.789978957257055470e-01
-1.009440070674738621e-02
-1.087588208843450754e+00
-1.799177094970718205e+00
1.863052571479965280e+00
-2.058808861907410748e+00
2.568538438391730239e+00
-2.094337415102135225e+00
1.499991377430509587e-01
-2.345135900443686694e+00
2.808939449974756641e-01
-2.367948250447602376e-01
-3.551610122872252973e+00
1.915538309878195733e+00
6.144259142092600712e-03
8.998460667280463454e-01
-1.733017171186825856e+00
-2.477251850873365413e-01
1.262183816665098490e+00
2.733328863132742370e-01
2.452335098505957767e+00
1.346378563699594189e+00
1.058965509620430012e+00
1.218072125819395168e+00
1.954612194744790088e+00
-6.585153707367910059e-01
-2.801321150439180396e+00
1.959515881553564043e-01
1.277680410795365873e+00
-1.273097147994853628e+00
7.771483054855110595e-01
6.503682826626384639e-01
-2.881277637850629958e+00
-1.070084416272371719e+00
-1.335788775483131019e+00
1.020905717432784243e+00
6.873564239177358814e-01
1.782450515829170357e-01
1.027963809880168000e+00
1.203008314617646235e+00
1.558539076086016273e+00
-2.735552388197914020e+00
-1.510723453522908155e+00
5.309238593356981895e-01
1.255860774064538887e+00
3.076888159908142129e+00
-3.174071451480493522e+00
1.580063747494148352e+00
-1.266671415237226039e+00
1.485464445333484207e-02
4.233090977153954881e-01
2.355211634725149494e-01
-2.678396890098149630e+00
5.324438206072485968e-01
2.737006548222629121e+00
-3.132497920166273264e+00
-2.650251760414104041e-01
-1.667230539438597781e+00
1.920603508644358470e-01
2.764757864373600604e+00
1.071378401621369214e+00
3.239054786472504333e+00
-3.420507434948394376e+00
2.852927476310380683e-01
2.250511124271267427e+00
2.102463719217571025e+00
-1.958008797564483316e+00
-1.403070320444551378e+00
-4.311576870179766985e+00
5.555706973853178354e-01
7.852379180536175340e-01
-1.635754065378103306e-01
-1.768424133190358738e+00
-1.227893451204576714e+00
9.307343919013248978e-01
1.127498295837230380e+00
1.739355551719263815e-01
-9.293722290485275650e-01
9.566195268093160564e-01
-2.335289522253299666e+00
2.100962906815192710e+00
8.921046676941069009e-01
4.687204582201465186e-01
-2.042298499285459368e+00
-1.584568436723494678e+00
3.737207353879110627e-01
-3.038264558627279399e-02
-1.181868981864572454e+00
-1.906362815132363053e+00
-1.035588789130788445e+00
1.795351738657639196e+00
2.344098487657834795e+00
3.208905416999062510e+00
9.291700235138167230e-01
-6.469599784880983862e-01
-2.747395415993594270e-01
3.212539629380657402e-01
3.597920888667038852e-01
1.548386867171691605e-01
-4.715014250316245992e+00
5.283942778647530147e-01
-1.885603751834012964e+00
-1.963273167687459519e+00
-2.998246922539227199e-02
-2.961165839113844012e+00
6.696641224218611299e-01
1.467267974953674781e+00
6.232702309918742856e-01
-1.090729218207113771e+00
-2.018620423945619358e+00
-2.900776631531641669e+00
-5.224646616186481296e-01
7.132056117522012073e-01
-2.575869220832164075e+00
1.825684619214306359e+00
-1.744838568126457545e+00
-1.395422610531520391e+00
-1.149432986918060173e+00
-3.329680045252061404e-01
2.913999999798768670e+00
1.398515702222915991e+00
2.425538849993033708e+00
-1.467616847262016577e-01
1.247811242206328330e+00
1.061664906345388459e+00
2.153636044474394495e+00
-1.061143555500145386e+00
5.853458776013829024e-01
1.417587184074591278e-01
-5.804642054523334593e-02
-9.236918976799568526e-01
-2.657513739643893036e+00
-3.694536839532691630e-02
-1.096758866853435155e+00
3.853892218931065372e-01
1.918169236005721423e+00
-3.518342521849859850e-01
-1.795706119859952210e+00
3.025460483143062262e+00
-9.331861408334471975e-01
-7.091500256210618858e-01
1.321468276960777288e+00
2.613311518181999915e+00
-1.865488000465316265e+00
1.625645624261473188e+00
1.028436991446126214e+00
1.376119394938672968e+00
1.046281700014834115e+00
-1.474598076428589977e+00
2.212055806233528266e+00
-1.614066425838998065e+00
-1.254340328506414970e+00
1.552308423041656837e+00
-8.110236164099235978e-01
-2.225970449507876481e+00
-5.593350663546932111e-01
4.270032852728542494e-01
4.573586074497457687e-01
-2.323687861503456187e+00
2.257974056970013521e-01
6.305736677617037600e-01
-8.049738611465606652e-01
2.320621162988423691e+00
1.195039186740824988e-01
-5.512694980723740201e-01
2.752971328845177368e-01
1.653281595168518692e+00
9.316423541383578311e-02
5.860040016800285301e-01
-1.020949452990151940e+00
-6.308105229399929570e-01
-1.349071278661528428e+00
-2.331846311131637872e+00
-8.156500338194323518e-01
-1.442828503543474028e+00
-5.881754656956683647e-02
1.287358947459638969e+00
-1.370075086649773066e+00
1.852462532396284445e+00
1.254447948707425375e+00
2.602509265166874641e+00
-6.364257631615082289e-01
5.874417230757877917e-03
1.694448100413428193e-01
-3.319859796302560007e+00
1.886184910676462323e+00
1.681916085693266893e+00
8.213334994665322242e-01
-1.045146162580626203e+00
1.192185367090595527e+00
5.603537324800456076e-03
4.372768854295960850e-01
4.846888445138830548e-02
1.645118651001764576e+00
-4.770070007355613484e-01
8.621900213315374373e-01
1.892617730691654288e+00
-1.312872275889689355e+00
1.739044280237919793e+00
7.433777059577888480e-01
-1.807923933370473080e+00
-2.174077816878905001e+00
7.036582442068173293e-03
-1.763708351379689176e+00
9.130400543595049712e-01
-7.418874229642158369e-01
1.776468974817788649e+00
4.529244401772237083e+00
1.446777924037778718e-02
1.097931810185315271e+00
5.513921158637167252e-01
-1.206520271196669825e+00
-2.478825193943536842e+00
-5.946012496292771843e-01
1.637816142671491448e+00
-5.736034302174264354e-02
-1.719185235675472434e+00
5.850234442424451231e-01
8.043283736355544278e-02
-7.670291377487670204e-01
1.634021349129789691e+00
2.210842869424602952e-01
-1.510602802048044424e-02
-1.705500161250871116e+00
-3.955354316177501772e-01
1.252878179971857797e+00
6.224822014928950153e-01
-1.169867709493743746e-02
-1.378167656545060460e+00
-2.092907131154768230e+00
-1.401248035799201208e+00
1.325744890415290200e+00
6.726041903438142455e-01
-4.848842826506896131e-01
4.795611766819964927e-01
-1.324862840224063643e+00
-1.798958772013423690e+00
-1.807982424523550957e+00
-4.430985094957904380e-01
7.585174336811171258e-01
3.900724135715929464e-01
2.384499031934685931e-01
6.353960476494169285e-02
-2.048771804835096688e+00
-1.511445805108460050e-01
7.962466974929407471e-01
-1.783114690249542722e+00
9.134620595115263697e-01
-3.128175365498475635e+00
-5.281757310431220986e-01
-4.579423899859307312e-01
8.275903931438008954e-01
-2.639891719481783916e+00
-1.879867954500582972e+00
5.170970207801630636e-01
8.081311333702103639e-01
4.858320013015280381e-01
-5.290564083029680731e-01
2.233224532826571185e+00
1.398541352802319615e+00
-1.982094270893239418e+00
6.356912655397097822e-01
7.648353029627870114e-01
-1.469838770435151876e+00
-9.893601713047939228e-01
4.363272101491098454e+00
8.760321570545146486e-01
1.599198195952322266e+00
1.776228773658261595e+00
-7.520119987165427844e-01
-4.770772035406789513e-02
-2.186024999232685229e+00
-4.207777897499029862e-01
-9.054503216924914000e-02
7.684749304271489834e-01
-1.352612280823679125e+00
-3.442308286172814924e+00
-6.888819850753646890e-01
3.256410611823762125e+00
-2.629145016408793722e-01
-1.687751147341579383e+00
1.595686477722369823e+00
-1.195883141228212931e+00
-2.330673622404035861e+00
1.807509666594844688e+00
-2.402937247569283397e+00
-3.287782755302890436e-01
1.539094070015087468e+00
-1.880087133322036586e+00
-1.656171066159917160e-01
2.730646169017925118e-01
4.040711513279013900e-01
-2.464523895358227801e+00
-1.452018179407810194e-01
-6.203880687265188598e-01
9.274476527332788933e-01
-7.151945351647359672e-02
-1.924434933266461645e+00
-1.194126853931305465e+00
-1.793563176144470361e+00
-1.199894149948655730e+00
9.799192781200796176e-01
1.464707072631370011e+00
-2.292444172453427242e+00
-7.570841929556921812e-01
-1.372981457896567559e+00
-2.343347966948374328e+00
8.081185087881523899e-01
1.657531278950132858e+00
3.363189190791668892e-01
3.386267864543587081e+00
4.270341007172859804e-01
-2.900140834059865558e+00
6.604400063213038408e-01
1.792536546809428977e+00
1.260048888005799839e+00
1.883043789339929219e+00
-2.952808825172242191e+00
6.512749213332060805e-01
9.572657092049912109e-01
-5.431540976657718289e-01
-1.569544310015419164e+00
1.105040714130717916e+00
1.781131676572478284e-01
-1.000124857892678687e+00
-1.996164077392536207e+00
-2.172597066319337245e-01
-2.749180225320468907e-01
1.891586414620771706e+00
1.159772368093641148e+00
-1.620042784220634413e+00
1.125122940039594788e+00
