2.219112421642705613e+00
-3.663772398292959309e-01
-1.269975302431278763e-01
-1.258206232551971837e+00
1.859114524668652457e+00
1.467608274152047088e+00
8.021364571799942667e-01
3.013106337114379585e-03
1.558217139958680164e+00
2.025708142127947475e+00
-1.459934788528123306e-01
-8.279505635836148514e-01
2.566092794768612961e+00
-1.350756217535542092e+00
3.338646950974251126e-01
9.555961300400150904e-01
-1.946426533632234168e+00
3.751850023585205918e-01
2.040280577374903537e+00
7.516384545665371064e-01
1.587295612528061284e-01
2.296981937458086875e-01
-5.366658914470034958e-01
1.501811904398459241e+00
-1.914222423335519174e+00
-3.955641976670234428e-01
3.576414935836851328e-01
5.382972294856145368e-01
-3.940622978486372219e-01
-1.454584559883426831e+00
6.936654610264989529e-01
1.229318543002118069e+00
1.028809792850051252e+00
-1.219576616301077276e+00
-3.214142953437288952e-01
-3.043473766419153570e+00
-2.598367987741712071e-01
5.340243846637857672e-01
-9.702893862273462844e-01
-1.133831866115428522e+00
-1.357234323013782884e-01
-6.474902836083806790e-02
6.486853192567663129e-01
8.832569377868431104e-01
4.932637224927880482e-01
-1.602502688695865984e-01
7.132508114648139497e-01
-6.776206785236462693e-01
-2.914722310784068071e-02
-8.112203294204967108e-02
1.320161641128573038e+00
2.101726233337267047e+00
1.987683144213879594e+00
1.381895300407153471e+00
1.730198865813621367e+00
8.605778343313952305e-01
8.336901770473321704e-01
-3.102296883857924570e-02
-1.194509943082969983e+00
-1.626901239938620680e+00
-4.582671065744863270e-01
8.660036208271240099e-01
1.442177451765007667e+00
1.560091269878530085e+00
1.136968613814528517e+00
-7.304854561770257604e-01
9.025234175912881796e-01
1.952647787631924814e-01
1.484657136348580764e+00
-1.137351859211810368e+00
2.140254889715568432e+00
4.179221221865967451e-01
2.020662590320805307e+00
8.850402718118841605e-01
1.233042658071043185e+00
7.977528509467735063e-02
2.950989449357022565e+00
1.512786515782659436e+00
5.883416740593503391e-01
8.912368354661213132e-01
-1.124757387683224419e+00
1.060480432202579593e-01
-2.849888050772961812e+00
-1.668148991245284485e+00
-6.284904805768061209e-01
-1.136611421921866594e+00
1.931036369825349652e-01
-1.317352148199998574e+00
-1.560985932857254621e+00
1.144655422509465836e+00
3.836779150152844764e-01
-3.145220868775044920e-01
-2.745655805394875415e-03
8.484096895017518847e-01
1.366372329590568313e-01
9.177111911861679516e-01
2.756190620623142351e-01
-1.375856113391638047e-02
4.544803462982782705e-01
8.690703040900142895e-01
1.102472447967254965e+00
-2.174675378385372504e+00
-5.504687316805316755e-01
-1.162855965051297957e+00
4.716559618743065840e-02
2.556111734210748665e-01
-9.999373392957933149e-01
-1.050987040369362191e+00
-3.272653753116045117e+00
-4.245199466987958914e-02
1.679284117576433921e+00
-7.462599590180563069e-02
1.634276425605584393e+00
2.001369743868892215e+00
-3.095714130021498534e-01
-6.714225530029978017e-01
7.870294528625487729e-01
-2.111302186416024185e-01
-1.449658490381653841e+00
1.919194385752178711e+00
-1.639053094484387074e+00
-1.265923896121723402e+00
-1.302890350929198249e+00
-5.377596173342453767e-01
-6.314503053268873956e-01
9.708360363839645402e-01
-1.439371921596537707e+00
-1.089497130657887780e+00
3.181901180270783058e-01
3.128394819786164405e-01
-6.280679241140703084e-01
-1.205520916176550106e+00
1.985136671488460181e+00
-1.441310585269790945e+00
-9.983411535340778187e-01
-1.250627539171507152e-01
2.333547139510097068e-01
-2.211409780671855785e-01
4.608228556370077555e-01
-7.101450544294980460e-01
5.435351476015970462e-01
-7.441535292374235055e-01
-9.695973925056327047e-01
-4.125653474640946783e-01
5.278076809646794487e-01
5.166394758527594888e-01
9.419254504956846574e-01
-6.193079254282700674e-01
8.128405757961498779e-02
1.540623262900195911e+00
3.223481013753897173e-01
-4.982453987905444137e-02
-2.041575240003901115e-01
6.921756963187259970e-01
-9.210110227717507314e-01
-8.784361477958784192e-01
9.784707283729314753e-01
1.823501218110088473e+00
-7.882334157425932020e-01
1.292142381136361706e+00
-5.658496526033385265e-02
7.429797514454463681e-01
-2.313775994234637423e+00
-5.474419835850108385e-01
-6.221440657647860917e-01
1.510209865128473439e+00
-2.012174342685318251e+00
1.143040849713219842e+00
3.967095314727764332e-02
1.626567354847708202e+00
-1.077387847339151605e+00
1.977639760952594195e+00
1.201995233499166815e-01
-6.905597411966013510e-02
-1.100017114214284053e+00
4.983339399332287201e-02
2.911804454001289955e+00
2.966055008525447789e-02
-7.027273631655290842e-01
5.085127815998271572e-01
1.031415963151822268e+00
1.208264762056623809e+00
6.344075985600383660e-03
-2.072852573878895655e+00
-1.286196144833334998e+00
1.278805350449577105e+00
-8.781424225392804317e-01
1.338930483030928542e+00
1.814706501568164043e-01
4.093401311981716972e-01
-2.472845027059258349e+00
-1.669028053551894430e+00
7.028946831934135275e-02
1.673090132331740421e-01
5.326311905914398181e-01
-4.162919589611426829e-01
-5.216198710917741010e-01
-4.753436688294385704e-01
8.395270003233346046e-02
1.311017807702397064e-01
-4.692532285763961752e-01
4.469173328891429264e-02
-1.508042749292394902e+00
3.197238592843296701e-01
8.483404817256730013e-01
9.341075796289821653e-01
7.329175843485806752e-01
-6.030968833398233642e-01
-6.323688615150544479e-01
1.811245568571812292e+00
1.576231655931543685e+00
-1.605667949258977600e-01
-1.429351081897944908e+00
-8.425494642409745438e-01
1.010101211825089607e-01
5.934184980516521435e-01
-7.808047805806772601e-02
-6.899802923671574106e-01
9.902009980697634717e-02
9.816024997473071778e-02
-5.763653831618213985e-01
-8.919459283825172946e-01
1.992757705131165125e-02
1.557600339678524293e+00
1.086486356860446811e+00
-9.131459156484424966e-01
6.096263337002163496e-01
-1.465803728099403180e+00
1.576651971430058197e+00
-2.187714755999699445e+00
1.758587601473538875e+00
9.284862080796347783e-01
1.322556243653778552e-01
-2.959180714486295827e-01
7.764045832275829895e-01
-2.826157919552851894e-01
-2.756548041952446404e+00
2.775382614137642534e-01
-9.376909974890139665e-01
2.085301760049755870e-01
1.345308797149815661e-01
-6.771406275920472950e-01
-6.059033704713314705e-01
-5.708935892786799471e-01
1.138047569524234248e+00
1.618981629038210635e+00
-6.095261493620904858e-01
-2.459348094454333999e+00
5.620111440987454188e-01
-2.622226485808145657e+00
-5.831191190792948120e-01
-9.364741266497489391e-02
1.339529099670675905e+00
2.157690437947763940e+00
4.491326371727799582e-01
-1.269717464136450591e+00
-1.905172746986369958e-01
-1.415320678311630331e+00
4.345955699095140901e-01
5.022136370397012328e-01
1.633684187752574957e+00
2.010261089753626607e+00
5.823889641629076408e-02
-3.463690419360441197e-01
2.079774008389005502e+00
-1.810290491763080212e-01
9.143135329827689617e-01
1.034872009764615797e-01
1.471222306969658611e+00
-7.133076537308440379e-01
1.231270387117525900e+00
-1.515691064204157890e+00
2.264640276142976916e+00
-1.544026495126107346e+00
-1.593061391515125713e+00
2.639643489799787801e-01
9.961852168165021837e-01
3.819650974302968294e-01
2.505066898062957570e+00
2.008817499457220990e+00
-1.767494988620737395e+00
9.751505995135856253e-01
-1.961476118895646881e+00
9.542560396538384282e-01
-8.662864204938998114e-01
-3.194412018692709410e-01
-1.155716418889888075e+00
-4.591884976849467392e-01
-6.921945957718662612e-01
3.223813586295207756e-01
2.617282248904562181e-01
-2.205121877649061091e-01
2.706784902409657967e+00
-1.589472382304986553e+00
6.346622386469924493e-01
3.963497232235173584e-01
-1.061785366099243788e-02
7.998927009410570221e-01
-1.108428647402095457e+00
-2.939692259206816427e+00
9.170829405221958552e-03
6.006365438896210662e-03
1.107105167749134367e+00
-1.843048112213190759e+00
4.449459525099817014e-01
-1.777269956948579477e-01
-1.732658200847723595e+00
1.408800484956287846e+00
-1.429199414881161534e+00
-2.066292644415446134e-01
-6.467243782891349824e-01
-9.690395710951733577e-01
2.653690799532890665e-01
1.658675254637560492e+00
-2.060642348230719012e+00
-3.413351454713167143e-01
1.320451680416940832e-01
-1.664063559903911305e+00
7.825443683534905048e-01
-7.602282744102790701e-01
-1.334907609214738500e+00
7.096660368318961076e-01
1.707371393012446781e+00
4.820695082853800884e-01
-4.958272029217694055e-01
-1.340709855452102417e-01
-1.759540218719473081e+00
-1.337690928346177532e+00
-7.626854668548030958e-01
7.981271595764205529e-02
1.120864028635295995e+00
-2.378051850682574297e-01
3.350148054161188327e-01
-2.834534150751455428e-01
-2.049422361136250093e+00
-4.188938631094174525e-02
1.268313245713814652e+00
3.683006842164644468e-01
8.437468990193774943e-01
-4.748601154767042587e-01
6.386359484803225683e-01
-6.327713564745183206e-01
-1.824837156606346156e+00
-1.225757695524846813e+00
-1.437820493029374980e+00
-8.409434643540478760e-01
7.587359376265574440e-01
-5.105613879013777279e-01
2.306218353912747432e+00
-2.155336292245433327e-01
-5.196634920612783759e-01
-4.398053490800348797e-01
8.007013277565118159e-01
-1.472345729589539243e+00
-2.102871776331313391e+00
-8.965942694651172218e-01
1.692032152332618722e-01
7.618734724356359678e-01
1.205937322608682472e+00
8.648473127527802617e-01
-1.004113947086135994e-01
2.451699682930605917e-01
-2.998425551953861401e+00
4.817439747996798971e-01
7.570879455217429665e-01
-5.870375747865903548e-01
-1.231356260041160056e+00
1.967736002983770938e+00
-1.752573646896591342e-01
1.867856112980099681e+00
-1.732585311649468718e+00
1.516972670565776227e+00
-5.327556572413705283e-01
-1.541869506030275616e+00
2.893280162393288002e+00
-1.773410215099811893e+00
-4.629466149208383285e-02
-1.296815237490905659e+00
-3.598942470952408712e-01
-2.557996646174656608e+00
1.930223678998891579e+00
-7.555843360227516570e-01
1.171374132014546987e+00
2.828598238987094504e-01
6.927482349124147731e-02
2.559128719313821243e+00
-1.815943079581127328e+00
2.860153861924699115e-01
5.088526835764994871e-01
-1.907729216813716544e+00
-6.038350529301883540e-01
-1.722572140541143160e+00
-6.742256365273391339e-02
1.011578866457306880e+00
2.393069509943215323e-01
2.811042667133351713e+00
-1.133430011864602349e-01
1.026999706269371870e+00
1.135685035264843989e-01
-2.432682027213454390e+00
-7.850134431836988114e-01
1.240620846762077178e+00
2.425902628468952216e+00
6.351822122954473571e-01
-5.733523421340356307e-01
7.089206794395330746e-02
-6.410437566304185708e-01
-1.264963674198440469e+00
-2.080603434142396679e+00
2.085667196565317738e+00
2.248695354773724731e+00
4.230845955425515115e-01
8.013866865274197337e-01
-5.934231762293231682e-01
1.014923549018291737e-01
1.673941343512068691e+00
1.914698556029438947e+00
-5.912476134703368302e-01
1.473663268384138192e+00
1.956002387307375301e+00
1.705446039624659349e+00
-3.632104556744124579e-01
9.419370346750710610e-02
-5.959809755694349676e-01
-3.940313097185352831e-01
6.212519279448258658e-02
-3.906792530711626910e-01
-1.018100383681295185e-01
-3.403096289499973892e-02
-1.898412410708929077e+00
6.386310930003524788e-01
1.679595498072767867e-01
3.214359820574763660e-01
8.743149637441671729e-01
-8.010562036903134953e-01
9.413250434625499707e-01
1.277829918790015284e+00
1.790227923904406993e+00
1.691994658961695208e-01
1.631015502196079048e+00
1.420620518630539841e+00
1.824905007128992729e+00
7.201625650389695821e-01
1.732650209518747708e+00
1.645672485571598287e+00
-1.384932476996791895e+00
6.018520240644953390e-01
7.103674718926891174e-01
1.084477160025887343e-02
-6.700396214868415967e-01
-1.653836047621446870e+00
1.882942109910553441e+00
5.955091490504056395e-01
4.118853862990246029e-02
1.747462065997601677e+00
-2.583388487886954632e+00
-1.061756617331615082e+00
9.038298281119727662e-01
1.024317118377124025e+00
-1.411952038728187198e+00
1.133868299336437957e-01
-6.496258924312421357e-01
-1.951778213715406274e+00
-2.576195923321442649e-01
-1.786702108903938324e+00
-9.658855704384201601e-01
9.831527166382016958e-01
5.065376372635945756e-01
1.560587515748757426e+00
-1.572609297040897580e+00
3.359915760355747238e-01
1.939338066805476934e+00
4.656908977550964224e-01
-5.872416386832490787e-01
5.622593342483641621e-01
-1.332018521758362439e-01
-3.954865559715567969e-01
5.994573478233009567e-01
-8.291890642652619547e-01
-1.148209598143924204e+00
-2.008159370615584471e+00
-9.241676571172598997e-01
1.589833986212273231e+00
-1.801651365864317178e+00
-1.517415487206590363e+00
-9.994180197565896151e-01
-2.041579858183608653e+00
1.166570112721130315e-01
1.232230532165439207e+00
-1.398559838160694291e+00
1.123790380110698095e+00
-2.332753470231825332e-01
-4.264631471934432483e-02
-7.041374914916929129e-01
8.365837386339016746e-01
-1.971148142652445756e-02
1.570747076910196327e+00
-1.698430086989598742e+00
4.385456190964287515e-01
-1.839894319054260041e+00
7.284247577300284604e-03
1.530945982013718343e+00
2.707375199971764346e-01
1.458364098326634384e+00
-1.971702269777015903e+00
-1.223674532873271659e+00
-1.009999069975538788e+00
8.619066294856967403e-01
-8.762912717557780340e-01
6.201536655250459162e-01
7.732312715641302958e-01
-1.038509347328220755e+00
-2.516459063206530899e-01
