3.164255762457951704e+00
1.651399506751934254e+00
-8.973115933559627777e-01
5.112729033679865864e-01
8.199428876544603284e-01
9.344514161363379756e-01
-1.684627970448624446e+00
-1.078184156740451538e+00
2.022927254500395122e-01
3.486931099595768302e+00
-8.551933203775092807e-01
-1.186989420558575148e-01
7.017515722039933124e-01
-1.640204342885995370e+00
9.417186966974870899e-01
-6.043604457647440142e-01
-2.068048017840742325e+00
1.093385861706888562e+00
6.604158552727676934e-01
-6.040036437703992789e-01
-4.919694984548019789e-01
1.160305861178116515e+00
-7.444440310101985148e-01
-1.661988796993449924e-01
6.456896692374378688e-01
-1.450905909339436750e+00
-6.001751427378945181e-01
-1.515841556405721935e+00
1.741488347347104337e-01
7.463621472480443941e-01
-1.490317099095826769e+00
2.144402349441048017e-01
4.608501733493852726e-02
-2.522575970079650176e-01
7.405539813733543753e-01
-1.451573432635686611e+00
1.513517880990635334e+00
1.074668475195188933e+00
-8.139597649207024332e-01
7.991148235073728401e-01
-1.244498588855567078e-01
1.275320586193244843e+00
-2.906611627865425262e-01
9.726418995614869445e-01
3.018667271614114966e-01
-1.065868540939980402e+00
1.227637957974001992e+00
-1.153503784122937859e+00
1.357351355067081045e+00
-7.819759179938268190e-01
-1.201257896781796397e+00
7.411271698885002479e-04
8.676769314997967442e-01
8.667281720443043014e-01
-1.583881077127724524e+00
-1.863479885749639298e+00
1.098536698910339560e+00
2.730937575831715591e-01
-8.277921243339765311e-01
-2.118947630756580214e+00
1.316882658459910260e+00
8.551560105581623716e-01
7.605892250129642207e-01
-6.220435904379595371e-01
8.777350093364013617e-01
1.041524833716316323e-01
9.901691848434328591e-01
9.474814065580190459e-01
1.013737600358100011e+00
-1.315968994315666052e+00
1.262032299444287631e+00
2.506495426287952633e+00
3.568152499045531556e-01
2.029303838104854485e+00
-1.353290870025072312e+00
1.560102220978887289e+00
1.553730978790884620e+00
1.680689227002329034e+00
1.931378681527490926e+00
1.250462501705507101e+00
-8.085294915693177487e-01
-1.107910933409780085e+00
6.818335490321461023e-01
-1.408638616671983979e+00
3.920563136936916493e-01
-3.526883023386951699e+00
6.344405569672435519e-01
-4.084126099171152546e-01
-1.016927150191025309e+00
7.877004413634249858e-01
-1.743028985313164192e+00
-1.233125772587373437e+00
-8.576865396383759332e-01
-3.838587848149979109e-01
7.578081602244299830e-01
1.635820009163753141e+00
2.539142956399764728e-01
9.599184067665902376e-01
-8.001669782141505038e-01
-1.883989408212905836e+00
9.250216361126710751e-01
-1.888552155297380519e+00
-1.552213026750289160e+00
1.587541173213582013e+00
-1.478268350258993280e-01
-5.155514663567482003e-01
-1.511037857458408240e-02
9.111484846278212757e-01
-9.013243281022713660e-01
-2.485611606969921894e+00
-2.331059404689135306e-01
1.221607481038686771e+00
-3.726835725695387680e-01
-6.769998610803362737e-02
-1.404518507344703515e+00
-4.158668097720354950e-01
-1.678386694736832219e+00
-1.266313117760734741e+00
5.710144945079171919e-01
1.828160550086148639e+00
-2.644878493342166514e+00
-3.823314899933354383e-01
-2.952204898176979952e-02
-2.164855238226915723e+00
-5.986044945008526241e-01
5.040321902843425406e-01
8.479426476384199773e-01
-2.325031126238161772e+00
-5.628928300296633935e-01
-3.190259820571395011e-01
4.878792157297739962e-01
1.186511403234167261e-01
6.260005433525064333e-01
-2.108683182505268761e-01
-1.001366328103091341e+00
1.651843709339074096e+00
-2.057718460563062290e+00
-2.178882890543130557e+00
-1.311033262465927329e+00
-8.067213198704497046e-01
-9.260290449033661275e-01
-2.407357477753460984e+00
2.179149352292962583e+00
3.927482372765247476e-01
4.402747614405075893e-01
-7.900805160392421200e-01
1.428021888128029104e+00
3.680134318585004394e-01
-3.505923365322418661e-01
1.383568751384741446e+00
-5.981957657714414012e-01
-2.350372556044695305e+00
2.164568681694389873e+00
1.612076812819224436e+00
-7.375111592000340721e-01
1.752450231948650128e-01
2.666171243313169015e-01
-1.460790112506141103e+00
5.514705244727649003e-01
-2.625107813475020535e-01
4.352911114201321041e-01
1.635298344653435265e-01
-2.734464216337176179e+00
-1.081877195711335560e+00
8.254607460357190618e-01
-2.647256038974319381e-01
-1.632568473488780647e+00
1.790045814778752131e+00
1.872851371378891905e+00
1.086827389693024948e+00
-5.293275407019111256e-01
9.251003134114217374e-01
-1.471189897922495327e+00
-1.561068650415486925e+00
1.112428214068620136e+00
2.934947474618827101e+00
1.320637035969416395e+00
1.600789704620774856e+00
7.774522461702026987e-01
9.423011561530492131e-01
-8.897251432278210359e-01
8.546102012870235853e-01
-1.042576367495155587e+00
-4.003194044566820153e-01
-7.839168043469282310e-01
2.214848987306652361e+00
-1.423439289229373017e+00
1.298841295890996506e+00
-2.420901369484873555e-02
-8.609358411369312236e-01
-1.206394026775327255e+00
-5.696269892388858835e-01
-1.831027595118985829e-01
-2.978827895740527865e+00
-5.353627120901931491e-01
9.890976057619482731e-02
1.358042694666410810e+00
-2.762514165615633122e+00
1.128045909924704659e+00
-1.362252874901259236e+00
-3.609121295846300370e-01
1.816051142755654269e+00
-1.015661951433605381e+00
1.989589590593125124e+00
1.780705288525723518e-01
1.163646968829921136e+00
-2.106025089339817580e+00
7.288495338185985162e-02
-8.773523578343915830e-01
-1.167908559394348345e-02
-1.013364785259251999e+00
-1.355542688727875866e+00
1.382403660772615339e-01
-2.235614128828400382e-01
-7.419903127498006512e-01
-2.496231602962666329e-01
1.966782997449033843e+00
-7.277970056676288380e-01
2.808107183964255071e+00
3.243270283578201685e+00
2.188995496240320193e-02
2.568078433272855676e-01
-4.387246121931722698e-01
8.225380616200812511e-01
8.342651200826756153e-01
-1.250709221498182533e+00
6.695771391220342039e-01
-1.237564762697686227e+00
2.343092379213769227e+00
-2.711102830878378889e+00
2.563398584326346707e+00
1.216560409021276712e+00
9.970058547825164652e-01
-2.883013691048681437e+00
1.510167371862591423e+00
1.757785660451651744e+00
-1.664076308585531461e+00
-1.491963098021979128e+00
-2.582723290239207881e+00
9.162346353879176064e-01
-3.624273027388893453e-01
-1.114242847659348001e-01
3.683872944712376807e+00
-1.318221872078494172e+00
1.684497185867686042e+00
1.872395465227150169e+00
-3.024879683594408064e-01
-2.222371224230568654e+00
8.946586864548482509e-01
-1.753428573113668953e+00
2.037697025559676689e+00
5.835992453968499305e-01
1.332772856194470279e+00
1.484662985092624510e+00
-1.428228492377832115e+00
-9.157474042181146245e-02
1.459270042955700397e+00
-1.292082136146509797e+00
-8.802390079606912110e-01
-1.556240474607211155e-01
3.420754897102140646e-01
7.399579869746721883e-01
-1.451172668709056701e+00
-2.712223376245272988e-01
1.935166754794153121e-01
1.794282419655477412e+00
9.377033330587902782e-02
4.906483313696607951e-02
2.824830135719267332e-01
3.110773981795986742e-01
-7.174332631956223949e-01
5.814740771083748427e-01
1.340857536211928824e+00
4.605245634359453888e-01
1.083870254182483173e+00
-2.529274438391491131e-01
-2.848889714744942125e-01
3.197795061668582406e-01
-1.232279175158754736e+00
9.978077916002616732e-01
-1.463005659965241900e+00
1.483712783540868330e+00
-1.048876627736335720e+00
-1.277714959818331941e+00
-1.084590749565368384e-01
-1.335627733363700553e+00
-9.580212536942367407e-01
1.109196012469886305e+00
1.309253081155683063e+00
5.080400256940418302e-01
4.518362204287020845e-01
-1.807878101572213847e+00
6.278174025754506005e-01
-8.063901725231730211e-01
-7.116659242020819676e-01
2.436077742183182515e+00
1.149987275329511505e-01
1.474191884175518830e+00
5.162293703644760257e-01
-1.070428774336080746e+00
6.432807114915117808e-02
8.402364660462513513e-02
7.951533488827582374e-01
-1.362733768028648207e+00
9.858776447252859398e-01
6.880718268863343923e-01
-5.196147623235178870e-01
-8.520285720414353392e-01
-6.093877018941098456e-01
-6.721391991490959228e-01
-2.742833551717961171e+00
-1.699141965243207153e+00
-9.253162480296150960e-02
8.285372161229433985e-01
-1.924344965499557691e+00
1.808634744112956660e+00
2.403365415565831498e+00
-1.578827005602320810e+00
-4.382905087970101476e-01
-6.588250941815303463e-01
6.441889007071015527e-01
-1.226167122871233417e+00
1.497673861844503129e+00
-1.538474964020384306e-01
3.269328544950784732e-01
-1.000545666217174112e+00
-8.382533450105675854e-01
-7.101669293076984246e-01
1.303549312399199245e+00
4.325433063468144823e-01
1.670778562392741584e+00
7.223660663296982420e-02
7.709445327325168407e-01
6.218714552046762378e-01
-3.228737154034782009e-01
1.496721639600644416e+00
3.699797012990710954e-01
8.754123285150550160e-01
2.147306352247593253e-01
-1.542332326698390599e+00
-1.512781330410572167e+00
2.874798871503898567e-01
-9.178477213330111795e-01
-1.448478269019295439e-01
-9.693154067124742923e-01
-1.960980079478158444e-02
1.621611187505677343e+00
1.643349014934145202e+00
2.452434688154784936e+00
3.868565890975173005e-02
-4.691006787686138324e-01
1.380071467094640347e+00
1.644209537933528864e+00
-5.359098150273027272e-01
-1.596413315640497821e+00
-2.907506432042978872e-01
1.167039418018482877e-01
-1.472474970025560381e+00
-1.494918352915401982e-01
2.218989498353574064e-01
1.942285511197914261e-01
4.132233718530118338e-01
-3.111382625103935151e+00
9.898087309551915070e-01
7.506619537369285666e-02
-1.657636350302035932e+00
-2.167163350358363161e-01
-1.549658504685247351e-01
-2.943646440296401323e-01
2.004120797673927257e-01
-6.852220277831664319e-01
-2.796424705118791820e-01
-6.632975728703272011e-02
1.211314800187123453e+00
2.374824783620828939e+00
7.617407938973048687e-01
1.801259278224140559e+00
-5.986341790581608535e-01
-2.306339842935916096e-01
3.873318451409035745e-01
1.514045353260573989e+00
-1.817127038097687830e-02
9.114381926487657992e-01
1.061870618082183526e+00
2.038544665387984622e-01
3.376474404344193658e+00
6.767351557823042540e-01
1.013412610318590090e+00
-4.616419471230326366e-02
-1.476690274483175358e+00
-9.596746229433534836e-01
-2.323376418936456300e+00
-3.460048983948809109e-01
1.176557622816199355e+00
5.085558886580141547e-01
2.556389771508687403e+00
3.331000333178044670e-01
1.913655758982857336e-01
-1.122901685612571754e-01
-2.014749288910234082e+00
2.913242784369725058e-01
3.196778386374518277e+00
1.609951759238175129e+00
-2.739896470764788816e-01
6.328416343841603009e-01
-1.050523191223569075e+00
-5.020784284570538603e-01
1.321976208647440032e+00
1.892109810030053296e+00
1.279756239000072071e+00
3.649068431963051751e-01
7.628408355277658259e-01
-1.016545343670165913e+00
-1.010599568675001336e+00
2.375296037308674890e+00
5.878474061797245298e-01
-1.417674850247410134e-01
-6.818104148636248141e-01
-2.636271223677946196e-01
3.174954933681330971e-01
1.497587032589046352e+00
1.205632266343242165e+00
1.056385718800316731e+00
-2.326461114630459015e+00
-1.504521583390468820e+00
-2.056047717591544810e-01
-1.142153604939608602e+00
-1.152368459984864923e+00
-4.142203113324720576e-01
-7.687379319254725729e-01
-4.359758492001652996e-03
2.228647360228103835e+00
8.389910018114061785e-01
-8.627864623608880734e-01
-1.692493587313208092e+00
7.360559769228469662e-01
1.644080575744747641e+00
-7.730641163341207545e-01
-1.754573071945013218e+00
2.675934006934896914e+00
-1.159378767749641437e+00
-8.858531775286113685e-01
-1.450730960750137299e-01
1.094245923222011641e+00
-1.201436140829081900e+00
-1.590822602260075769e-01
9.427675690765102701e-01
5.441482838407427636e-01
5.284453592594857696e-01
1.143825385541678230e+00
-1.550417416057072728e+00
1.125780590657772251e-01
6.687955485324685867e-01
7.067230011504950227e-01
1.167599262458942633e+00
-8.999901251830122462e-01
-2.426369807575694537e-01
-4.743276598816761336e-01
7.943746824432391662e-01
1.019766825154023948e+00
-1.883217193656857802e+00
-5.609388531443224579e-01
5.151311330887846651e-01
-8.017845081708498967e-01
-9.141336621064537482e-01
2.087509173158627718e+00
-1.154655636594111634e+00
-1.370119997120936794e+00
1.600489259923340235e+00
-2.374294158772952912e+00
1.783780096410163551e+00
-2.227974277712876372e-01
-4.956247484259108660e-01
-1.212448593002990460e+00
7.464414744807719160e-01
-1.961874751858452282e+00
1.802207380033103767e+00
1.554782949998665842e+00
-2.045229901599810773e+00
-9.595870837467455061e-01
-1.314075812354056350e+00
1.368142195129706806e-02
-5.705482408797788452e-01
1.345017717158273562e+00
1.293705905398016220e+00
8.978988490449228976e-01
-6.614249719246760861e-01
-3.721598451592917911e-01
-3.436694744881645391e-01
2.167361237037281896e-01
1.057212500251225151e+00
1.744110077154070737e+00
1.664548160720635828e+00
-1.273645280889477149e-01
-8.428163698918735847e-01
4.631059432611772664e-01
1.547676639870255499e+00
1.701004615906866135e+00
-2.067103491820199146e+00
-5.597001110263963852e-01
5.768038680302787213e-01
-7.706142836237086513e-01
-2.581725880737693046e-01
-1.278119768832985503e+00
-2.601223478837102476e-01
8.252320468925162800e-01
-4.214898139201075367e-01
4.744005751477411437e-01
1.224992156832866996e+00
1.219912323767690765e+00
-6.907836047075335273e-01
-5.881777986178757800e-01
1.190124924897250303e+00
