1.506973045442901338e+00
-1.414067373380897052e+00
-5.852720086326614890e-01
-1.702178365895238965e+00
1.492806254386475295e+00
5.086581980422639759e-01
2.091483131203153434e+00
1.379871048322575788e+00
1.519612183498440849e+00
4.598357742165397610e-01
-1.634153845994973153e+00
-1.341662550267041176e+00
2.666612579625496693e+00
-2.907496541201126661e+00
-1.208101688594752865e+00
1.965149104767684562e+00
-8.231492857703202048e-01
-8.402193220033726817e-01
7.400764767806933264e-03
1.659951101695766873e+00
-2.379188110127151923e+00
-2.184615302082003829e+00
6.844465493144493706e-01
5.399897806184643656e-01
-4.022439037837699516e-02
-1.393817530172523966e+00
-8.046125441583908966e-01
1.496908655190145154e+00
-2.496981594518482339e+00
8.977304677413266987e-01
1.438387487297471345e+00
5.489879195743041507e-01
2.019053036230964437e+00
-1.876260463951797242e+00
-2.100140618843680862e+00
-3.465336070267668322e+00
-1.929137594248153675e-01
1.161898709256713680e+00
-9.339996466727935598e-01
-6.234149728492006659e-01
1.579301932658852436e+00
2.238249027347372078e-01
1.154600210395231308e+00
2.772042340298228602e+00
2.063767558342116892e+00
4.215287032232950537e-03
2.271260014301699215e-01
-4.096387135615797703e-01
-1.722752530955899974e+00
-1.931121886622164663e+00
-4.334274848419372717e-02
8.650663449026829710e-01
1.264729210270189697e+00
1.455719312861742942e+00
1.285424372503798374e+00
-8.760050267251671130e-01
-1.250711541918652969e+00
1.056919192767491467e+00
-1.588074342964719943e+00
-2.697899864779925050e+00
-6.738024760878511543e-01
5.920445593774958937e-01
8.129483841732305649e-01
-6.501007322138097066e-02
1.628110510478455453e+00
-4.398110502564049895e-01
1.307663124446916569e+00
3.957400158896380304e-01
1.644269376495710588e-01
-2.714606694218557159e+00
7.265003248781454204e-01
1.030860632950104439e+00
2.603145915190947512e+00
8.940612410406956201e-02
2.630619420918449691e-01
-1.266399883794827375e+00
3.010923901986135576e+00
1.259037075140830630e+00
-2.506858637682896074e-02
1.039401136108274670e+00
-1.971431007063040308e+00
-1.374282794428860477e+00
-3.281077347841687697e+00
1.900349369474705341e-01
-2.410985488089139039e+00
-2.186467561783267399e-02
-1.561663127054533362e-01
-2.091254976455463321e-01
-8.255013582115200421e-02
-3.838345469974946411e-02
-1.617821697469360664e+00
-1.329658067973678026e+00
7.044668417572950148e-01
-1.301904107822590806e+00
1.193625473827620631e+00
1.936452181720342836e+00
2.959853181545407885e+00
6.411253891868895494e-02
-1.176886657207756315e-01
4.632597383843730654e-01
1.016310478485509705e+00
-2.076240609031913209e+00
-2.311631189051031487e+00
5.873525819441010043e-01
3.328256709468355723e-01
-1.115866905203928283e+00
4.534591172427191452e-01
-4.979484976275099228e-01
-1.908984110997993255e+00
1.396860288585415333e+00
2.108765126479211993e+00
5.703833696828395361e-01
2.490673045027788746e+00
4.247766696227497363e-01
1.274700676141355515e+00
-9.659341162427459437e-02
-1.057591134760467178e+00
3.400104934477994334e-01
-3.108530392192183633e+00
3.731752879380554333e+00
-1.580053234238079085e+00
-1.282243254801044507e+00
-2.291750318762062477e-01
6.834161386094796953e-01
-5.889183041025631837e-01
-1.112713422732671376e+00
-2.473035313767218746e+00
3.125702993112353667e-01
1.015245111267457645e+00
1.986516256910277889e-01
-1.325518278186121890e-01
1.225989020508871263e+00
1.286002467100811231e+00
1.132256321381436948e+00
-4.078160338010974328e-01
-7.849765379971227475e-01
-1.507985859996712641e+00
-3.666536292190176738e-01
-2.608798748606808715e-01
-1.723490007146959879e+00
-1.763723118283000435e+00
-1.275212257551889827e+00
1.670630711874926178e+00
-1.357618843632470984e-01
-1.569496650472494981e+00
-1.520934376515143960e+00
3.279147845437755393e+00
-1.140139558760694172e+00
8.682942513902327519e-01
-4.047255024108498134e-01
1.571930753024940230e+00
2.038487251480301410e+00
-3.840259847475158139e-01
-2.183554045544031652e-01
8.222044424940166962e-01
-3.258162529767215432e+00
1.405038562985638784e+00
1.462450525884175789e+00
-1.507419685399274289e+00
6.478269026219827253e-01
1.100605332401123349e-01
-3.742781812194664326e-01
-2.227802072097143871e+00
1.444361815170847052e-01
4.310169246979445035e-02
-5.683660040667746216e-01
-1.697159072441966288e+00
2.157980634667908681e+00
-1.977376237982451102e-01
6.584427756043620406e-01
-1.971525193283341082e-01
1.105695099427704164e+00
1.162731965971178560e+00
-1.543330053746410080e+00
4.028991621989606031e-01
6.237972616339142462e-01
1.712157483350612353e+00
1.578502838734847202e+00
1.214538231419828307e-01
-9.949198073616027926e-01
1.529764215565647234e+00
2.027900450094434426e+00
5.314877563190423260e-01
-1.125267387290595167e+00
-9.815892701283814858e-01
1.598678181958622879e+00
-3.549799464360958723e-02
6.122163885486031631e-03
-1.071440460305055797e+00
1.874952706672985414e+00
-1.310395642245276715e+00
1.861224448730133929e+00
1.977390561971015259e-01
-1.071785048976758858e+00
-7.550451683799721536e-01
-3.124468254738435036e-01
-2.979151453757986623e+00
-2.594939378374652605e+00
-3.231749512206496533e-01
-9.363669669351626368e-01
9.895036213106500611e-01
-4.813962396030717628e-01
3.604112558402627897e-01
6.956122546353151748e-01
8.069808537578619934e-01
2.405317919981351693e+00
6.487142471695062085e-01
7.545076601558742269e-01
3.590309216893992073e-01
-9.102569136771627711e-01
1.793780688513294308e+00
2.702117082582669028e-01
-6.820886793711027352e-01
-1.108432256193654819e+00
-2.940872901849664434e+00
-7.030808231372676076e-01
-2.205065481947414696e-01
-1.319474739771453020e+00
-1.081106092047843248e+00
-9.460394820454087750e-02
-2.738272169783071419e-01
-1.278621034562552605e+00
-2.351202472672839328e+00
7.337835874543943149e-01
1.031158738877541836e+00
1.242541767248295237e+00
-7.862211849430149613e-01
-1.034145676778241985e+00
1.629586021312028343e+00
-5.466613950052678916e-01
6.189464192371136875e-01
5.953770922212875405e-01
-1.297074484538486061e+00
1.836541675580356525e-01
-1.795707901905299053e-01
-1.082769976469716511e+00
-1.239146806940652379e+00
3.576391020162619228e-01
-1.509891461303958238e-01
-7.350981399098808211e-01
-2.402412208684405748e+00
-1.490219380759322920e+00
-3.269325865043262169e-01
-6.631496370282263797e-01
7.490489518184206830e-01
9.774280036066294031e-01
-1.032709288491191923e+00
-1.170479621983458784e+00
-1.468805614065225029e-01
-2.405418898134423333e+00
-2.211949015673284613e+00
-2.056579824850276239e+00
2.964536851691934594e+00
8.532546081992355980e-01
-5.719692551521573520e-01
-2.717568778740275803e+00
3.632505706638866627e-02
2.771740140631848703e-01
1.835357101060620444e+00
6.625242605713204114e-01
-9.039519769490222956e-02
1.537042359965249183e+00
3.055938563843785261e-02
1.310725816655562426e+00
8.915819470289365611e-01
-4.877031214209957000e-01
1.648188946652860309e+00
1.121470005813933746e+00
-7.140566219694637340e-01
-1.265129487035949740e+00
5.031203571195872470e-01
-8.094958692959410840e-01
2.296129388360798274e+00
4.808573378525533570e-01
-2.072502077742768289e+00
2.407636381859415309e+00
9.195290968407823229e-01
2.317781134026597911e+00
2.469369503026852541e-01
1.027782330181636894e-02
-2.421724466624776362e+00
2.528062243069465254e+00
-1.011731573736040612e+00
1.786527108164566613e+00
1.103327923159838519e+00
-1.874736262717489055e+00
-1.850243416126358120e+00
-2.248963719480114420e+00
-2.727078842894696820e+00
-2.232431445668749515e+00
-1.513560994210693345e+00
1.304797136206786945e+00
2.673545510139325287e+00
-2.525423373933933568e+00
-5.174490366964858978e-01
5.263149518659187009e-01
1.389787354261291519e+00
-3.838852647177546373e-01
-2.588091779236622259e+00
-2.525942938798901416e+00
-1.408095484041512968e+00
1.943018240646643413e+00
2.132468850723547860e-01
-3.813837652207681117e+00
1.969210097864866782e+00
-1.919011761619016543e+00
-3.395308414940768849e+00
1.749229761128866301e+00
-1.917729417451163432e+00
5.067540230707283655e-01
-3.952690777933280941e-01
1.768713709569630588e+00
-1.757675903386700433e+00
1.021383370638284660e+00
-2.571813876484868366e+00
4.648773497613412076e-01
-3.622382726793151875e-01
-1.709504949476412516e+00
5.633686702432028071e-01
-5.362490325899624821e-01
-5.700035513015571098e-01
9.662502254640497057e-01
1.160546218216794045e+00
1.841855944955912427e+00
1.049676714524476751e-01
-1.008956599425350209e+00
-1.356895046928246806e+00
-2.142461702103319432e+00
6.952334757709444091e-01
-5.136603837476396706e-01
4.943004338045557944e-01
-1.934589721651851502e+00
-1.355388417713201399e+00
1.290582786351162525e+00
-7.216902537529428230e-01
-4.738660921290867023e-01
2.179572423439319451e+00
1.497516656884361197e-01
-1.916757334167773497e+00
6.933383074616061847e-01
1.072594992276031611e+00
-3.002530449636183540e+00
-2.206273670472076898e+00
1.120423148400307767e+00
-5.519588681472988867e-01
-9.084313875756562240e-01
-1.154434104632962033e-02
1.984355188457031183e+00
2.377791343225119647e+00
-7.296285342602537582e-01
-2.062959248818238667e+00
-6.290404972480274637e-01
-7.420949844075810375e-01
-1.709016904011697591e-01
-2.459514533926652202e+00
-2.063599525502828769e+00
-1.545392259521936040e-01
-1.776539393633917108e+00
9.889481390639787151e-01
-6.990337497353431573e-01
1.811691729737054501e+00
-4.394031535581754966e-01
-2.846225627739977782e+00
1.306295393355723533e+00
2.219388335044385485e-01
-1.162312019040341315e+00
-2.353298406000494225e+00
2.695007490265779460e+00
2.258802039864690414e+00
5.603015928827925762e-01
-3.472046298815447685e-01
2.680639658887653098e+00
-3.345877691127689957e-01
1.044961628414693422e-01
1.415056869016009244e+00
-8.641549393123773015e-01
-2.136200870905690330e+00
-3.731622930020774831e-01
-1.796801632217945865e+00
-3.441479539582342539e+00
1.610700883773050762e+00
-1.479451154613679265e+00
7.791800507386614782e-01
1.666949839334685990e+00
1.360193486090839343e+00
4.188729924836282592e+00
-1.729497144837530698e+00
-2.429635326391773376e+00
7.532498747078832935e-01
1.543153467024721337e+00
-5.118144168693241625e-01
-1.278921831014049992e+00
6.934398153504819362e-01
5.636436520151102414e-01
3.564580813762905365e-01
2.197893338412987063e+00
1.088469724137031136e-02
-2.287387222352492699e-01
-3.987397979052724750e-01
-3.459282244061800071e+00
-2.972373211462310039e+00
1.695338062814837343e+00
2.336254633757580912e+00
2.615156516815613230e-01
4.804825881263843357e-01
1.414381528504838670e+00
-7.722492422646256571e-01
-1.179033708405508918e+00
-9.572277544504466107e-01
1.003486582717856734e+00
3.604835408642674821e-01
1.199625101993776255e+00
1.538529688744372237e-01
1.403417215868802970e-01
-8.062814484465627984e-01
1.938520225435738098e-01
2.492069577469387731e+00
1.018124866681090701e+00
4.860332619173117763e-01
1.890649062417298687e+00
9.449506196245316403e-02
-6.865452576498407566e-01
-4.529081985692133827e-01
-1.011240930466240862e+00
1.319736232019308453e+00
6.391943839417191242e-02
-1.754944710469969138e+00
-1.268737399482237294e+00
-2.342938128062468817e+00
-3.275881920525622437e+00
7.362209491023463670e-01
2.008739596140873829e-02
3.580966639381149008e-01
4.029596033869342619e-02
-1.169115266723407931e+00
2.825521607419037018e+00
2.004950669344194303e+00
9.936544949635610635e-01
-1.670341162786381783e+00
1.367061915329545130e+00
-5.556341349471498603e-01
-1.150799925896493381e+00
-5.903905312095343305e-01
2.183312494504257018e+00
4.384172767980265562e-01
-1.936266455748333115e+00
1.926931339220318229e+00
7.506259616377644051e-01
3.261485210507242272e-01
2.075207803221772451e+00
-2.958962590003795690e+00
-6.117690728354316931e-01
2.787075288285136843e+00
1.372534040073288608e+00
1.445062268223470170e+00
-8.919316827418724003e-01
-3.709128074524284280e+00
1.906178704930332479e+00
1.644272730965647966e-01
-7.614556157886305243e-01
9.254483934884945029e-01
2.996503885797308087e-01
5.351561487279630214e-01
-4.773255653229480089e-02
2.216955775604407819e-01
-2.404594809304571257e+00
-1.348009366473600146e+00
-1.094908176936460364e+00
1.972012353493559189e+00
-1.509412363310470795e+00
4.298544817983431798e-01
4.433744259055805159e-01
8.894513351186130734e-01
-6.855207781239602838e-02
-3.493576867719008661e+00
-6.965783830656828712e-01
3.684995100090313613e-01
1.993886923867127514e+00
-4.196988734226412276e-01
-4.525239642349356828e-01
-2.757857346935632670e+00
7.880576490684205737e-01
1.225066371779979235e+00
-1.423597001365118242e+00
7.212488363508917644e-02
-1.510721157568293282e+00
-6.724349684887425127e-01
8.600676075803450615e-01
3.345533261407220849e-01
-9.806249901630090804e-01
5.445538431565122295e-02
-1.383236060372126985e+00
-1.652675541926429403e-01
-1.719444690923334740e+00
2.307657014907507964e+00
4.701806723391355192e-01
1.653731705658055162e+00
-2.804923447118996549e+00
-9.204951764774378375e-01
-3.256666447855004698e+00
-3.813876028155807063e-01
2.853717433618481181e-01
-6.176378993080247071e-01
1.166902537865999179e+00
3.558498181459057719e-02
-2.590731259426301669e+00
1.500600361233674462e+00
1.677614140744330129e+00
-6.560935323705239242e-01
6.808053202844881469e-01
-1.695444815594324695e-01
4.195331605893848348e-01
7.354828401982418384e-01
