2.225237938776809088e+00
2.041297885363608344e+00
3.862310347267206012e-01
-2.952455543781109526e-01
-1.672783609801802296e+00
-8.196639781292693883e-01
-1.785294271173873515e+00
1.732926667023471978e+00
-3.768501679862357179e-01
1.607329868477556545e+00
-9.303321124936267950e-01
2.078226747648900030e+00
2.149498775552929786e+00
1.351436153507583171e+00
-1.500861840384672519e+00
-1.167594797293715736e+00
-1.206913347049302754e+00
-2.831653347045806512e+00
-1.129395515523455629e+00
-2.512006886383276516e+00
-4.833632847516833309e-01
1.701782796008368237e+00
-1.458975628136411018e+00
-2.003293616700598800e+00
1.509486211507848452e+00
-1.939443497338904088e+00
1.000764709971306843e+00
-3.473153101326209136e+00
7.097282985401687228e-01
-2.498222640272649286e-01
-1.167885774296570034e+00
-3.436573374179420881e+00
-7.773632589651704450e-01
9.263014318675057979e-01
3.446352469767575144e+00
2.472931923872266680e+00
6.329183956620898499e-01
5.644148625047975543e-01
-2.798778510138628661e-01
-4.602347653335350230e-01
1.992590325936181017e+00
-9.371357960365749307e-01
-3.135263804852206793e+00
-1.577314800712521503e+00
2.307604922107832301e+00
-6.259207637549089043e-01
-1.657669071362504631e+00
1.554459327794001311e+00
1.671108852917326359e+00
-1.017573763850699198e+00
-1.136040128612025857e+00
-2.179633341266250746e+00
-1.404549489096914350e+00
-2.040364713760980386e+00
-2.372266135824197875e+00
-1.129282081506371327e+00
-1.340681424388041609e+00
-1.260495261629366315e+00
6.687077754308141664e-01
-2.056076260581338744e+00
2.401051434079164437e+00
1.656082079589113576e+00
-6.527928852057938158e-01
1.196169336017564255e+00
-2.707368900970195114e-01
1.218846536273296977e-01
3.597715772707861248e-01
-3.252067879493480973e+00
3.688643200160113267e-01
3.366384344988793131e-01
-1.254470516430521876e+00
3.276274050743580801e+00
-1.136552925069279851e+00
3.222798870262597148e+00
-1.614376428529076701e+00
1.499036965467182014e+00
-4.052941799271883028e-01
2.848012198442386733e-01
5.743226202463524999e-02
-2.215397813075748346e+00
1.412388640258964045e+00
-3.674041543873707738e+00
1.615634823796697539e+00
-1.686904977672832651e+00
-1.803446568179534193e+00
-1.009575360184691295e+00
-1.964545789127003950e+00
3.770268108467615065e+00
4.475412308797421801e-01
-1.739981727328298255e+00
-1.272279936840106096e+00
-1.692866689686538528e+00
-1.492320486780790212e+00
-2.469728345945829240e+00
2.482575183603847435e+00
-1.118960287134675990e+00
-2.423099535594310794e-01
2.224598910486416337e+00
4.774303744857286702e-01
-4.433636288287425842e-01
-1.131450317211060153e+00
-1.204116451162781765e+00
5.421479406993352512e-01
8.842312092698279002e-02
8.053980248295573574e-01
5.095422642557210224e-01
2.498729527992943567e+00
-1.304174125143659602e+00
8.324143375882817608e-01
-5.690670320887205591e-01
-1.705002545344521003e+00
5.675919706961574107e-01
-3.414773344612383355e+00
-2.682839579992139178e+00
-5.316512544113267680e-01
1.132308291307860593e+00
-1.803297344731227714e+00
6.023450278295747751e-01
2.368612925062865138e+00
1.941730169717120091e+00
-4.531058424190970157e-01
4.007607506664623287e-02
-3.679453801451364470e-01
-1.246044256514525550e+00
1.763114367069185562e+00
-3.281410956702170978e-01
5.272717962644009049e-01
-2.505758883248470514e+00
-5.479640063251141058e-01
4.146040328735765002e-01
2.017050444383155394e+00
-1.977299111113736352e+00
-4.911669361099093578e-01
2.078411254121350638e+00
-1.417819830477513587e+00
1.357179090692715029e+00
-1.485741641664729329e+00
-1.987307423313682264e+00
-2.081142556291396772e+00
-1.600159350801071412e-01
-2.396449238971318785e+00
4.356915140812862575e-01
2.391359729782179144e+00
-1.779857697523077320e+00
-6.468226105116858804e-02
-1.899836915812416205e+00
2.845876058195797143e+00
3.772456038473857021e-01
1.542719263302034349e+00
9.736846057249204378e-01
1.347442174462683440e+00
-2.309613004290869132e+00
2.623549901336627244e+00
8.838951487326527356e-01
5.076782289744183885e-01
1.735339097395973695e+00
7.326342239575689419e-01
-1.304279915244877408e+00
2.288888930025216872e+00
-2.712479266051081694e+00
2.269520511662282303e+00
-2.238761214857232673e+00
9.918668337922298406e-02
9.233243044090224672e-01
1.102078922134760219e+00
-1.994340525660083241e+00
-5.176089645041290765e-01
-1.080696819324247215e-01
-6.691310805770971371e-01
-1.416023754568763060e+00
1.727219063018411660e+00
-9.895595803897503373e-01
-7.605943870568765419e-02
-1.452197360869776688e+00
9.872631570554082359e-01
1.669473445470362805e+00
1.195869746746673457e+00
1.153146009428320795e-01
1.468736757380114888e+00
-1.103683034310983579e+00
-1.529886062247787670e+00
6.657027335256771039e-02
5.998203749241106664e-01
1.135728806772092980e+00
-1.286503737298700045e+00
-9.949673980490523206e-01
8.612951839452263059e-01
-2.105175611869529728e+00
5.331996066888056163e-02
-1.830965925427333829e+00
2.544341542713182136e+00
7.511483358852411030e-01
-2.463940385556817603e-02
-1.255578535558149689e+00
-2.299909284250781560e+00
-5.328364921726445047e-01
1.924981996536967443e+00
-2.106658381576795858e+00
9.451231420731973643e-01
-1.778170267404802551e+00
-1.608450337613542391e+00
2.312472867698096124e+00
6.974505038269818158e-02
1.269138632803806566e+00
-1.043392333659771243e+00
1.132330768486015771e+00
9.595167072120389662e-01
1.765332405989921583e+00
2.162528021101639553e-01
-1.873709096915965766e+00
-3.877985906379848302e-01
-6.517507641908872884e-01
1.072289114655234243e+00
-4.608172149829243835e-01
-2.178459403862154531e+00
-2.562576561901888539e+00
9.960237045070661210e-01
-1.795764612563575113e-01
1.549960097122582425e+00
2.943718276588328742e+00
-6.389994736963231503e-01
-1.674121725651121828e+00
-1.096555663708846939e+00
3.024204586846259701e-01
3.288957957975096491e+00
-2.655888393863365948e-01
-1.040209783895492457e+00
1.225337725033447178e+00
-1.737436342201482908e+00
-8.230000420040761711e-01
8.177118584293197046e-02
1.799085547272794017e+00
2.311871206119748834e+00
-1.799930617246583431e+00
1.173707410411960694e+00
8.556479711363760288e-01
1.178753497312829523e+00
1.865538593187306304e+00
-8.347747965733987030e-02
6.617368437037551843e-01
-1.565104417363057721e+00
-1.642981522915759385e+00
1.757235942214798285e+00
1.577784994146801623e+00
-5.995646007896997531e-01
-8.825773972714054949e-01
-1.451337568216133356e+00
1.124957373796067195e+00
-1.158062502497418933e-01
1.396831606843091045e+00
3.051326898231685902e+00
9.063430354123944710e-01
-9.710810539963237176e-01
1.045696270571639275e+00
-2.966237847934532823e+00
-7.553389353848363186e-01
-5.232012214610390899e-01
-1.134347746307513560e+00
1.023556272499211772e+00
2.860005534240546154e-01
4.680083437735662599e-01
-8.203598304891359660e-01
1.376218266930992584e+00
-3.314477464255443095e-01
-7.543188905527102861e-01
2.401364653086787371e+00
5.873815614724300360e-01
-1.678891192274614141e-01
-2.241286114074524605e+00
4.693754881616207797e-01
-1.668201116150981100e+00
-1.374945967410057257e+00
-1.065169008922350891e+00
2.555804199121505249e-01
-9.064998902371508294e-01
2.754871315685107902e+00
-3.613750335489456234e-01
6.350367283369333649e-01
-2.088382954950371850e+00
1.593847304743318816e+00
2.362166331394108809e+00
-3.454638494021899930e-02
-4.906913027094796931e-01
-1.430580161038296438e+00
-1.979775345717253110e+00
1.856087801689079164e+00
-2.980718854421560593e+00
8.273921826305539184e-01
-1.537645978292226268e+00
3.448304364834422486e-01
6.085155018047476716e-01
1.254576978084250172e+00
-7.966489949420862970e-01
-8.653610941027300996e-01
7.764009973578200885e-01
1.197224759566562824e+00
2.294700033596441813e+00
2.088083237998520580e+00
1.176467078407239519e+00
5.183769203643961987e-01
1.914349436066754784e+00
-1.691407728829607660e+00
-1.023335707622092805e+00
1.602446457806632196e+00
-1.780230564203355126e+00
7.775037021081008248e-01
-1.581851853239941708e+00
-7.345029750513996092e-01
1.153777660403402905e+00
-1.015810455745653762e+00
-5.550360697944780597e-01
3.201502012903940653e-01
4.601479606950142909e-02
1.358282519717517900e+00
2.202300339716050104e-01
3.296725021809063350e+00
2.215332574523652731e+00
-1.819963799997381670e-03
-1.087733478773966755e+00
-3.542717390283876000e-01
1.478725300741916548e+00
5.610770149528931938e-01
1.064918508715990697e-01
-2.787228405481679161e+00
3.350387065332178338e+00
-1.410994843659836295e+00
8.842905460408658769e-01
1.352002881320990113e+00
8.733805968051902013e-01
1.324179541802084081e+00
-9.968737771983100515e-01
5.418276736969573903e-02
-2.330185135947813180e-01
9.733995652267015686e-01
3.249460438933484241e+00
8.820137167535557765e-01
-7.229232865175756473e-01
2.380721613239240142e+00
9.695963114967920404e-02
-1.915763680613800979e+00
-1.158965061003527364e+00
1.748446677665551618e+00
2.984162812347816995e+00
6.500177093212391455e-01
-7.945142574371537592e-01
-5.899194534188527683e-01
2.201696922129898759e+00
2.021643416113021452e+00
2.374073333517126017e-01
2.572846278120735519e+00
-1.212888972811528632e+00
-4.425113689347508483e-01
1.020886815752710675e+00
1.484623495119663517e+00
1.239697847126800312e+00
1.689988157834966032e+00
-7.210904744873101180e-01
-3.306106098905737589e+00
8.375007173401964877e-01
-9.285676519604759704e-01
1.519983515063156432e+00
-8.862537374824182024e-01
-5.437546716529713109e-01
-2.707840148880142905e-01
-8.889958721434698674e-01
1.007499763718882058e+00
-4.512952107953491776e-01
-2.949686653444834050e+00
-1.019408777767052410e+00
-2.350561747899809095e+00
-1.209569706092004093e+00
-2.380749960797809983e+00
-1.144389396532456527e+00
1.203606447517724831e+00
-1.438203656359028138e+00
-4.552485102837309228e-01
1.428666614590188289e-01
-1.119023904411933223e+00
1.232955054503518610e+00
-1.003924714782329808e+00
-1.587397638886436368e-01
-2.402221792421448399e-01
1.960200395937902407e+00
-2.751774919703962041e-01
8.912940618200915210e-01
1.526437066793628894e+00
7.284531207861553170e-01
-5.796499121159142121e-01
-2.471790385020105063e+00
-6.997057854983879110e-01
-5.720694202530456351e-01
-1.372337530097495595e+00
3.642673974965084938e-01
1.675301060695963962e+00
1.869934005267730015e+00
-1.092040883847551491e+00
-1.383765683171723992e+00
-1.790188958045391132e-01
1.401166721371907897e+00
-1.267545547760135172e+00
-8.804588070183561044e-01
1.369745995919276815e+00
-8.513736741614481573e-01
-3.562873688503778169e-01
1.537052633499803811e+00
-2.575823181542897800e+00
-1.378223087079590847e+00
2.165232341229097912e+00
1.624386116641309385e+00
1.490674726262824379e+00
9.711544252891002316e-02
3.185471729388195783e+00
-2.030486702485188921e+00
-1.591450278501116422e+00
3.138731313094913489e+00
3.860913876012226353e-01
-4.107061094333896989e-01
1.574801502077098903e+00
3.351021014630504169e-01
-2.041114660232738132e+00
-1.102677849415490741e+00
-3.378703602214994106e-01
1.530215002224251997e+00
-1.615140364469671574e+00
1.862879403889918351e+00
-1.672178706716983321e+00
-9.227978674436707607e-01
1.736709805441842391e+00
-1.306975024728557422e+00
-2.240243824400991457e-01
8.381077326378694181e-01
2.267248090325406196e+00
6.752896355571138542e-01
-1.317047111958554950e+00
1.456647164213771717e+00
2.218600680718365581e-01
2.133903036986277257e+00
-1.451436653401145804e+00
-9.895916112512361806e-01
6.281926801427042406e-01
-2.116724816632311601e-01
-1.643792274787357233e+00
-1.596296115317384245e+00
8.966826870403385996e-01
-3.798866025818998793e+00
2.227601428504932812e-02
-3.202730115867769012e+00
-5.331722932574569640e-01
-1.251758793049601692e+00
-5.552000181673220069e-01
-5.689782996540886373e-01
-3.032289001758790015e+00
7.354321771061371749e-01
1.118709218880580281e+00
-1.102020941166616197e+00
9.839796201855799396e-01
-8.842948648297674907e-01
5.152821079116440828e-01
-6.585591476228032093e-01
-7.208858416677017544e-01
-1.513865162631447880e+00
1.626923969227435762e+00
2.018469366184777236e+00
-7.760824127374856829e-01
9.904056339801758924e-01
1.517661049671598761e+00
-6.223226812387379070e-01
-2.324004240004853283e+00
-3.214071563459501846e-01
-1.284233462995550745e+00
8.822182787593639830e-01
-1.269763207435425922e+00
-4.546679424189603580e-01
1.318910968693427499e+00
-6.843445780839285675e-02
1.981998507793786501e+00
1.549790532045616231e-01
3.445104663579456883e-02
-2.641388525525831810e+00
-1.157661502273565901e-01
-8.649927796794543156e-01
1.602837773348541717e+00
-2.346958226256177227e-01
-1.132233767434639660e+00
2.119845670175603658e+00
7.962605823248107839e-01
2.476416800873277424e+00
1.144886811276757399e-01
9.633730799201831729e-01
-1.615798464389070155e+00
-8.146920905116088463e-01
6.266331107602285400e-01
1.346991514329227257e+00
-4.276821356453659462e-01
-7.244070902150880897e-01
1.335454544618590589e+00
2.010138565611628181e+00
-3.321536903921273876e-02
1.370397851166885062e+00
7.593543664336426247e-01
-9.889787434585235459e-01
3.512907900997861432e-01
9.601282927006504764e-01
-1.808595921589498445e+00
-6.352227236585292758e-01
2.016412977217595603e+00
1.631094799614087876e-01
1.037971110212938086e+00
8.857187045657273217e-01
-1.067057862116628009e+00
-3.608372242128019103e+00
1.085531041592741275e+00
-1.797885838016899385e-02
