2.097228760212144216e+00
2.341868824521800008e-01
-1.219136512593606003e+00
-1.190037728340773704e+00
1.026918467318294503e+00
-6.562152953056532567e-01
1.041463106346560252e+00
1.417950560261842519e+00
1.425989114656029955e+00
1.129942472237276618e+00
-2.137257881264723380e+00
-6.381459733076511043e-01
1.071332125924353562e+00
-4.002011989648925905e-01
-4.936222542147890024e-01
3.271896775428775328e-01
-1.313173506984949057e+00
-1.685927289733583301e+00
7.514468693887614847e-01
-1.945365869616617616e-01
-1.726343259171002842e+00
2.132501889668567685e-01
-6.250040592796199945e-01
2.035626852730048064e+00
1.475118766155825156e-01
-2.202991596956640041e+00
1.989926121822510829e+00
-2.351172002657602178e-01
-4.428106357959791239e-01
8.602947963194438330e-01
-1.475378725271832892e+00
-9.634611469320812915e-01
7.531122563365064693e-01
-8.010611053429297357e-01
6.567614446768654801e-02
-2.468881545258680976e+00
3.990002497344136145e-02
6.821445089744804235e-01
1.558144791856088673e-01
-5.508435707989640662e-01
4.060812512394162965e-01
-1.244961975189873726e+00
-2.689230753905391680e-02
1.572658768400419405e+00
1.535320496708534321e+00
4.704341782024883400e-01
-5.096126023374356606e-01
9.377738440412208831e-02
-6.712783773571295853e-01
-1.219242658708463267e+00
1.021714127144126572e+00
3.880466694993511823e-02
-9.840254024920813691e-02
8.630021678422501452e-01
-1.173892341473568024e-01
-1.640920223808004952e+00
-9.325315267592451107e-01
6.652076966551838666e-01
-1.700560787031097476e+00
-1.272782092839326751e+00
1.086395983239406782e+00
1.157851735065367649e+00
-1.581286791058325036e-01
1.199930382145694807e+00
-2.828719089042159851e-01
3.073005039428267082e-01
2.307633620272264707e+00
-7.388525478187970563e-01
8.269443561404576926e-01
-8.782055166175162242e-01
-3.424665587928430455e-01
7.525479359846762861e-01
1.440503527485937241e+00
2.444011196216813175e+00
-8.356713915291038575e-01
3.240944424372393939e-02
2.209553526075014318e+00
1.213476020615701145e+00
-5.890351232080250909e-01
-8.429969820788354440e-01
-1.486151879639059814e+00
-1.222663831507128762e+00
-2.970959687102161961e+00
-1.063633992279443774e+00
-1.483473504153250300e+00
-1.027085796210221780e+00
4.880299480589442851e-01
2.401553891210763680e-01
1.762425649685663842e-01
8.201002709466891361e-01
-1.168731641433360391e+00
-2.201060596441779538e+00
-6.887998931798406943e-01
-3.880626406075595725e-01
1.774035930097008773e+00
1.171112845412004333e+00
6.671257992579446849e-01
5.017608539328310968e-02
2.300804919445642582e-01
1.175509921007402703e+00
6.403856465127759634e-01
-2.561418771766056146e+00
-7.522582507412494124e-01
-9.280083126915767977e-01
1.108448030321547151e-01
3.764760832472413554e-01
2.396308228146462049e+00
-8.555948377600417487e-01
-1.062057958599618157e+00
1.147967105857896186e+00
1.936237264090154397e+00
1.158307531568629756e+00
-4.945015917821082851e-01
5.879931909941973345e-01
8.895683793670894346e-01
-5.415704733326274223e-01
-6.249391933208725547e-01
-1.370036230365079710e+00
-1.898520182547111634e+00
2.229920053047287354e+00
-2.687659077474584990e+00
-2.221488548033660138e+00
1.008115172806088644e+00
-2.363113531894587283e-01
-1.391450011483512661e+00
1.314202384563708748e+00
-1.188098518600501308e+00
-9.840665620556974247e-01
3.223724219857304618e-01
6.901025530406093011e-01
1.530101252557596325e-01
-1.063389459818982363e+00
6.128623437066398338e-01
7.256528059488340787e-01
-1.501755833240981275e+00
-1.206779848134902355e+00
-1.200113562192330896e+00
-8.005966418430379150e-01
-9.578565596139201332e-01
-6.090383829882028976e-01
-1.219792693085664403e+00
-1.573281062793165930e-01
1.825996843573620687e+00
1.081518908870373608e-01
-1.096694024671682755e-01
-1.209737662493539645e-01
2.790813143158919374e+00
-6.113665801499124086e-01
9.809222060127442688e-01
1.260080665281453349e+00
7.078801641741687689e-01
-7.213041761506300276e-02
9.166732990115651347e-01
-2.373261280584904043e-01
5.832625697846101076e-01
-1.140364839406005082e+00
-2.008466432017375070e-01
1.479191558370432702e+00
-1.612366334557249647e+00
-8.497524544162349258e-02
9.447068515390979471e-01
-1.316589948307491653e+00
-1.511063341364530910e+00
-8.538715542806656345e-01
1.272116864806564607e+00
-2.934289004148853408e-01
-2.084987310958741347e+00
1.580983783189572556e+00
-6.872956035437258748e-01
8.473794445941198461e-01
2.488205436988630836e-01
1.525903699833373928e+00
1.390904234268979245e+00
-8.463176659271045565e-01
6.068749885660285059e-01
1.656673480208567639e+00
1.947412687446843371e+00
1.184529791318511549e+00
3.625953091133906625e-01
-1.972081172901277490e+00
1.085447608120071905e+00
1.087990433353180464e+00
-2.786281845435665261e-01
-8.862903129652721645e-02
-3.184755575998963195e-01
1.480803510620739338e+00
4.188826575228148386e-01
-6.358840405105246063e-01
7.315443893270767717e-02
1.002291841905062597e+00
-5.259704402983320648e-01
1.215816237633664088e+00
-9.414894108225668745e-01
-1.427738263566985744e+00
-1.082730946812009876e+00
7.193473569398358691e-01
-6.905531643047293500e-01
-1.375072368798502698e+00
1.481706042505415155e-03
-1.351235927783924762e+00
-1.598789126563435303e+00
1.771540071447645914e-01
1.598162352401697461e-01
1.693294339563975015e+00
-1.771385557022115975e-01
1.642485981333985379e+00
-1.407103513226370950e-02
3.706274979664456737e-01
9.558960648509806646e-02
-6.733566275237121701e-01
5.275191171555251302e-01
-3.383792972541490585e-01
-7.040831952748147771e-01
-8.940314132426641081e-01
-2.305790195965530032e+00
-8.199719481882166150e-01
2.535520990147901443e-01
-8.326046002864924134e-01
7.356354339053359226e-01
6.534833492067395611e-01
-1.296413397378628485e+00
-1.296300259613868633e+00
-2.745579597180038522e+00
6.556044650798114048e-01
1.408089319359332237e+00
-6.274817925322118128e-01
1.905279001866997390e-01
-1.579655007832169833e+00
1.576559820285696745e-01
-9.953087363639436802e-01
7.764973775646319964e-01
1.304995159105624580e+00
2.244913409938433801e-01
6.338554967915772664e-01
1.236292319990537791e+00
-3.404090794126668484e-01
-8.502831187767290189e-01
9.601922271078509041e-01
-4.588770082970308195e-01
-1.823457126543361895e-01
-8.918792422764667549e-01
-1.328167968752626216e+00
-2.922084230992005871e-01
-6.297096002953335159e-01
9.589352755065680967e-01
4.136392057904956232e-01
-6.916663606354331861e-01
-1.302905340285356317e+00
1.060418377074791252e+00
-1.338693190089086826e+00
-4.677685564620963632e-01
-1.462570927047450731e+00
8.326612531848471832e-01
1.637288184129335633e+00
-1.408663185186798117e+00
-1.722682753158387925e+00
5.819447104464181564e-01
-1.388223630318403234e+00
2.093459094427181810e+00
6.004376113285747607e-02
1.381962163557641787e-01
1.095036327868095682e+00
1.137490780770791687e+00
3.379513434106238279e-01
1.622597069474016607e+00
-7.748020203131851247e-01
9.919872908368878583e-01
-6.391385822278827789e-02
9.715423112184318200e-03
-9.351238658564096085e-01
-6.792609899456492073e-01
-1.137242145388046133e+00
6.233754462135907559e-01
1.226336516455573289e+00
-2.306196146942562031e+00
1.921573892686286200e+00
1.228296903825256692e+00
5.572096234412686755e-01
1.208884970595375030e+00
1.201615047353228327e+00
-2.396561951317934813e-01
2.194433835954384904e+00
-6.390410858925044124e-01
7.870281007187873712e-01
-1.726985831858110387e+00
1.195141196200548706e-01
-1.600129880593897269e+00
1.172437305390001683e-01
-2.881150319077863564e+00
-2.687743508793802860e-01
1.272874395330276798e+00
5.365653525339855179e-01
1.348659656638288240e+00
-2.627975901013504423e+00
-3.331230955830042362e-01
9.029910485718737334e-01
1.138634321952201489e+00
-1.357223791436279470e-01
-4.596700155626294304e-01
-2.685149376935624055e+00
4.182071341161250899e-01
6.538150386798946556e-03
-1.716926149792374900e-02
-1.642334897735225230e+00
9.818771377664656796e-01
-1.370104342093874106e+00
-1.884584933237578142e+00
-1.396914813994989402e-01
-9.976165633714364489e-01
8.801135961340653679e-01
2.218591122898780910e-01
-3.788044439750848369e-02
-2.726736114597763105e-01
1.675853652162405893e+00
-1.621552666395568387e+00
8.326196969011849802e-01
1.032808814930464614e+00
-1.027633231781110545e+00
-5.746422439853668962e-01
-3.935770804096829778e-01
-4.437052384263928673e-01
1.720726552355133165e+00
2.304792434581410809e+00
-8.754977337745630805e-01
4.565965258749118405e-01
-6.304978857585510355e-01
-2.119844106676952222e+00
-5.380532378395752602e-01
-1.777200873944080772e+00
7.115597509278979160e-01
1.034555410769661066e+00
-1.406943416311539075e+00
-1.541155073615652071e-01
1.200997976241515275e+00
4.150559552761219351e-01
-2.588306526917971695e-02
-9.914306533142713818e-02
7.454902737546511560e-01
-2.816929534160541593e-01
-7.212841577772097779e-01
-1.631282872450059429e-01
-9.332181005894728543e-01
-6.879011264852312735e-01
3.507428637757126211e-01
-6.123504974467062212e-01
-6.746597774979665729e-01
3.027122795160313018e-01
1.536767677113437536e+00
1.637221012960386801e+00
9.799404930560378091e-01
-8.908167724850954983e-01
-5.654212770858597636e-01
-3.187235235087815255e-02
4.540189947581030339e-01
-3.946805344251798076e-01
2.797001882996141831e-03
-7.166077915750168614e-01
-1.917799863622636103e+00
-5.296570934267066377e-01
-1.546327297328017103e+00
1.528956107992959446e+00
6.472902538424838426e-01
-2.881613571473381263e+00
1.097231133610028664e+00
-5.500001259833160461e-01
-1.154789766938367990e+00
-4.374773583853306391e-01
3.570399564427155781e-01
1.285797865437693588e+00
-2.110503794659841503e-01
-1.902122774592234222e-01
2.980984473022090242e-01
-1.663817700375109343e+00
1.084822033351384718e-01
1.627091344152336916e+00
-1.263104115746209732e+00
-2.578369538507354619e-01
-4.785984564144358799e-01
1.871201284339960580e-01
-2.415363276463348363e+00
3.870726059339908431e-01
-6.171182474005361129e-01
4.437776822463348481e-01
8.577865514583500328e-01
1.358987177283424330e+00
4.278663286945219468e+00
-1.210579006226273346e+00
-4.251663862209600353e-01
-8.027103946698517234e-01
6.250497105013330668e-01
5.907724032500292211e-01
-4.892013673681150365e-01
4.646849021802346158e-02
2.098099379586400026e+00
-1.920835486933452074e-01
2.389629669189017314e+00
-1.597488903412160877e+00
2.729603452493432059e-01
1.554333962736135888e+00
-1.826299944807587838e+00
-1.343201960996878164e+00
1.759592050920128159e+00
2.014103424091588934e+00
1.039300105285700937e+00
-1.726885380019584915e-01
7.509945217813429608e-01
-1.078022873691546923e+00
-1.568116190662038889e-01
8.162758341662579298e-01
2.603287189483026509e+00
1.221170427144092407e+00
2.383923469495212721e+00
-5.004701721711590778e-02
6.605871176403352862e-01
1.305883425922056418e+00
-3.615663454396331744e-01
1.501779282587145659e+00
1.300112688805226568e+00
-7.236010765122369293e-02
1.351315909503178148e+00
1.686105417471273071e+00
-1.999183503718728883e+00
1.652790400383095104e-01
-1.582403886038747487e+00
4.304926718434876065e-01
-7.605827709835297767e-01
-5.953953783090568663e-01
1.643250637395201608e-01
-1.326633773935198768e+00
-2.143540807293253359e+00
7.650443600162626367e-01
1.053741859625857202e+00
1.107114607879054802e+00
-4.460920598638065115e-01
1.351132187648849126e-01
4.104304953933475275e-01
1.327941492060684681e+00
-1.250526243716887365e-02
-8.779013474231218694e-01
2.384108855641531299e+00
7.243680854397744895e-01
-5.029140991338421074e-01
-2.185992209826279620e-01
1.478471964062906707e+00
-7.094314737280695837e-01
-1.259833430790255893e+00
8.810527194625841219e-01
-6.082259653205834837e-02
-9.420656403378213639e-01
7.958169546427669161e-01
-2.383737594841591978e+00
-4.552561191196025092e-01
1.671223767205834321e+00
9.897520556329375552e-01
1.571940104918723158e+00
2.173702066555698309e-01
-2.882844577454595214e+00
8.788217149928225780e-01
4.723349821134767978e-01
-6.113045474090270659e-01
-2.690697966685702269e-01
-8.365677008611438481e-01
4.841405836073402469e-01
-5.641889618667015327e-01
-6.845844509645004905e-02
-2.499118001497375730e-01
-5.498501244852267433e-01
-1.707023031741445873e+00
3.107033750777254966e-02
-6.868295645394955073e-01
-3.071127707087146774e-01
1.668086372261362804e+00
-1.305935145239335071e+00
7.725425550997968571e-01
-1.369196351303854087e-01
-9.828399690754441309e-02
1.934353458376332213e-01
9.753073691897284903e-01
-1.524280754595212617e+00
-3.900510879980068069e-01
-3.087849426128248531e+00
1.193571354664030082e+00
6.408695079005415352e-01
-1.880118615391839665e+00
-6.977040668185958694e-01
-1.618107876710753956e+00
6.802758821892531671e-01
9.150368960275443442e-01
-4.327250371823740949e-01
-1.831307779203897645e+00
1.019892197364242747e-01
-3.728090967121318045e-01
-1.010353226085768164e+00
-1.616894063915674806e-01
1.811077166744680333e+00
1.010334599222055374e+00
1.411815342716802313e+00
-1.617846345538127562e+00
6.411535140029727131e-01
-1.651311938641074839e+00
-2.803986068854475988e-01
8.791059500912101754e-01
6.112647506019222021e-01
-6.739228698148025387e-03
-1.290131916201101347e+00
3.476921127541370282e-01
-4.350188462779787102e-01
1.259106216602491557e+00
-1.556996714752022726e+00
1.248653207991143432e+00
-1.433971667210076628e+00
1.785110136181318197e+00
1.275173680699397849e+00
