-9.322890331365414340e-01
-9.131204025460437634e-02
-3.095994926002854086e-01
-2.119184654918500055e+00
1.833519612798344411e+00
2.112803390821238025e+00
9.640410303223987398e-01
-1.371713024437468675e-01
-6.047900356261557420e-01
1.583879496917051100e-01
-7.096292325625652708e-01
-1.032323411219766118e+00
-1.020589555834713558e+00
-4.772081533305438938e-03
1.372590279660391488e+00
8.914497608571458898e-02
1.233477478469477973e+00
2.143392635310091165e+00
1.182572975416819716e+00
2.174706155325193180e+00
9.640295221196009123e-01
-1.666673558174033509e+00
5.042788488968898974e-01
7.815862845984691276e-01
2.072565678250519738e-01
2.287001967171442551e+00
-1.086558204428043073e+00
1.295814246614048315e+00
-7.879265542300011305e-01
7.257305358086849623e-01
-5.607398807588204193e-01
4.017188955207240397e-01
-8.528757429465727569e-01
9.523136640061213853e-02
5.705634078954098243e-01
-1.489408225901821758e+00
-1.567542387884557353e+00
1.294353773966906651e+00
-1.091817988686613283e+00
-4.489694549495126807e-02
6.637938291858391793e-01
9.270491090807766454e-01
-2.307896547760153183e-01
6.025277858356012928e-01
-1.419371338142617844e+00
1.082213004798404654e-02
2.909833621200430542e-02
-9.119163055606289703e-01
-3.211687951336328339e-01
-8.272662332541314001e-01
-1.819257860609393429e+00
1.784601948919071646e+00
6.145773577509983099e-01
1.761205210840055102e+00
1.307254821532294997e+00
1.864274692549048318e+00
3.354114534016696680e-01
2.148370824937906320e-01
5.991557773017426314e-01
1.089023719866959894e+00
1.915255519455035582e+00
-1.007631450745052337e+00
-5.578226913079209481e-02
-1.047650363868650736e+00
-1.432726524646236843e+00
2.835419275908641623e-01
-1.221949916570059802e+00
4.973370460413750749e-01
1.500435758854868240e+00
-3.694193791018722806e-01
-8.639786290708322269e-01
-1.402584535302295876e+00
-4.291375451826722198e-01
-3.072822986405390644e+00
2.546926180394537553e-01
-1.706984580132884233e-01
9.859017299191741301e-02
1.388622690923782876e+00
1.953261359475142456e-01
5.035750137973007412e-01
1.688091691531479199e-01
2.155018008985374323e+00
-1.226410771436881930e+00
1.050519611699378686e-01
5.681450787373032441e-01
1.270108483626511742e+00
1.184401457454260509e+00
-1.712919307842504235e+00
4.650776149877566823e-01
-4.495715366490742326e-01
2.673332395215716417e+00
-1.307687175032292703e+00
9.160612151008873383e-01
7.480043130899884929e-01
-1.355983220720334170e+00
-3.755880362241947878e-01
4.175144264824002249e-01
-6.238796181889973980e-01
5.082943759313085508e-01
-1.923860044406096481e+00
1.334292970831078229e+00
1.351418004395025463e+00
-6.483720815863804887e-01
1.026600224380916693e+00
-1.039493055889131323e+00
-8.976809635135847287e-01
-1.438795781835546794e+00
-2.112244778113456789e-01
3.553131880012685428e-01
-4.927352428518823046e-01
-1.285132031625177973e+00
1.121508001381448238e+00
2.662614851032270025e-01
6.520698415098706846e-01
1.279559502944534799e+00
3.806872560875458333e-01
5.701626764795442170e-02
-9.971694880350039369e-01
-2.830305394387320206e-01
-4.028600849810484164e-01
1.316354468509642217e+00
1.784560010657697759e+00
-5.290464420263614187e-01
-4.717803142058194510e-01
-5.066203543651717212e-01
3.989951957642148272e-01
1.670751681182078840e-01
1.178487428521817648e+00
-3.088237094915724512e-01
-4.826086521805539320e-01
-6.499514137843753758e-02
1.595320143270058111e+00
-2.051646826372151011e-01
-1.576754221063783046e+00
-3.604712666616016747e-02
-1.140731614071537336e-01
3.085015552591237054e-01
-3.145185055962724352e+00
1.796133282537056175e+00
2.714157076024967807e-01
8.371557137684320082e-01
2.661718318690802221e-01
-1.262480320381563992e+00
1.058944316239153416e+00
-2.823429955355312160e-01
5.456667997012001337e-01
-1.622391321903526862e+00
-1.439237211563289875e+00
-9.251785564498247183e-01
5.476228218658905078e-01
5.855302408955971316e-01
2.040237794713757324e+00
-1.236202167313160682e+00
2.130793284563340606e+00
3.375868609424905742e-01
-1.023060486814406644e+00
-6.931382134725803112e-01
-2.249571116331852139e-01
-3.665721384859290666e-01
9.065557732348485942e-01
-1.424826447134757146e+00
-4.334067138080097692e-01
1.344145786762691586e-01
-7.605474412718136179e-01
-1.486897638431308621e+00
-1.279398357564164534e+00
1.375355728735023320e+00
-9.121192804988478287e-01
4.076120667632920913e-02
-5.593533887397859061e-01
-2.393800669217611699e-01
-4.692326092494267797e-01
-3.802673856058680357e-01
1.481743011953550848e+00
-2.418851020710507171e+00
1.538380388552611500e+00
-4.623413121733364051e-01
-1.006276515491408396e+00
1.462110039224519653e+00
1.066502632711587850e+00
-3.371037821931457401e-01
3.714252924787420085e-01
5.864295429143773219e-01
2.709950845722639556e-01
-1.386638333081110730e+00
2.775481347335766458e-01
-1.697388671106017100e-01
1.357089832232705184e+00
-6.786571514998742671e-01
-2.961181344352104006e-01
-9.074582185648196742e-01
-1.185314211731984813e+00
1.021749619701362022e-01
-1.469010130854924157e+00
9.288752784289941999e-01
1.440093432243156002e+00
1.753938151159770698e-01
6.596490752065005125e-01
-4.552319612867945509e-01
-3.373274271806963043e-01
5.277120535547688007e-01
-1.365798444642534193e-01
1.280840242602866219e+00
-7.620521482151803028e-01
-6.481911648679892224e-01
1.263861332637324253e+00
9.063912291348676931e-01
-2.060136917042333593e+00
9.055902250407985576e-01
1.248940192679542704e+00
-1.242101701065421615e+00
-8.102333374079631056e-01
7.067044174714931515e-01
-6.619502109437975790e-01
3.822544147837350081e-01
-1.085685782094060858e+00
1.057324081670943272e+00
5.660312244553367123e-02
-2.287995768868480440e-01
3.390600959803391490e-01
7.596097868105022854e-01
1.317867332562110860e+00
6.834273312930951860e-01
5.736402282675445718e-01
-8.141790038988698797e-01
1.677832087150420648e+00
-4.827325313421280129e-01
-1.423371375088167134e+00
2.075499458471820269e+00
6.479048193131013988e-01
-9.911267757411579282e-02
6.880549360669760972e-01
1.109006501497278308e-01
-4.688778667475732576e-01
-2.136897707227818799e+00
2.182202776853889858e-01
-1.136824408763344341e+00
-1.974523520562864842e+00
6.687774424073946733e-01
5.619522758422581532e-01
2.075875982431377942e+00
1.614377298218361290e-02
4.951693592605526106e-01
-1.930882023396569558e+00
4.110724583789089337e-01
4.571169775934809110e-01
1.103082530472594414e+00
-4.443464465239124195e-01
-4.471323562556790421e-01
-1.478285391230671486e+00
-1.767581180785843031e+00
1.655376118906527694e+00
1.687613731345480872e-01
-2.271903906230852144e+00
-8.923165281850753416e-02
6.347072941059934692e-01
1.175202141659815069e+00
2.138829256007994672e-01
-5.965291204876335129e-01
-1.978021258240963309e+00
-7.051829107879532543e-01
1.919962764846616210e+00
8.445835091711728637e-02
2.254376033606426688e-01
-7.687321469677534935e-01
-5.027937437368086293e-01
1.178145871576449011e+00
8.877775856388945286e-01
8.772241808081338021e-01
-6.521777085500719551e-01
6.884128314864588205e-01
-1.232098722248835543e-01
2.413329867865687817e-01
8.342689189956518092e-01
7.266211015988019994e-01
-1.117829169050479354e+00
1.792433197054258187e+00
-3.074029376930358382e-01
-1.066473068473359653e+00
-1.108166493495818639e+00
-8.389581025544909920e-01
1.723722025849334649e+00
-1.655841072148565019e-01
-8.041751236753018617e-01
2.388310389076941931e-01
-1.664140554378190640e+00
1.279073771843741270e+00
-1.343772000197671623e+00
6.991677865120005109e-01
-2.764592349154018081e-01
-4.544579125340995063e-01
-3.052289650451793790e-01
-5.366812144815913399e-02
1.344468943587874499e+00
8.841746219992128175e-01
4.729582313811784289e-01
-1.459856231080499889e+00
-6.401399352534156151e-01
4.679959899209382712e-01
-9.719592821892275580e-01
-3.648557552630036227e-01
-6.487585791316528017e-01
7.241559231574807853e-01
-1.451228150597082767e+00
2.647895208857560689e+00
1.083467199251825441e+00
1.596432209170981054e+00
4.599993705739349181e-01
-9.946085133643434162e-01
1.975486281852294468e-01
-1.028329004579108918e+00
1.289844459445729896e+00
1.030472582150162353e+00
-5.412300271560708254e-01
-1.839245086532841356e+00
-1.149279777663356761e+00
4.644111781270208184e-01
1.090379735041153708e+00
6.662190223190034288e-01
-4.751170415454710749e-01
-1.088357940883595720e+00
-6.148141130194675341e-01
-2.129765275504692745e+00
8.339116386990443885e-01
3.915165557194590917e-01
-1.390435118604341547e+00
1.696905496604053987e+00
1.626838042498411241e+00
4.629434123764237796e-01
-9.409382086547832813e-01
-7.130076501119040344e-01
-6.749229077314780056e-01
4.313694400656009620e-01
2.672193398568536438e-01
-1.298655246343491942e+00
-6.769279224210826840e-01
1.225875782807319681e-01
6.590738173312047365e-01
-6.854225263059268158e-01
1.071159301666960495e+00
-3.326113883869865617e-01
-3.236430498778659626e-01
-1.932958410244326686e+00
1.033344778496085858e+00
-8.433730448603427021e-02
1.024670178101971807e+00
-6.747440125655872478e-01
3.302991173805356340e-01
-2.051912596595393268e+00
-1.014517787210733601e-01
-7.478537532049767123e-02
8.983272377504611939e-01
-1.800302340797619305e+00
1.680256304126181988e-02
-2.054020541379539821e-01
-2.438916343275732146e-01
-5.440984145364513580e-01
-2.335412389188871174e-01
5.423105421519984759e-01
7.970836019143590079e-01
-6.387190374409996707e-01
2.031252095758548926e+00
9.212469049884841610e-01
-1.547805192280367503e+00
-1.038866373076502647e+00
-7.163595233124366857e-01
-2.550148507654910190e-01
-6.698226038042678354e-01
6.633824351439390199e-01
1.681970492093047831e+00
-1.250439375092442518e-01
1.692093673132506026e+00
1.474624382525567157e+00
1.272044210249544172e+00
6.321448312156352500e-01
9.039717694167244133e-01
5.419415247415848569e-01
5.539485353012052471e-01
-7.265634320366975984e-01
1.297829752001549153e+00
-1.174617646963058704e-01
-9.172776655471324148e-01
-9.491495228201545231e-01
2.304050033804641018e-01
6.163612531396118754e-01
-4.140338940882060115e-02
1.118791030361294681e+00
-3.514660777660409963e-01
6.833330815127087732e-01
-8.192984901571147560e-01
-2.542494596446442046e+00
6.532605469662646769e-01
-9.733177845260199135e-01
-1.760157060620053393e+00
2.012728071708345112e+00
8.044216546188209804e-02
9.685735160469892691e-01
2.233498640082196118e+00
6.599998211069815213e-01
-2.629446341758443495e-01
-4.038990314723100994e-03
1.758844961298065002e-01
-3.757904379119825222e-02
-1.602091253741111387e-02
-9.467131607695282725e-01
1.163955568792365725e+00
1.457014907109249968e+00
7.928404738288827858e-01
-4.309206850532651956e-01
-1.775475143058326655e+00
-1.779551113551595787e+00
-4.260178246827015514e-01
1.495928900280740770e+00
-8.950378731951946776e-02
-1.207080190462997749e+00
-1.967987395317689625e+00
-1.034664211728095307e+00
-1.193167807793653612e+00
-3.095791286716784718e+00
1.320395933409930223e-01
2.203474148834132507e-01
-2.852083483005731779e-01
1.581702723248312736e+00
-8.144625553662887540e-02
-8.014005964055481712e-01
9.144232269064467289e-01
-1.681907773608424250e-01
-1.484546667032437206e+00
6.837881918678299087e-01
-3.045469071768280855e-01
-1.019752332116525828e+00
-1.989299460241917394e+00
-5.197660731672213430e-01
4.397115726248497225e-01
-1.471299073816254577e+00
1.808538190284707525e-01
3.696392918063278188e-01
-2.923534438801285162e-01
1.280599180130000292e+00
-1.737020162064526474e-01
1.594453642523603776e+00
1.013866250625897969e+00
1.019002937729243108e+00
1.343368128146273932e-01
4.576961466415738755e-01
1.366178376147186846e+00
2.016089408636418945e+00
-8.584469977894890746e-01
1.001391956209005230e+00
6.707379151745715973e-01
2.267643385303852455e-02
4.536826072537412102e-01
-1.150252574457806265e+00
-4.883190578618012978e-02
-9.728386846774039753e-01
2.848225435163254105e-02
-4.491097809425763643e-01
-3.898718138916166254e-01
-7.890064128504992169e-02
-9.323473161447717317e-01
1.358818368038812174e+00
-5.539537690032219075e-01
-4.190636564571361689e-01
9.630513128400508549e-02
-2.545237346875106610e-01
1.071704776086481736e+00
1.167142567995710145e+00
1.144518336951286130e+00
9.841211459129262096e-01
-5.012205480125917489e-01
-2.097676351249377458e+00
-3.547519534004113240e-01
-2.220330818660443128e-01
-2.223325970201175394e-01
-9.294899845395230287e-01
2.310273538331975018e-01
1.768426647639673277e+00
-2.420912137158469868e+00
1.676673677996801892e+00
6.898907191985292897e-01
-6.896736867998649601e-01
-4.720625328969800805e-01
1.048695915242149113e+00
2.722837314249826335e-01
-1.347774342534058700e+00
9.054362254084349360e-01
-1.621765790876974478e+00
-1.644023597962917194e+00
-8.744698581845558039e-01
1.832851346908570989e+00
9.328138689495526492e-01
3.570899550965158653e-01
-1.948991663279633357e-01
-5.940294559755088244e-01
-1.967613541733777005e+00
1.246075353367384508e+00
1.019301470129052589e-01
4.896890716426991474e-01
-1.444364022336523057e+00
-4.990252438659386058e-01
1.497651262516621173e+00
-5.329651721390291641e-01
5.316588804001822766e-01
1.492107839731191987e+00
4.611555780877303334e-01
-1.136634417752494741e+00
1.050231455342483855e+00
1.875804597658077277e+00
6.440360749883033975e-02
-8.284567474063431192e-01
1.985347931649550368e+00
-1.598246653243384774e+00
7.005283584725274793e-01
