-1.565521481613769250e+00
-1.468567751099156826e+00
8.841297016788907115e-02
-1.758807365847320447e+00
2.515673906763282730e-01
2.074227144027751990e+00
8.853965388788864743e-02
-6.559988475240565720e-01
1.193328514989472566e+00
-7.039079013074989177e-03
-2.255171967226869967e-01
-1.647658216624445782e+00
-1.102953469607706349e+00
1.849474592837001552e-01
-3.802138467457671922e-01
5.269555360591482440e-02
1.826551719674990082e+00
2.698834898719529640e+00
1.698459626643138876e+00
1.290547013096747797e+00
1.802423395502033010e+00
-1.565157433836058765e+00
-7.070332495551250318e-01
1.741569442472618690e+00
-1.138553678236799982e+00
1.423321679954399954e+00
1.957994720215339157e-01
2.320752522556438713e+00
8.373860507557306931e-01
5.335094864015257343e-01
-1.613213182928641132e-01
5.013556911802741212e-01
-2.246326939921797994e+00
3.431878928177134469e-01
1.750911176968937610e+00
-1.077165215068445647e+00
-1.988631143887760633e+00
1.012567865910998677e+00
-6.944898381717177216e-01
-5.532782695798790229e-01
-4.732408233080782622e-01
-1.591235794994236841e-01
7.443549191322595959e-02
-1.689016024781100356e-01
-1.699872348172010383e+00
-1.248211948340906652e+00
-1.202644965810346633e-01
-8.500535457018862928e-01
-3.884330943228491151e-01
-3.303753534585771590e-01
-6.553114601565717123e-01
2.736656050059135481e+00
-4.201909254496234425e-01
2.210147913639333161e+00
2.728452188834543435e+00
1.176846511620883717e+00
9.416634520134081754e-04
3.117808899119678401e-01
3.449262382173676755e-01
4.265680520424810496e-01
8.070624856781822842e-01
8.795835840505361602e-02
-2.905071845971551880e-02
-1.288853106599929355e+00
-1.637568608737050901e+00
-7.214261895434841421e-01
-5.948835851983886869e-01
4.611282685092445988e-01
7.767856496898719598e-01
4.178170588348262271e-02
-9.178846996952358950e-01
-2.178892813735346934e+00
-6.963936806428172588e-01
-3.441848722546914541e+00
6.087044750539511995e-01
1.029322334548767870e+00
4.635660576515459042e-01
1.709369516106642450e-01
1.539856134220274342e-01
3.159956277955666692e-01
1.213895366130408604e-01
1.879056680715301297e+00
-2.245699939236392328e+00
-9.351013427032093261e-01
-3.814965653166177972e-01
2.388298467027800243e+00
1.205184942879540699e+00
-1.828335685430062085e+00
1.291651108053244457e-01
-1.049472740365536616e+00
1.746953050989676903e+00
-9.790775186839519861e-01
1.165145126294558686e+00
8.943996127918687478e-01
-1.814381211702347230e-01
-1.608797287362988992e+00
-2.129982402473400427e-01
2.892283059303766279e-01
7.355309703505295005e-01
-1.032873678411966090e+00
2.213208328061776697e+00
2.401737034020755779e+00
1.295122930722056864e-01
1.206896337884433734e+00
-5.949637763462263251e-01
-4.519410199399906958e-01
-9.196713056670082764e-01
-5.657098652579675147e-01
1.826106323245539897e-01
1.619044371107181135e-01
-1.142553346694374472e+00
1.418688780779299385e+00
8.076596153840887027e-01
5.862793546518920706e-01
1.446552203465468978e+00
-1.806516735707024424e-01
1.580160458191652850e-01
-1.948866719506935574e+00
-8.504500919240864931e-02
-1.378257312684895375e+00
1.394563909230059906e+00
1.691170733914379554e+00
-6.231036799145686089e-01
-8.182835919386857171e-01
-6.265638602916236977e-01
-8.022624981522064047e-03
3.533768398244117037e-01
6.721509786493591321e-01
-9.735902454840470455e-01
-5.480067027673953817e-01
-2.725606679364522833e-01
9.991537707392872392e-01
1.569089233117164639e-01
-1.975516693427164405e+00
-6.425406433405358442e-01
-5.069127775597594976e-01
1.018895460821660492e+00
-2.453511016701290792e+00
2.041614942206589234e+00
5.942189931634072053e-01
9.123625343798735798e-02
1.464080841671346889e-01
-2.488844108380002140e+00
-1.176513516189254815e-01
-5.328057059277924168e-02
1.611995130021859346e+00
-1.367369013981043491e+00
-1.357751450460026987e+00
-1.364116095425006669e+00
7.579957328937778627e-01
-1.734603004340309340e-01
1.553875798363542060e+00
-1.552773532534624579e+00
1.666605453030117090e+00
-2.037337839395281236e-01
-1.195143022077516104e+00
-2.213613581725901724e-01
8.919313598738565219e-01
8.907129607049011355e-01
1.147038611231495864e+00
-1.462493308997192543e-02
-1.631755821438805487e+00
1.345398718530695703e+00
-1.645823773089267750e+00
-2.191385881675176339e+00
-9.841027566389426440e-01
-2.853832648622756096e-01
-1.748587199043984963e+00
-8.768307884809587449e-01
-7.012542749928876162e-01
-7.007065241904619768e-02
-9.557170699248738188e-01
-5.566219946804906726e-02
2.903263209492368269e+00
-2.355480900757784823e+00
1.220616019688847587e+00
-5.555806293821374808e-01
2.267096726557387143e-01
2.121587618803987496e+00
9.302406266626057629e-01
-4.919034655550920121e-01
-3.728564649416030718e-01
8.318045795203552473e-01
-5.248364775269198645e-01
-1.546138213274473650e+00
4.034196729829622186e-01
2.868693400555510920e-01
1.853107507099346130e+00
-1.373886738799373397e+00
7.244723178041994061e-01
-6.309575101624318449e-01
-1.762836987897743235e+00
-1.260042626133167865e+00
-5.784952485251988463e-01
9.704836889221999385e-01
2.024758793558284253e+00
3.692160338163237299e-01
1.174825310888545360e+00
9.037341874973403577e-02
3.445317138207970586e-01
-7.228734673364041186e-01
8.370210278939760329e-01
1.591474923528791052e+00
-8.123677445551322762e-01
2.700609205831678850e-01
1.643818090468624149e+00
1.065251728829292865e+00
-2.019223455460254613e+00
2.808013752298457177e-01
7.829277703335257854e-01
-1.193385390008291580e+00
-1.248031948188952356e+00
6.551170062837812225e-01
-5.026368548162150063e-01
-1.964375818320407419e-01
-1.165587406993543240e+00
5.610009773180468784e-01
6.228012510884557429e-01
-4.311401067010320887e-01
4.207644182626939511e-01
1.657132796309470635e+00
1.619530724106366115e+00
1.657008971547160314e-01
-7.365794948007975407e-01
7.276586797867921064e-01
2.406723472078833304e+00
-1.346817433326670255e-01
-2.557620067684609477e+00
8.135793545563334561e-01
1.074507088848577041e+00
-1.699898324595991994e-01
9.425037666758147026e-01
1.576715498669378768e+00
1.961442646259081712e-01
-1.434101121827138225e+00
4.773708492676131954e-01
-6.239482708038446290e-01
-1.159446240511258885e+00
-1.614040871491280171e-01
-1.128284476536391523e+00
1.767037544236328195e+00
9.794943905415927077e-01
1.611124551227360868e-01
-1.575886655371043776e+00
-7.802173574210238272e-01
-3.370845111334919153e-02
1.101405100164747353e+00
-1.072230953793376074e+00
-7.403320873831580329e-01
-2.109251881171587684e+00
-1.203980607431953676e+00
1.467245462806198830e+00
-7.783669504808967687e-01
-2.026389834006636637e+00
-3.000469316657738972e-02
-1.203303531400772286e-01
1.049181798882738548e+00
-1.238781997547360625e+00
1.210553607241924290e+00
-1.965440296844171986e+00
-4.126602573360536041e-01
2.566637494067665060e+00
8.711071725796912801e-01
7.976227242760529634e-01
3.168744539477934552e-01
-2.075845428589591091e+00
1.534219271224119829e+00
4.709535635088357708e-03
1.933970894349908320e+00
-1.927813605149922616e+00
5.955746992457680022e-01
-1.674365433590985219e-02
4.379542418278976612e-01
5.636856578973485910e-01
6.299163235332017052e-01
-7.990225942145237070e-01
2.046037582070979965e+00
-8.859531589519704653e-01
-4.799632573022485360e-01
-2.596639833413361131e-01
-7.394141333243489100e-01
1.578033715570517970e+00
-2.064865267042215180e-01
-1.381253046314467436e+00
-4.775162723182369007e-02
-3.378030267967311318e-01
8.428544733233636066e-01
-4.203299223839707111e-01
1.000726473808885686e+00
-7.341281136047452804e-01
4.766777065645637634e-01
-9.567936463181467843e-01
-6.228049475303674143e-01
2.226116126223624647e+00
2.773887317165693034e-01
-1.725978303780184575e-02
-1.927982368923476741e+00
-9.761766636006328213e-01
8.201436716033452257e-01
-1.590583292540545202e+00
6.134448620190013912e-01
-1.866561251804514043e+00
1.271571265876962009e+00
-1.128945362558057219e+00
7.688863095716804708e-01
1.143761916442873172e+00
2.141130849619345966e+00
-2.863323899905330094e-01
-8.278320659150848471e-01
6.498697816143224060e-01
2.694191905415666000e-01
1.890984180476245058e-01
6.506992135289575430e-01
1.200425733799015404e-01
-1.914275558025488877e-01
-1.905663846014609142e+00
-2.622549288043174442e-01
8.347127429801668441e-01
6.563153576889488861e-01
7.050269245304496835e-01
-1.580086342047780867e+00
8.955401420359887510e-01
-1.810754381267033253e+00
5.780910458054080436e-01
-5.543724619743741755e-01
-1.016395353589334416e+00
2.190549218633655926e+00
2.043943319196390718e+00
4.960107245893086159e-01
-1.207558332727485251e-01
1.445143207784358452e-01
6.628974606699111760e-01
4.807823113587863517e-01
-4.101244366770497862e-01
-2.072581698958739782e+00
-2.152848335662078672e+00
-6.744517860681042976e-02
9.923993249279217110e-01
-1.182986535417110296e+00
9.603556335799012800e-01
6.333704533065382947e-01
8.323348603086273556e-01
-1.384274739946234511e+00
8.576552870635678616e-01
4.513340816220878793e-02
3.969303215914070648e-01
-9.901573401245018502e-01
-4.111975396713756226e-01
-2.424501759555206970e+00
6.379246593012091182e-01
-9.094865428318170686e-01
1.049303080700063617e-01
-2.390843620119073698e+00
-2.534555698105291910e-01
-7.654487554509694647e-01
-4.798728614594445219e-01
-1.569699293279654739e+00
1.128950388856770459e+00
-7.608032442817505014e-01
9.227577007059162284e-01
-1.729137512530869447e+00
1.398916610766126389e+00
1.287338637807966535e+00
-1.766620665341218199e+00
-1.839612528972481176e+00
-5.743269953476337619e-01
-3.644510339257314158e-01
-3.827679870840672294e-02
-5.800516328701181834e-01
1.043310414154460020e+00
4.243885885833966753e-01
1.816956762835417294e+00
8.431825104758194911e-01
-2.132616057646510299e-01
-5.409217017140983685e-01
-4.162315668891833909e-01
5.535215438610290306e-01
1.418195883999571194e-01
-8.673749224101516830e-01
1.603881063329581913e+00
6.402528084375456174e-01
-1.381667249375186923e+00
-3.804652499934126908e-01
-1.834500995987954575e+00
-2.429635983948754685e-01
-4.012920830685740015e-02
1.341267685921929242e+00
7.913248815869007302e-01
1.504458211040910598e+00
-7.968006879954847577e-01
-1.113061466469896565e+00
1.576186173524356526e+00
-1.389177745502633066e+00
-2.053378094577853474e+00
1.996663064328981996e+00
3.809854934336467380e-01
-4.646372704979420121e-01
2.330641780421728981e+00
1.129453998466811271e+00
8.404689241862239868e-01
-7.959015256205947964e-01
-6.946339623306947431e-01
-5.897440427753357639e-01
-4.026469023019991766e-01
-7.948518719018640155e-01
5.999976515972083035e-01
1.785323445100553741e+00
1.350712301356518097e+00
-1.380597067819442803e+00
-2.356510807156157572e+00
-7.260583657244694678e-01
-9.340558172422017691e-01
1.917322311311817629e+00
4.828029499385175782e-01
-1.097206653885113070e+00
-1.940092464576379072e+00
-1.892841940010860924e+00
-9.836077823957198873e-01
-2.259166461319854324e+00
-7.928964269585412339e-01
7.079547011055016270e-01
1.632181515852062503e-01
1.077135886340633064e+00
-3.390653211170562287e-01
-6.070787911863648745e-01
-2.979094027834570113e-01
2.662734773970276692e-01
2.037947817570717746e-01
1.462210893904042130e+00
-1.575073940486584334e-01
-1.267889144314162220e+00
-2.383336008697912067e+00
-7.262977595060284841e-01
3.811481387552930755e-01
-3.215785941698729999e-01
5.124451209420675113e-01
5.671495151057648343e-01
1.350965837074946663e-01
3.133678903677672878e+00
-8.208023247303630754e-01
2.754589599806315903e+00
2.161526180783637230e-01
2.048230850975016892e+00
-1.079250692618707319e+00
-2.456842562386274409e-02
1.625135875513437078e+00
2.201794306614663910e+00
-1.356254887066064896e+00
9.432446394429678804e-01
-5.274558204386519122e-01
-2.385414688457920818e-01
4.330237527797766717e-01
-2.003350103624312872e+00
1.198093942047151472e-01
-3.516343395133727512e-01
5.359070210258245481e-01
-9.569869429745514466e-01
-6.212316625995502051e-01
1.029833717668112492e+00
-8.937358383434208520e-01
8.778198174721660862e-01
-2.246993849943787147e+00
-4.708575498834974837e-01
7.138297861555384927e-01
-2.281427805089339955e-01
1.793172047155307425e+00
1.274197523735186799e+00
2.555350650675602964e+00
4.912438050110443655e-01
5.493159577715589492e-01
-1.751365156022108849e+00
-4.501445888523232242e-01
8.473831174975359204e-01
-8.573405647715262035e-01
-9.448959780341379400e-01
3.758685789982223469e-01
1.201617349719253269e+00
-2.765260132877435773e+00
1.258534644365429500e+00
1.039960922193667869e+00
-4.813025208275476530e-01
-5.228089317201281006e-01
9.004944206709728505e-01
-8.850762264230649379e-01
-2.692825865077415948e+00
1.325074208214464200e+00
-1.521098816473386073e+00
-1.913292410692886580e+00
2.028289091715729242e-01
1.362718734647872409e+00
4.369128744142560805e-01
-1.852272201437905608e-01
9.488131697089761118e-01
-6.717328702657372475e-01
-5.296855657318744193e-01
6.768358785434767100e-01
7.535967677898156580e-01
-1.426678027427890072e-01
-1.213537865996126897e+00
1.135528044634780187e+00
9.635501335729435013e-01
-3.971335232893604683e-01
5.707605774427548795e-02
1.366312301539911900e+00
5.295109851175352489e-01
-1.825652603594390300e+00
-3.542710899949952363e-01
8.829799918430563110e-01
9.381588497442905350e-02
-2.567175774006047462e-01
1.322391011723665244e+00
-9.509504864363984566e-01
3.194911976957639510e-01
