-5.099376447189580830e-01
3.208709837933945153e-01
5.418566532292903304e-01
-2.959819595402084502e-01
1.554143866037264843e+00
7.386242101654874048e-01
1.803695400006200877e+00
-1.501144833991139294e-01
-1.770782252923863265e+00
-1.160433638261073597e-01
-4.266144200838342115e-01
2.178055017847659869e-01
5.438379884886934690e-02
-9.533909326126694950e-01
7.356370006761032698e-01
1.908514456882359767e-01
-1.052272654428998422e-01
4.612815392282065829e-01
-2.666472695783648206e-01
1.430009309749197044e+00
-1.230842644989352586e+00
-9.245742630425226594e-01
1.711086989058001606e+00
-1.232395387803294717e+00
1.157127052633097897e+00
7.561514857115181343e-01
-1.889772742479079781e+00
-4.540050086941249674e-03
-1.731378301370046557e+00
6.680503357316052160e-01
5.627360237326897163e-01
3.934828105654943897e-01
1.088134435482794871e+00
2.789324654617875154e-01
-1.294938289342679294e+00
-1.149151308303624219e-01
-4.518464330262492723e-01
-8.520517946316088498e-01
-6.814620556923181027e-01
-4.228791938848077692e-01
7.117394356685142753e-01
1.436654579647590246e+00
-6.112095286463237187e-02
6.753485045680074350e-01
1.113136690002995977e-01
1.310475799552259346e+00
1.874619518364806225e-01
-5.953649661762501211e-01
5.767343387399348487e-01
-8.702901658456028144e-01
-1.003538883458512387e+00
-2.760694366571234681e-01
6.061252008975595018e-01
1.032582693262902751e+00
2.765620909859203280e-01
1.362817075051243165e+00
7.313919475223675803e-01
4.109064587321684670e-01
1.686999993647289031e-01
7.935645118068599402e-01
7.115125294785151766e-02
-1.188101083228692900e+00
-6.880209381906086108e-01
-5.949011916910107445e-01
6.777670905114083766e-01
7.075255550177192987e-01
-6.997123552908117716e-01
7.923350699465565583e-01
-2.522323101117063260e-02
-1.459338174836438462e+00
-5.569917171622007501e-01
3.575276173004917624e-01
1.248910300799455086e-02
-9.837164864518737062e-01
4.800668105043630618e-01
-2.009371905829777649e+00
-1.209526343597033815e-01
1.038631989020817770e+00
-4.334750127702147182e-02
-3.865953623706435138e-01
-2.300918029386336272e-01
6.946895243167281464e-01
3.522894848519317890e-01
1.372519601614228257e+00
8.652074891483803043e-01
2.398103259527690767e-01
1.287628989493283527e-01
-2.813645334294001543e-01
1.406221664474022859e+00
3.319197060410727929e-01
2.764057596520563820e-01
2.863580517721677765e-01
-3.309982240837499035e-01
1.111719976649384378e+00
-1.118159556256545617e+00
1.526747980921002501e+00
4.875458467875590785e-01
-1.664225130016168119e+00
-4.284920651384336310e-01
-5.131123292929009594e-01
-2.310573554028048093e-01
6.630143244726918184e-01
-1.265839316856021135e+00
-4.885476194419791085e-02
-1.226174952279568853e+00
1.967359955529239812e-01
-9.818956579926885198e-01
5.731338206966016813e-01
-1.188433564697817246e-01
-3.085872953184329859e-01
-7.182574736194275999e-01
-8.255071659231614234e-01
1.085076261888611171e+00
4.683002153534010503e-01
8.588322680981752555e-01
1.093446062479555003e+00
-8.348450923566543835e-01
1.078920939762674891e+00
-8.796058375675777086e-01
7.618637166379871317e-01
3.302341747010926198e-01
1.134593072891615151e+00
-8.403052968594071359e-02
8.888886305565977253e-01
-4.986759213842173466e-02
-1.749962424309616793e-01
-5.344639925030696403e-01
1.730269614941613021e+00
1.752420059667949559e-01
8.673635332788087737e-02
3.405139626181394874e-01
1.378223936721944654e+00
-3.593536638168970399e-02
3.167117183850907125e-01
1.111135042834491493e+00
8.358636147241140790e-01
-3.043921762001913223e-01
-1.005168941360784274e+00
9.895294981479967333e-01
-9.946156634486058579e-04
5.505438586703323978e-01
-1.106020349826906113e-01
8.322823217572477006e-01
1.083073210596340985e+00
-1.229159096882590507e+00
-8.581433108753877548e-01
-6.633939814025273662e-01
-3.119255769935156408e-01
-5.959939995889023123e-01
-1.364439678030002767e+00
-5.778557969138020667e-02
1.949270685495633870e+00
8.469452471163485541e-02
3.823192420405323588e-01
5.260607338784577536e-01
-9.619246454249088529e-01
-4.076684120517510834e-01
-1.108245092133683496e+00
-8.662720666422876192e-01
-8.766728109981603012e-01
-2.406975355721290732e+00
7.300574150589742572e-01
-7.615940953388014023e-01
5.829391368939678131e-01
-8.158369661349968993e-01
-2.292481826624390706e-01
2.341219049798588969e+00
3.307122683400445240e-01
1.125336786366650799e+00
-2.916803484766727905e-01
-6.018535974258130139e-01
8.824377185995748718e-01
-7.174631009517264957e-01
-6.881096954280199185e-01
-9.566706708792507285e-01
3.062855973101381579e-01
5.074051695211858615e-01
-1.014125089414015246e+00
2.300187321515227978e-01
-3.718673784634418666e-02
-2.506478334048267698e-03
1.278231205939369453e+00
-2.688027123306380162e-01
7.337832006062843249e-01
8.862589318011746542e-01
7.866594520321310569e-01
3.865173077041541561e-01
-5.726666730131828587e-01
-4.512119627147619383e-01
-9.937987462549635609e-02
-4.645385205994312372e-01
5.527633149744737295e-01
9.598298994294598430e-01
-5.918198900215578817e-01
-1.700911527833071091e-01
-3.686203563022676377e-01
-1.689545125783625146e+00
4.086368492204197622e-01
-8.122433127997101820e-01
-1.014672477162128938e+00
2.297372123572265501e+00
-1.481107421648057976e+00
8.240817281165480068e-01
-1.256678855483794877e-02
-5.170307110546970009e-01
2.212967763265751842e-01
4.358395080750536721e-01
-5.101717917853960671e-01
2.747451627948027664e-01
6.241467816986538963e-01
2.252377809555383692e-01
-5.131452458925362947e-01
4.321404558701207321e-01
-9.460621125186818858e-02
-5.852618302825494112e-01
-3.473244046520669315e-01
2.308036358499538920e-01
1.869713147603837555e-01
1.440753229570654881e-01
1.013319358607844833e-02
3.357369283906717072e-01
2.573555383198176116e-01
7.569201656132396039e-01
5.584874264715109504e-01
-2.013388565756058846e+00
1.006013906433123495e+00
-1.542972483483540991e+00
1.074915491402999024e+00
1.227021316977202403e+00
-5.027117570215011710e-02
-4.938824653991717994e-01
-1.474464812575638994e+00
-1.679599433618463866e+00
1.149366034663650282e-01
-9.326614947036251380e-01
-4.255836930976988342e-01
9.907956452150568083e-02
-5.664527182006935391e-01
6.460319423061458011e-01
6.192649655845192669e-01
-6.558750412876346303e-02
-8.296973509868976748e-02
4.564378070255568076e-01
-4.004993709030166826e-01
-3.604293185504934272e-01
1.035522235489541032e-01
2.176046540507812210e-01
-1.066151052475827754e-01
1.067570901121369431e+00
-3.066399313681191785e-01
-1.829049296358085996e+00
-2.181857057252036824e-01
1.280557296657577560e+00
-5.725907367929590208e-01
7.809531104943463475e-01
5.302794261375565199e-01
2.525012969291484666e-01
1.006624972030976117e+00
-1.267934834443499970e+00
-4.522935863883317253e-01
-6.073440775183058804e-02
2.829398244833942755e-01
-9.074118556648329559e-01
-1.113362420438258837e+00
-6.192546088997863407e-01
7.859106290691109109e-01
3.352706666947113945e-02
-2.997842674362294346e-01
-6.075287766201160622e-01
1.753229569310477132e-01
1.126910432324503830e-01
6.417020477567447756e-01
-4.677856088207770213e-01
2.215562783700786298e-01
-7.015664496455364940e-02
-1.626278284554141251e-01
5.642354350335345714e-01
1.217837976000568645e-01
-1.033844803321867900e+00
-9.562945034118977006e-01
-4.482674151540440022e-01
3.614720901401637931e-01
5.173123194602435859e-01
-1.070709752368870227e-01
1.879714250267944919e+00
-1.212623680705378959e+00
1.162076694582832914e+00
-2.086371609515069725e+00
-2.383931339402387550e-01
-1.756503990848985453e-01
-6.855269567459423286e-01
2.618870516960729589e-01
1.187525452306756435e+00
1.174286299928795074e-02
8.122314081657364682e-01
-1.987486122668000732e-01
2.149953402079427534e-01
6.631784405139118377e-02
-1.101853163456011586e+00
2.237316503888608921e-01
-1.845472939911253718e+00
9.315594989316853258e-01
-7.614721549021901126e-01
-1.282585281539175170e+00
2.161773384564263267e+00
6.061968666196246858e-01
-4.322346246460408992e-01
6.675511500507447238e-01
-8.837307942893248836e-01
-6.616800198081724815e-01
-1.073824064926911070e+00
1.399619452192339075e+00
1.683508198611445295e-01
-2.511185602027842911e+00
-1.418921553600296370e+00
-1.048793964526222755e+00
5.980025175876235721e-02
1.533825443814473388e+00
9.498360876935318942e-01
-1.244301112302454548e+00
-5.111644002160176115e-02
-1.437315685466060700e-01
-5.686651998606500058e-01
9.036110487673045810e-01
5.310591400466133649e-01
-3.502517989543569854e-01
2.608593497931019911e-01
-1.007570885465495003e+00
4.119914063588758779e-02
-1.564549840269809255e+00
-1.067631298682529373e+00
-1.097801537835395358e+00
-9.157592405014680637e-01
6.545473847892777641e-01
-4.921543859303216806e-01
-5.886249179329716696e-02
2.088165355670668077e-02
-1.472379688514826146e+00
-9.636936346305624568e-02
1.107395735857337193e+00
-6.237504001545932653e-01
-1.584040457924481338e+00
-6.142387141076302015e-01
5.480076187109794716e-02
-2.545964577076320623e-01
2.475327560209317213e-01
-8.377109146166130671e-01
6.418508057386551613e-01
1.719197953126547773e-01
-3.858090415535500028e-01
5.104674309841241708e-01
1.285099004999343819e+00
6.010691810803994173e-01
6.834934898072972942e-01
-3.736444232056044257e-01
-1.241018716124941079e+00
1.862607210378310896e-01
-1.078501587057634659e+00
1.210083807658548949e+00
-3.226346649194953287e-01
4.012207456222913748e-01
-3.767453749071361102e-01
5.613138806886466270e-01
6.133425983073648169e-01
8.403483572637862054e-01
-1.977612729911637501e-01
1.651046337210075876e-01
7.759234590037431545e-01
2.032467202246557747e+00
7.053376180286319297e-01
-6.920312578687362048e-01
2.249850193745666971e+00
1.461684522221696980e+00
1.191570084659953288e+00
7.619325952701903049e-01
1.700315347886393269e+00
-4.068565301403985757e-01
5.535358176016069720e-01
-6.915248261907871452e-01
-5.292334464702559416e-01
8.522417816659455525e-02
-9.897618935456176104e-02
-9.033820071645424221e-01
6.990782492109950397e-01
3.621580449576331517e-01
-7.025624404520929289e-01
-5.378369389239914256e-01
-6.770625810159494051e-01
3.103800149177962098e-01
1.344978177188563606e+00
-1.492825740459847950e+00
-9.735567373970885896e-01
5.552761644786938788e-01
-4.260141976057809643e-01
1.876767309479312473e-01
-7.368380524435407253e-01
2.141806978707960774e+00
5.926470261190406319e-01
-7.433350424392646261e-01
-8.756288708172270674e-01
7.338114128436270533e-01
-8.645324624193264640e-01
-6.060258048084907756e-01
6.258134334647937891e-01
-1.286150441469544603e-01
1.759764538172690074e+00
5.808508353773902400e-01
-8.028264049770079680e-01
-3.851859330324964859e-01
-1.663489706384888578e-01
-1.682070330782472478e+00
4.795005545070285535e-02
-1.132226590152134449e-01
-1.413716870278403093e-02
-1.051459482584296445e+00
-7.161004513678062011e-01
-2.524730322178037056e-02
-2.584269742943554604e-01
-1.674645488896712830e+00
-9.620180154782431714e-02
-2.985376564388149134e-01
2.573315578054602426e-01
4.598637454607068520e-02
1.984690727162412571e-01
8.646677362278918366e-01
1.717873672805916740e+00
-1.179329501824266213e+00
-2.136991398991983537e+00
-7.409056227271291206e-01
4.279074367025881287e-01
-2.237929543305376967e-01
-2.747356031708454438e-01
4.794966164439982137e-01
9.030657385207732091e-01
-1.581220816345322966e+00
-3.807022036052032377e-02
1.609517032507099543e-01
-9.901408700038274446e-01
-9.271504058560884332e-01
-5.301691400760422113e-01
-1.053604411913494410e+00
8.965340385559965597e-01
4.708352007562570662e-01
7.893996893865828923e-01
1.298351541912796669e+00
2.770586355955986235e-01
7.619363198341204679e-01
4.538844214344077699e-01
3.147940513374933857e-01
1.367969668029136443e+00
7.322093048851572306e-01
5.529574123037477307e-01
9.712668766582313040e-01
-1.872498060197615999e-01
-2.840128318918733186e-01
-8.124693134937466255e-03
3.451167994367096981e-01
-2.134591384931709968e-01
-4.420312191737707508e-01
-6.525065166656309756e-01
9.521919225498844952e-01
9.098206181499861600e-01
-7.074814747118933767e-01
1.073382224214427083e+00
6.327134020630946765e-01
-9.226483772845348597e-01
-2.780919422114536133e-01
-6.136316128549870186e-01
1.535707447418719340e-01
-2.833128915287783656e-01
-1.323919147052388112e-01
1.969596060055902598e-01
-3.207236488588502965e-01
4.666321228976153535e-01
-9.867943815714168565e-01
-2.055181554793676924e-01
5.016077556690312633e-01
-2.845566120390312648e-01
1.340928554288068675e+00
-7.396806648793932126e-01
6.287644290835903149e-01
-1.247025870350295662e-01
3.978198830411745490e-01
1.719124972890995195e+00
-1.628906204995130835e-01
-3.335188968832962786e-01
-6.420191153097745129e-01
8.551517199146054793e-01
-9.080543623134014197e-01
8.202638724632116407e-01
-3.768830254186594786e-01
-3.847965403260360517e-01
-1.520806774166500119e+00
-8.387399155214136925e-01
-5.836717730054221676e-01
-5.207936237083439224e-01
-6.258225918029616253e-01
8.452756256511371191e-01
-7.476362169629870991e-01
-1.832656312241660590e+00
-1.848342527529904800e-01
-7.622037291426391192e-01
-1.038378429389886115e+00
8.564710272233870825e-01
1.087623909368744535e-01
-7.551082940205073868e-01
1.937670310510844374e+00
6.492875977978371793e-01
1.059674456249615204e-01
-5.733020381085385253e-01
1.405794819796942541e+00
-1.068750141960653544e+00
7.814865067088110351e-01
