9.531118915846414907e-01
8.639172300523059178e-01
-9.948095765381772537e-01
-8.949906390086983521e-01
3.957707993446835104e-01
1.755452176463824898e+00
4.669457560861722811e-02
-4.659590703227367570e-01
1.875461416144757365e+00
3.145959647789066338e+00
-1.319167414470311606e+00
-1.082758944956303093e+00
4.356762759778121108e-02
-2.962085745341478837e+00
-1.804074511755970889e-01
5.508674126471477805e-01
-1.479958192715267185e+00
2.292620967450736735e+00
3.207591669401139711e+00
7.398591478732798876e-01
-6.005725176752640948e-02
-2.294345739975476306e-01
2.323129229985489985e-01
2.799969800040319257e+00
-1.036494281221039593e+00
-1.272502619908495891e+00
9.575145225148640193e-01
4.234116858514269666e-01
-9.623665683333451071e-01
-7.040006956310564945e-01
-2.783810967734412500e-01
1.512839298304863078e+00
5.913216552659665837e-01
-1.491335587313705524e+00
-5.860531848268530908e-01
-3.681716640823606834e+00
-1.474405598067537682e+00
2.593983141538078740e-01
-7.580832285141259064e-02
-8.072857752006621368e-01
1.141276126889975373e+00
-5.056431334991433602e-01
1.861787018591033238e+00
1.056640784428736879e+00
-6.099550445245913721e-01
-1.322118141284036597e-01
2.353302020428946761e-01
-1.274647620992479968e+00
8.782014251910155167e-01
-7.947959197961331768e-01
7.098069180066168826e-01
1.682892210667443322e+00
2.046547630926900396e-01
2.438238013700675388e+00
1.007774137090762245e+00
-4.552345119605991641e-01
1.178518279230051924e+00
1.082267985780953623e+00
-2.679220201684149316e-01
-2.261587142530800509e+00
5.717819282006431081e-02
3.435644950655749597e-01
1.058341134016751894e+00
3.495392671524299999e-02
9.518560324547573614e-01
-4.254589894927907068e-01
1.518403825827149056e+00
2.186481806334130695e+00
1.634968728391892334e+00
-2.352934392014048193e+00
1.436035176544613101e+00
6.211408763821797407e-01
2.801154410909918013e+00
7.095263581980049139e-01
-6.357057702573500890e-01
-5.680809940535969105e-02
4.172363040642251164e+00
2.202198391402631295e+00
1.502925058880400400e+00
4.948674113181192880e-01
-1.836920666352942710e+00
-4.557992000641597485e-01
-3.083785089703026117e+00
-8.557142561591204455e-01
-1.312196404391032800e-01
-1.846495292003966338e+00
7.460660020113749624e-01
-1.365201468742665902e+00
7.338848819939336465e-02
2.103936529547771883e+00
-1.219427613761310258e+00
-7.979536342384783154e-01
1.175609447897977056e+00
-2.471022528160276011e-01
3.803148595266030441e-01
8.561182466319472439e-01
5.084934456007168535e-01
-4.210778118852118723e-01
-1.076075374712154975e+00
-1.570459887851098468e+00
2.024783400076850981e+00
-2.124483368634555447e+00
-2.128349455143433211e+00
5.365944266045987732e-01
-6.580784668546524330e-02
-2.729188277242649008e-01
4.596569430648251853e-01
-6.361002531217518907e-02
-2.658839478560841574e+00
-2.838409734212534730e-01
6.274147786379522529e-01
1.429171235376904825e+00
2.034536333735179170e+00
2.004183053893576982e+00
-9.102016421055747486e-01
-2.209009436096414092e+00
-2.021794435271999646e-01
-1.576884469385484433e+00
-1.909120130354099665e+00
2.149726693326097227e+00
-2.411196741201267368e+00
-1.567989782177185987e+00
1.162388076416442928e-01
-1.162719921845254412e+00
-1.328648844942890150e+00
4.725053917120938252e-01
-2.576226179395346705e-01
-1.464632127457997868e+00
-1.363506998424791838e+00
-2.524990938150439845e-01
9.447325926101868276e-03
5.002322532893010987e-02
1.056398722473469221e+00
-1.119541718784388351e+00
-9.664513928014546451e-01
3.796140467047868228e-01
-2.202634503552191703e+00
-9.586439098339081255e-01
1.504239367747244316e+00
-3.674677163433175409e-01
-3.502240954259905337e-01
-1.595796043542203169e+00
8.340276583004069266e-02
9.910770058208573374e-01
-4.099325326304956718e-01
6.102585534386779642e-01
3.668801669644494723e-02
-2.035253485853765198e-01
2.470214719711352203e-01
7.227052474382498204e-01
1.590715655098717818e-01
-1.402020571848455965e+00
1.278892848328656129e+00
2.332222095774769244e+00
-2.818225460492964629e-01
-6.504481431503350564e-01
-3.134216370708209354e-03
7.570720815038125551e-01
-3.338542699347000209e-01
1.709321024970576808e+00
1.752620110398508402e-01
-5.602001583818951858e-01
-1.964588913552957727e+00
-2.626129393451309468e+00
3.900598373646824157e-01
-6.016828660223687564e-01
-2.244007415806358985e+00
1.947137368193518903e+00
1.261786560929552437e+00
2.282512227151158868e+00
-3.280727598560950753e-01
2.005408534490168648e+00
-2.667506932906764661e-01
9.260887265143491476e-01
1.086392672826246297e-01
1.881474778821682570e+00
2.531576900860841306e+00
1.383335035908608290e+00
4.815525438658578850e-01
2.740344597270025773e-01
-2.400064662527654491e-01
1.097872735440455827e+00
-1.348277044849678141e+00
-1.559473170131498776e+00
2.989071417533883945e-01
2.607596315182388658e+00
-4.188990168000810144e-01
1.704406603288564526e+00
-7.825586727917901442e-01
8.786902720873035477e-01
-2.924544961366138729e+00
-4.660864876639774224e-01
-8.255207849614443205e-01
-2.734107352468794883e+00
8.380411834168377538e-01
5.064574795685814479e-01
-2.861824938261712248e-01
-2.051203935707818893e+00
4.028418981832837531e-01
-3.930279014028235096e-01
-1.187400214803531195e+00
1.453801760017958244e+00
-2.264579211973467565e-01
1.895237629885961894e+00
-3.689622181388720890e-01
2.203626768402604519e+00
-7.924066790543191630e-01
-1.375803435605086555e+00
-1.340304103221093168e+00
1.516393655087258097e+00
2.742370091866686010e-01
-1.394454473402721550e+00
-1.655272860194980655e+00
-4.465945878374721900e-02
-1.589487918829508128e+00
-2.207135354559595086e-01
1.558879745277073958e+00
-1.009070289901496942e+00
1.927162546052585412e+00
1.146835053732758958e+00
3.614443104486788627e-01
1.249614220562196287e+00
-1.720861854263138202e+00
-1.439136196697923253e-01
5.198163586481889809e-01
-3.329757906488692853e-01
1.592680013760531033e+00
-1.850695163305463353e+00
2.525067674753763924e+00
-1.896976767343940828e+00
2.862339647773147533e+00
1.081045431965278247e+00
-8.184242948867748169e-02
-1.673324616178842206e+00
9.173286830294635763e-01
1.238293165032309240e+00
-3.193093594432929727e+00
-6.520038500666194281e-01
-2.849876183480852809e+00
7.749609002025978910e-01
9.852192688040419810e-01
-2.207128750478446477e-01
2.281711893487880616e+00
-1.880130335541576159e+00
1.244226017245342319e+00
2.060320067658203413e+00
2.381016855688518064e-01
-2.540660407200277415e+00
8.730520430119783626e-01
-2.915060648075662009e+00
2.390253312948313891e-01
3.510488779451579333e-01
3.782852683535553595e-01
1.795352996392177047e+00
-1.451833506498598769e+00
2.132030140112126659e-01
6.532659218456426942e-01
-6.395061122737946135e-01
3.692609169155138815e-01
1.132641367326794324e-01
9.745411556971106393e-01
3.451266107326782517e+00
3.003347914448148970e-01
-3.420902442864139914e-01
5.978204926685126708e-02
-1.261001674894454805e+00
4.445896557555180095e-01
-7.443271802031929951e-01
7.373562688051924496e-01
-9.321077226259024684e-01
-2.502004906040085075e-01
-1.928788811593555863e-01
1.731923654707819615e+00
-6.800788156655546146e-02
-1.184308998733381024e+00
-1.004348958325659069e+00
2.106856742530800020e+00
-2.046035832892814099e-01
1.353550376681605272e+00
1.973819818024937334e+00
-2.923049730310709915e+00
1.829187351391164285e+00
-3.287400438189564511e+00
-1.738514512543813950e-01
-7.185880660623089611e-01
-2.112305592795513665e+00
-8.657972136562452903e-01
5.867111510596325630e-01
-3.121606353450037119e-01
6.846554929141106527e-01
7.074344808461443534e-01
-1.371674616242755995e+00
2.284253487828943108e+00
-7.756888460741748759e-01
-1.302393760071722806e+00
2.131997537602426718e+00
-4.707310950882668266e-01
1.023058560241132398e-01
-1.508707975674869139e+00
-2.188576061333654010e+00
7.473196314887022851e-01
1.448428839211253205e-01
8.323569743450551783e-01
-2.421794626313605647e+00
2.694750654749576313e+00
4.019864651995810334e-01
1.000143624454405966e-01
2.422893414478108909e-01
-1.725969891681517598e+00
-4.589009699325945491e-01
-5.644448665246324381e-01
-1.086206426302065875e+00
5.780966348421863188e-01
6.761576413941119412e-01
-1.730855028821766339e+00
-6.145640331434245596e-01
8.872914452065705504e-01
-1.857329577227476491e+00
4.684127166800378106e-01
-5.978773915609156830e-01
-1.492678132617187181e+00
6.694147931726357470e-01
3.068534342928483483e+00
1.125532005593843365e+00
-5.699525278143386942e-01
-8.499491965044558839e-02
-4.428465972238102566e-01
-6.501992654741890476e-01
-1.081235284503259120e+00
6.925647212094787619e-02
3.007848546615626617e+00
-6.533912174451597110e-01
3.146335285737649201e-01
1.422142700212189581e+00
-1.635423772516973351e+00
-1.222404131698323404e+00
6.863830854674635162e-01
7.680516254128209042e-01
3.278825747226541409e-01
-1.352143295029005099e+00
-4.775504838639719196e-01
-6.395079657067856971e-01
-2.385091012027096724e+00
-9.123965213414564346e-02
-1.496125212684047412e+00
6.749438005486574355e-02
5.796299047664561499e-01
7.258097970394317144e-02
1.833002164410699741e+00
6.901441900151086273e-01
-1.576481368096416258e+00
8.159868508490264460e-01
-4.606422756486558967e-01
-2.456404080090152320e+00
-2.472780986107453671e+00
-7.890059081043512279e-01
5.344537711514547595e-01
7.011541577239022160e-02
2.843907770139093572e-01
5.825067551847489256e-01
6.058340638673609391e-02
1.491632771682867009e+00
-2.709962252155218021e+00
6.916402735437401361e-01
2.991950995492667076e-01
-2.516451531748419512e+00
3.970696068943277979e-01
1.964221644734993610e+00
1.094135955123713089e+00
2.898774254022704611e-01
-3.025219784572383830e-01
8.077581166567684434e-01
1.829692362291517327e-01
-1.734064721496721972e-01
2.267621108519732864e+00
-1.034720084543873320e+00
1.471694820227074096e+00
3.755760308832645222e-02
-7.428125927267927864e-01
-1.611647561669950157e+00
2.751762154969133789e+00
-1.069565956906105342e+00
-3.584405283243565776e-01
1.361898352084489616e-01
-9.475834051986327111e-01
3.669257750031544418e+00
-1.099062784107350144e+00
1.073148323704722351e+00
5.954444378050052222e-01
-2.443635455391115485e-01
3.151484337518901668e-01
-7.331011770775139880e-01
-2.010380718783386200e+00
6.371281428533155378e-01
6.420359547114715681e-01
3.148179409228738734e+00
6.852117970611342201e-01
5.662697805711474075e-01
1.650442055768785998e+00
-2.323255348369366313e+00
-7.892194408440298403e-01
1.766511672059156268e+00
2.604971271383168308e+00
8.502754375039174306e-01
-1.385451697030510410e+00
1.048871892182379639e+00
-6.789170070865289119e-01
3.736473522356522636e-01
4.249134573565349626e-02
1.448443563586394589e-01
4.856698098604992353e-01
8.045103557098798319e-02
6.446290629679367612e-01
-3.880059420737049791e-01
-1.534754602907906218e-02
2.079249254781911915e-01
-3.070829127898981881e-01
5.563563019996209391e-02
-4.016839247013272995e-01
1.695737457443840412e+00
3.058267455501862742e+00
-3.922256115201570026e-01
6.268808029208337018e-01
-1.575940947835603900e+00
-2.285532044170488053e+00
-5.573007726609278123e-01
4.056474757725156977e-01
-1.465380709410170734e+00
-6.703496271211868418e-01
-1.596726495850492533e+00
-7.083685004021615939e-01
1.162687519795353452e+00
2.295487307336856020e+00
3.015022635636874782e-01
-1.615265337878372343e+00
6.458340278066323492e-01
1.829892408662853853e+00
1.743951526221572124e-01
4.495136562575758887e-01
3.084034149915652279e+00
9.633160136317640010e-01
6.195515800177551213e-01
1.323344899654452789e-01
1.766159797736812642e+00
-1.913555558533737155e-01
-1.144384812776687355e+00
3.199482229824283763e+00
-8.021450959482470111e-01
-2.478746645659848369e-01
8.163300353560822842e-01
-1.740811427248476484e+00
2.049930222508935529e+00
-1.351490711162384173e-02
9.470499110304650969e-01
1.403871015436935821e+00
-1.790229872793788424e+00
-2.308706894082503069e+00
-9.674653308805609697e-01
2.016675892345434207e+00
9.159829046424583510e-01
-8.094299481034115118e-01
-2.352782233594440164e+00
-4.134718518368742934e-01
1.586147873967824751e-01
-2.428350922748092167e+00
7.571387200309604992e-01
-6.667949461165978420e-02
1.660083046659543982e-03
1.813292532457903228e+00
-2.167287718707933131e+00
1.308807137862082470e+00
1.663392089435644650e+00
-1.140161765466451982e-01
-1.033233231235685778e+00
3.933871378072373304e-01
-1.613330631891685130e+00
7.796527303820468546e-01
1.004241694857258338e+00
-1.413789741949269096e+00
-1.848622268546487479e+00
-2.330311647306138045e+00
1.902261167567633748e-01
8.165180509107354823e-01
-7.843770707524546637e-01
-1.475051365805937653e+00
-1.223358378919154887e+00
-1.572816413594002150e+00
-8.629403990688242487e-01
2.024423342985146590e-01
-9.918683495229885239e-02
9.330791043696251563e-01
1.122614956591318602e+00
4.582495986202346216e-01
-1.200173059542612108e+00
1.842648566837681301e+00
1.471474500100331539e-01
1.097844268097007081e+00
2.431796543643836017e-01
-1.763912151438838727e+00
-1.563423048507623481e+00
2.850500489988068153e-01
1.117195499783464108e+00
-1.282571094365050346e+00
1.450356639941014159e+00
-1.657796116648754037e+00
-3.612731883333371030e-01
-5.453979357991167731e-01
-3.061631317243040940e-02
2.574133465711518909e-01
2.614045445261462319e+00
2.616080003580991686e-01
-1.612627662227315017e+00
1.115225961225899454e+00
