1.644555017418208642e+00
1.893633015461420932e+00
5.411556243732826843e-01
-7.185871049731549220e-01
1.211072424295894123e+00
9.851504678112155133e-01
-3.845407612429543320e-01
9.461215713316484255e-02
5.803635911124294111e-01
2.578338629613334376e+00
8.992630601034630189e-01
2.257713507934777653e-01
1.371693575800109421e+00
-1.648848838500312386e+00
1.268739906027010811e+00
-2.288116288100905393e-01
-2.474887719508602757e+00
-2.035746055418856670e-01
7.257274726201012882e-01
-8.035481519735307998e-01
6.190099272750853032e-01
2.039411483498234645e-01
-6.359080688465335029e-01
5.315021302989286767e-01
1.802563209373042596e-01
1.210636835896288233e-01
3.195101502794708281e-01
-1.130433783274766846e+00
-5.097288638618957535e-01
-2.849087352049286537e-01
3.798686943605389388e-02
8.846859714549859532e-01
1.417426009511331131e+00
-1.335780150894779972e+00
4.277248167818656910e-01
-2.076180514651482678e+00
3.616670459216955180e-01
9.197265102084077881e-01
2.256455791063158856e-01
-7.582049332215321513e-01
1.351742797337127655e-01
4.002581836945005023e-01
5.069056477848317144e-01
1.505368584903996165e+00
6.367728213654082481e-01
-5.587541199897758659e-01
5.419474998970645885e-01
-1.201228159085258707e+00
1.347063893835178661e-01
5.997798466817894081e-01
-1.803147524066943674e-01
9.149805252613907314e-01
1.277025810809466755e+00
1.391700040041977005e+00
1.903331038132050068e-01
1.033730468381495626e+00
5.371270772413492267e-01
-5.755697364505518721e-02
-1.114303801014099093e+00
-2.069863259077796336e+00
1.233580773486425919e+00
2.008382222226181568e+00
1.153016105797903812e+00
1.875195452072830449e+00
1.000385193966973674e+00
1.041974187517071826e-01
4.186291689558121476e-01
-6.043934492867819586e-02
2.473740061811584567e+00
9.288287488477564580e-02
2.907814595295042714e+00
1.330786825468921464e+00
1.245101087736393275e+00
1.191967001965448247e+00
1.382788780828580144e+00
-4.600762880481310546e-01
2.630949189272890898e+00
6.187699233095065310e-01
3.715421181800397932e-01
9.059290337257213110e-01
-1.347628088518307621e+00
1.123459628272795996e-01
-1.154660238930781624e+00
-1.099859572990633527e+00
1.390681376021598581e-01
-1.909206370962155397e+00
5.020651591133393765e-01
-1.098637500270915890e+00
-1.187865251041124726e+00
1.444373478338524919e+00
5.396434996774086557e-01
-1.619723817873346405e-01
-2.153215159193191397e-01
1.152506784152772745e+00
4.187475767116257686e-01
-1.933881559763612756e-01
-3.985056174211258906e-01
5.315063988745061252e-01
3.935496139460887832e-01
-1.978288345801146875e-01
7.316833303874146210e-01
-1.526181939977195423e+00
-7.943275814368355725e-02
2.382236105641055701e-02
7.494394643227142438e-01
-1.174112715772233528e+00
-8.545395172907817027e-01
2.672791493990960277e-01
-8.258123297104820182e-01
-1.509527620024242900e+00
4.250896014186675842e-01
-2.264563267363968180e-01
1.134531714288980808e+00
7.696514263285969548e-01
-1.521161304918239310e-01
-4.158139784461987176e-01
1.078719816449744684e-01
-2.835395373759652671e-03
-1.966207097279726312e-01
2.262220217049843107e+00
-2.131088150114348601e+00
-2.007744991745799013e+00
-1.902815649488685423e+00
-2.097836486301050130e+00
6.227594062087362659e-01
9.001248299110766737e-01
-8.672163375389949636e-01
-8.540574912534433238e-01
-4.678896808712043054e-01
-1.260100969349297273e+00
-1.582895055274597063e+00
-7.159800745545634726e-01
1.752061315281949305e+00
-8.390646743673872976e-01
-1.400015521669155660e-01
-1.182742458561865107e-01
-1.398291941805762661e-02
-9.812629106561088221e-01
2.416537700628085261e-01
-1.962155475540821037e+00
7.336918563796546167e-01
-1.559448014922576675e+00
4.971949789084213478e-01
-2.104977147686444283e-01
-3.818016412938334270e-01
-1.152242637902931577e-01
1.574299820174394959e+00
2.324804873901342717e-02
1.212692881390236010e-01
1.581104048625663339e+00
8.908879666409870168e-01
-1.350588310505709266e+00
8.425935954603760436e-01
7.705195802782860426e-01
8.477362942038269011e-02
5.839292476497783824e-01
1.287561598729807244e+00
-2.904124146445354882e-01
-1.294016422216186513e-01
7.754196859297177724e-01
2.854594989128109717e-01
6.250622465432176256e-01
-2.186465032251090790e+00
-1.350626157695434149e+00
7.907273592498125225e-01
1.035723676815898386e-01
-1.191752120830274819e+00
6.790117985101584708e-01
4.115533311434163011e-01
1.132248988022555025e-01
-1.421531677134090010e+00
1.560621077200369911e+00
4.747412626982008277e-01
3.766707180487856022e-01
-6.913734028938236520e-01
-8.094920050292309099e-02
1.934054097704192010e+00
6.952930122799774182e-01
1.129174986337996067e+00
9.807627611192248906e-01
-4.462235540711816384e-01
1.021393879047046482e+00
1.189296710560982184e+00
-6.439493322514016072e-01
-2.009315030962137705e+00
1.840941388198674034e+00
-1.218184176069796010e+00
1.492475967013511706e+00
-1.263370106863277442e-01
-6.095641165166432174e-01
-2.423395366774803161e+00
-1.251422210413856817e+00
7.987807517624032627e-01
-1.535661372716798034e+00
1.252068316557410910e-01
-9.365935141110552919e-01
8.770419080224183261e-01
-1.285188682994968357e+00
-7.807904137434498182e-01
6.334491501189809526e-03
6.991472762123063234e-02
1.104000123114428078e-01
-9.797749464416574128e-01
1.100753679784571837e+00
1.346345765967162045e+00
1.346427532561752294e+00
-1.203035625040937973e-01
-1.221112087371679422e+00
4.547790827765529897e-01
1.566358931541794952e+00
8.427966724133364451e-01
6.783316182584897547e-02
-9.549741692447755170e-01
-2.228885679784947449e+00
3.050186788195414778e-01
1.731839809257511575e-01
-5.168269030442704803e-01
-5.811228003197514980e-01
3.246041496157712203e-01
1.237569264890567844e+00
-1.344654037592491136e+00
-8.057993363569755374e-01
-5.500627824747095218e-01
1.200674077713335564e+00
9.306936625138186869e-01
-1.807278426922948711e+00
1.281926323091957087e+00
-1.474733683174471732e+00
1.759121815264337307e+00
-3.133048311286455334e+00
1.002152410684731265e+00
8.069677726482717972e-01
4.920652003659329310e-01
-1.714195422042643191e+00
1.396128091867494092e+00
1.808835292174510556e+00
-3.127013881861159028e+00
-1.586540603314645637e-02
-7.892187938052499518e-01
1.198160699136170848e+00
1.399464261384034458e+00
2.202097951860437774e-02
1.131733052769295256e+00
-1.587713536075785026e+00
1.528433933227447916e+00
2.354881844458183160e+00
-9.694350728086629232e-01
-1.453008496260689064e+00
6.615133262398176228e-01
-2.537555819334131879e+00
8.440354612946361357e-01
4.344343740492329076e-01
5.529457147612486523e-01
1.083644404743257184e+00
-3.452072939002093221e-01
-1.202161604515170623e-01
3.652577867864597039e-01
-1.175553712259292283e+00
-8.657404174084639692e-01
1.209400858646945132e+00
1.772569659333100844e-01
1.609763933550444115e+00
-5.487647434566866878e-01
-6.582738017846212486e-01
-3.305527726702006674e-02
8.930807796624895545e-01
2.836394631436212066e-01
7.623730714561185451e-01
-4.364437482457468320e-01
9.763100080308007023e-03
1.296548454367687953e+00
-1.476981486874243465e+00
2.533254977717720458e+00
-1.998618990330855993e-01
2.962318810745188102e-01
-3.956149208601846823e-01
-4.489559376176632810e-02
8.042184608899525244e-01
1.865727986721571696e+00
1.128655483047857011e+00
-2.148186005760680750e+00
-2.660853133109162272e-01
-1.980892767099918572e+00
-5.898122742157472231e-01
-1.200041113197483078e+00
-1.781659495645691926e+00
-1.454927486659123748e+00
4.151282379821346069e-01
-1.011718904566186072e+00
-6.014596247400305629e-03
-7.457329448128593441e-01
-8.418893213325189251e-01
8.920511412030815990e-01
-1.905318196153078958e+00
1.493698870401560796e-01
1.486480922665702309e+00
6.521068559061173886e-01
9.860852105326278760e-01
1.090615805778618608e-01
-1.781193253047080205e+00
7.258215598489679010e-01
1.000879882668835208e+00
1.460839173955768011e+00
-4.913531710753424875e-01
5.951291920413819270e-01
7.491956802329458043e-01
-1.106115230864685994e+00
-1.357218747970172501e-01
-2.609652171883229954e-01
-9.550942700090860882e-01
-1.973359021345037601e+00
-6.442547375730054426e-01
-8.100474993745967467e-01
9.086677384034995697e-01
-2.730737334231290614e+00
9.379226877305928411e-01
2.075940619424336830e+00
-6.802422448063385474e-01
-3.208804331408989796e-01
-9.764997391684318018e-01
4.591872216081940294e-01
-2.382590781860969287e-01
1.825049800303154335e+00
1.213669051634488127e+00
-1.105379113383779810e-01
4.032778275331017070e-01
-1.565267543443268572e+00
1.837879375593161058e-01
-3.540041039560106739e-01
-1.114713609648481984e+00
8.616340434288414230e-01
-2.190475964476128468e-01
-6.613550233110565557e-02
6.015851954587052575e-01
-5.846424065761075539e-01
6.335508902647033480e-01
-3.142359256095375031e-01
-2.264221986903800499e-01
1.737466885597022781e+00
-9.009370189981371624e-01
-8.920260754231712497e-01
-4.654534877969158657e-01
-6.318416265496518136e-01
-1.172786319035916680e+00
-1.273573144545383062e+00
-6.082345159509952026e-01
1.708947633091220553e+00
7.547797035911605334e-01
1.920308210663941750e+00
1.252532937910384447e-01
9.082816515756118037e-01
-4.882007343012242373e-01
1.929758264150304825e+00
-9.899092470442365510e-01
-1.096420122801028185e+00
1.041109758664839902e-01
3.891030568223712294e-01
4.210590119968582457e-01
1.332842154541349800e+00
1.202800187326715786e+00
4.631138638975196287e-01
4.366736422538526341e-01
-3.002468388186159576e+00
3.570264785095282889e-01
5.489171396774494838e-01
-9.586540476278884171e-01
3.530950577287992331e-01
6.357782182166751284e-01
8.271827343087956308e-03
1.583856683551202238e+00
-1.144227296230817537e+00
2.509675579232499842e-01
-3.786937525677753769e-01
-1.062932274482126793e+00
2.668670310675863355e+00
3.865350328711683048e-01
3.087752922265618594e-02
-4.610097904550469750e-01
4.634192495039002324e-02
-8.396848234659088916e-01
3.077507060932171967e-01
-1.907686289107379807e-01
6.156653077152416387e-01
1.476950447766679275e+00
-5.198299114311897284e-01
1.442018680404899555e+00
-2.102424272648071302e+00
1.549489335869054685e+00
1.347410275137676194e+00
-1.943290140954327505e+00
-1.306116968774528431e+00
-2.248931368702220990e+00
-2.702460607657890534e-01
-2.439177702169201822e-01
-7.760463541089110961e-01
1.812310281696531966e+00
5.717736181152552888e-01
-1.042955854035785279e-01
7.383913978145635326e-01
-2.186169271101921829e+00
-2.002354814576019493e-01
1.650288668969083439e+00
4.910001422518730507e-01
1.766665544655188214e-01
-1.079241314984952904e+00
-9.247467950763521571e-02
-6.719554093856299204e-01
1.182120075311807739e-01
-4.406835250673468707e-01
1.990664800018966396e+00
1.161192620537038422e+00
1.437727614040551494e+00
3.904577992173710044e-01
-9.652393770854370558e-01
3.595617781992004325e-01
1.567791727934918278e+00
1.725767219846120248e+00
-1.692823047895379851e+00
3.304181358418842862e-01
6.107748288897072442e-01
1.232995148142874697e+00
-3.496008907648606723e-01
-2.516656992347261479e-01
4.512186235166915083e-01
-5.501564910391012475e-01
6.563307838362852920e-02
1.621898034407784905e-01
-1.692494932110134798e+00
1.055965799528511440e+00
-2.352465380646168391e+00
8.564597891585084000e-01
1.283168279377856713e+00
5.295453198409045825e-01
-5.330051268605471293e-01
-1.417542687805346535e+00
1.121517038630273078e-01
1.261771008879414069e+00
1.442356948845460174e+00
-9.632456692263682285e-01
8.906651680614610100e-01
4.543927771443110331e-01
6.826941244835404987e-01
9.313040162830965585e-01
2.023255135658744486e+00
6.003692054770226605e-02
-7.169610479099901568e-01
1.055413108898420660e+00
1.679591301865436037e+00
1.478983802480606791e+00
1.367923108328037429e-01
-1.757507183612726287e+00
1.248236177615599019e+00
3.324324099022311074e-01
6.089622677121901972e-01
3.267950013254141695e-01
-1.300374456058682071e+00
-7.303863852381606847e-01
-8.606894077123676823e-01
-2.378947365411381298e-01
-1.480470931206774310e-01
-1.605169843785816397e-01
9.240096384213547509e-02
-3.762890603339741347e-02
5.688558482921024506e-02
-7.569622873697214871e-01
1.435328528251655911e-02
1.475518648229918739e-01
-4.543208649535923627e-01
1.162141918145439767e+00
-1.971484669447367555e+00
-2.402452381854782715e-01
1.437422882627190646e+00
-5.867675879109199855e-01
-1.056041451090856231e+00
1.245768848295124798e+00
3.026615301581694339e-01
1.697436134679817243e-01
1.001486543457668965e+00
-1.705572353254682927e+00
-2.189571243252224075e+00
-1.862160923210821828e+00
-1.613800379291703724e+00
1.422292044403684841e+00
7.760696882460749180e-02
-9.424371147955152850e-01
-7.367920006475570105e-01
-1.856541315644321788e+00
7.277539941869726192e-01
9.647070704271376584e-01
-1.299049804133224129e+00
7.342031232259680351e-01
2.591799318602056701e+00
-6.755501973313240427e-01
-1.193987470057781053e+00
-4.915810809727103603e-01
7.963201962112957943e-01
1.132106977915282364e+00
7.550115787737023965e-01
-7.619695235392498489e-02
-3.894262406400716969e-01
2.352990574689552972e-01
3.672751495076536088e-01
1.995238005373565215e-01
1.300862710101156061e+00
-1.896708148583017284e+00
-2.589863135579459907e-01
-1.249033063422444467e+00
9.138810175810920811e-01
-4.555465789250323638e-01
-5.606154704895960350e-02
1.106484258879572913e+00
-1.082720043142386679e+00
2.189476392006897143e-01
