9.003591236426284894e-01
1.058608697021355738e+00
-3.344390236239869196e-01
-1.384410321379181408e+00
1.628580018122315565e+00
1.298682914789317522e+00
1.612068848534988774e-01
1.296251347021692979e-01
1.770543111701270433e+00
2.107577838494858469e+00
1.287160645894953603e-01
-9.347112872379534920e-01
1.780796787478866605e-02
-2.027824418117274430e+00
1.709070925258551199e+00
-2.026454298131401544e-01
-1.997727782036082367e+00
9.188349339779380287e-01
2.362800555050440288e+00
2.505754926398058302e-01
7.051607661104553060e-01
-1.817941360012182983e-01
-2.457566381284195245e-01
2.636634315551800611e+00
-9.121704331545625877e-01
2.553935869899657263e-01
1.649446598644971118e+00
5.640223405511202159e-01
-1.280358397349497412e+00
-1.777753666514634290e-01
-7.136290144378776290e-03
1.871861194788326799e+00
2.084102042270085775e+00
-1.771451454098719402e+00
-1.388333909728472371e+00
-3.757540711876893091e+00
-1.816034458818096553e-01
1.269087741079180987e+00
1.108558914552663310e+00
-2.766866303196096055e-01
1.130313366085902160e-01
-6.455570337498564015e-01
1.796836116695763153e+00
2.788676017689946107e+00
2.106339912312709117e-01
-4.283396740875744513e-02
4.852687183249981828e-01
-1.355510274415658412e+00
-1.165213119349780335e+00
4.614724066928914681e-01
1.401482441724173356e-01
1.205090829000116770e+00
1.151681720342977222e+00
1.711634586634563249e+00
1.298366756613081208e+00
-1.099586066072699708e-01
9.299899795877033526e-01
9.900608587952985928e-01
-1.650471508605320992e+00
-1.477272794478502682e+00
6.552436428362167220e-01
9.338761758497220455e-01
1.620924084410130916e+00
7.354063993445612013e-01
-7.035029500918277279e-02
6.583535834649190122e-02
1.071738868361920893e+00
8.945792069863465201e-01
2.103540095809072419e+00
-5.847580559554383939e-01
2.983648213795671467e+00
-6.236119088673044430e-01
2.159909919008191181e+00
8.769028818986868146e-01
8.988878711933399046e-01
-7.410454732172269132e-01
3.651120489502325483e+00
6.726886507220042333e-01
6.865326524014756515e-01
1.555786268426738062e+00
-1.850391153553907042e+00
7.552137946309409600e-01
-2.875210311415193232e+00
-8.092398169311501022e-01
1.167699179645484975e-01
-1.850264492731801269e+00
1.715555346197625397e+00
-2.199585237606045407e+00
-8.575476227260567796e-01
2.685759179204376679e+00
3.323244896882862065e-01
-8.228448271812229819e-01
1.458192942512632762e+00
8.090301255980767436e-01
-2.632861398971808597e-02
7.433767440897298684e-03
-1.720396620710653579e-01
-7.262809433436849815e-01
1.965815794987157972e-01
-3.295475672221419572e-01
1.361158478609305611e+00
-2.126517317135494967e+00
-4.911963314287230986e-01
2.246824329301091439e-01
8.807527345367160976e-01
-1.778750030243927860e+00
1.073868467383620739e-01
1.606997612931877484e-01
-1.229819726971012273e+00
-3.664556915077135102e-01
1.466151828110349165e+00
9.368457919177632931e-01
1.776073724807365473e+00
1.996257446217426512e+00
1.299470095582151430e-01
-1.592398648648094994e+00
9.658043974382026775e-01
-8.094692239205345530e-01
-1.884646889120442648e+00
1.951198659294393067e+00
-2.417404462218302630e+00
-3.331895077694488894e+00
-8.886693372026090998e-01
-1.063059575932055800e+00
-1.050732268273812053e+00
5.673992327685599690e-01
-5.008037201179549314e-01
-7.022401857059525909e-01
-9.296400349620048686e-01
-8.530966864244780012e-01
-1.829670211416369874e+00
-4.245967527223868387e-01
1.226921053743148526e+00
-1.398570715301887812e+00
-2.368119447334118277e-01
-1.466656482924065585e+00
-3.430819808074305755e-01
-5.887730234410026853e-01
5.458503775029246441e-01
-1.282085380422944176e+00
7.532044593438582680e-01
-1.714416058482779892e+00
-2.107118073351461618e-01
1.557993632571617049e+00
-4.045776948675765539e-01
5.044145751667281630e-01
4.110697538707688281e-01
-2.396945764425000291e-01
2.306158780785043660e-01
1.483257023724595669e+00
1.073091635897132079e+00
-1.037484681253649121e+00
5.411319039476225612e-03
8.472113695211849205e-01
4.886412444728938098e-01
-7.229449257464715117e-03
5.187903123560753116e-01
1.078415797859682002e+00
-1.526547457819313447e+00
2.502083288973997455e+00
4.305986699686137342e-02
5.977247231297946328e-01
-2.062578755183915202e+00
-2.139745550622952130e+00
1.166522492889119356e+00
5.225075926034001839e-01
-1.905784786603757386e+00
1.653095856154314092e+00
2.712476458805257451e-01
1.903328522031946690e+00
-1.433367773824289593e+00
2.091412283266757655e+00
1.210084488958847793e+00
7.533319003627898525e-01
-1.230181000604595454e-01
7.567186130969538738e-02
1.814225000710991687e+00
9.767357626874488830e-01
5.645198573271024145e-01
7.639660494736215668e-01
4.443950147456181554e-01
9.698625422376627725e-01
3.967470239914439034e-01
-1.405402583793616156e+00
-1.499906026339537402e+00
2.172124543300392396e+00
-1.803518356121365240e+00
1.817983874156638535e+00
-4.143208595603979916e-01
7.559855498414709274e-01
-3.280350416264264268e+00
-3.868132552221377196e-01
4.001279469028107272e-01
-1.832738985467021298e+00
1.409842782091833335e+00
6.266842670899031020e-02
7.423641959353020070e-01
-1.004856317377020858e+00
-9.814588179512471200e-01
7.431676050130411326e-01
-7.022472420774192869e-01
4.740765337124965839e-01
-4.579457683388268308e-01
1.170775801961855933e+00
5.198067368707404157e-01
1.671313187365601749e+00
-4.499994804481524113e-01
-2.347721164619731571e+00
3.002774588705126035e-02
2.117226488165022680e+00
3.430910269322176021e-01
2.764411178829444538e-01
-1.121384525515459529e+00
-2.227251141800536516e+00
3.566243075105681726e-01
7.450023085367245557e-01
-3.047416675285035126e-01
-1.211936686242704120e+00
-4.764071339960818108e-02
-3.823557918488926788e-01
-1.433150821699303634e+00
-4.258665489761934708e-01
-1.999917799285677145e+00
8.469045994813440004e-01
4.615263216039400263e-01
-1.483065772761907208e+00
2.579777943470662471e+00
-2.476798897985213799e+00
2.004786696824863768e+00
-2.183596935329472633e+00
1.427403180778524572e+00
1.117817487942867061e+00
6.922967854576533853e-02
-9.221110683197304425e-01
9.378694127691309390e-01
9.068551194926621761e-01
-3.669209044428552779e+00
-7.354873445683622890e-01
-1.138140333573966601e+00
6.591049114010028021e-01
2.190075105581563264e+00
-1.536386044672219953e-01
7.482540996888840112e-01
-2.475010353615796355e+00
2.340343853878962932e+00
2.572144609038284457e+00
4.557977226414253735e-01
-1.910368842657292898e+00
3.813706743434224222e-01
-3.239540654487585769e+00
1.222460311680206857e-01
2.555478887555970857e-01
9.804357312364100352e-01
1.085621094538282705e+00
3.165538896553599102e-02
5.751840646845254312e-01
5.321667201519177937e-01
-5.165585274389457027e-01
-2.593754039849205384e-01
1.063897598521219123e+00
-1.269389304861769929e-01
2.406793674908800362e+00
1.543823600215858960e-01
6.546500474547656268e-02
-1.963062024703479125e-01
-1.032180460469833694e+00
-5.743550919913253949e-02
5.011516485241784835e-01
5.040779127895440581e-01
-3.737099986596570389e-01
9.894584772923495919e-01
-9.898147236832866014e-01
2.560003839152351190e+00
3.427912389060256970e-01
-8.434346080274366386e-01
-6.686102897924826038e-01
3.004757981462091720e-01
5.972968409855106131e-02
2.706179653536386454e+00
1.027247076385178204e+00
-3.466870111884346350e+00
4.046387531682800187e-01
-2.195619606956364933e+00
2.075323494272023339e-01
-1.021250576640543528e+00
-2.379120697748868807e+00
-8.703368619748914625e-01
1.299215509157768622e+00
-1.410680250182022810e+00
-3.308902247206564340e-01
-6.264153968135834916e-01
-5.863959893010894930e-01
1.493705530885161004e+00
-2.105885204884744510e+00
-9.464637756463556428e-01
1.191327706309238010e+00
-3.726973085187097467e-01
-2.636141620367382643e-02
-1.190341077117995638e+00
-2.706934047141209110e+00
1.186427217156211356e+00
1.719224969391689228e+00
1.749918181688252972e+00
-9.115503742588169089e-01
1.782712672023730960e+00
-2.371035284557825307e-01
-4.724237285685939369e-01
3.202928412499730371e-01
-1.202182954837540230e+00
4.347523090950868863e-01
-3.747416129275542573e-01
-8.806614528137721720e-01
-6.099103335218005739e-01
1.558409367807316315e+00
-2.455936508136243646e+00
5.410601291161309945e-02
1.494255881179944012e+00
-1.616255109783177879e+00
-5.593525499667411083e-01
-4.610859234189845779e-02
-1.316782842279178301e+00
7.905115487543135089e-02
2.507202216454260224e+00
2.069383052651129873e+00
-1.526642847982561335e+00
1.119251516345959097e+00
-1.568492156265419712e+00
-3.872068187966064556e-01
-1.261788989953291917e+00
-3.063706923799704995e-01
1.599237151359429454e+00
-1.256725535264865634e+00
1.367747520248681070e-01
9.824962282680047565e-01
-1.024945129937931299e+00
-2.058168039514649550e-01
6.213179535510224838e-01
1.889038268729557046e-01
1.479742660415483968e+00
-8.826730519465382230e-01
1.102832679274783345e-01
-1.040638981601459179e+00
-1.710306994996465768e+00
-1.912660290760239690e-01
-1.617557028258804763e-01
-6.666592383981466696e-01
1.046514115119146382e+00
2.180437661479270872e-01
1.956336590546331244e+00
2.347657183893971933e-01
1.560594120030707188e-01
-1.293678243787069082e+00
2.969670945459856881e-01
-2.255117007921988659e+00
-1.544633643183944471e+00
-1.969733513801790181e-01
7.807454495363606028e-01
8.909607987526602102e-01
3.266649302225141938e-01
1.585484119354028998e+00
1.036495099719506818e+00
2.170927679300128865e+00
-3.142228338525531406e+00
2.709535802102944757e-01
2.946241078449087780e-01
-2.285339968942347255e+00
5.440898367853952422e-01
1.885110708361779963e+00
9.151119804067135988e-01
1.297340791315733988e+00
-1.890105315139853914e-01
2.900047546737747339e-01
-4.357050628298297923e-01
-4.654197280438063800e-01
3.531634055525554317e+00
-6.496665893941253600e-01
7.120739390326917828e-01
-2.338930431791084175e-01
8.668326413720084389e-02
-8.643720078297416620e-01
6.405397160216814711e-01
-1.003847184189989861e+00
-1.596948617009186222e-01
1.424378975420797389e+00
-4.192814217883178429e-02
2.734787899036362546e+00
-2.111330856254766353e+00
1.307265886896736617e+00
1.812852736896768846e+00
-1.502780767691676900e+00
-2.696535465261016284e-01
-8.919388892741313413e-01
-1.403939878547966202e+00
-1.307303156504779906e-02
-1.088678045761412694e+00
2.978067530143474251e+00
-1.196102593301411332e-01
-4.435683626956379300e-01
1.057831637658931179e+00
-1.683292950755701511e+00
-5.957679785490803681e-01
1.824467240750971442e+00
2.442027497007988046e+00
3.897908166803674135e-01
-2.093070469260461586e+00
9.668582109158796456e-01
-4.340920333416260490e-01
-7.487834730643747605e-01
-3.667054385190473553e-01
1.285617660345874214e+00
1.220665074802402827e+00
4.306271596839721383e-01
1.669533214359125495e+00
-6.566259361256143734e-02
-3.409185777260717032e-01
1.171294341866104816e+00
1.948144843111284885e+00
-1.628587775887356592e+00
2.597790051314063930e-02
2.571006702193763260e+00
1.845823516600605174e+00
-1.749156708432124230e+00
-2.699552957184172541e-01
3.652529245786393375e-01
-1.671464535920684114e+00
-1.440773728247854990e-01
9.931860763938118453e-01
-1.258258320337851011e+00
3.539785162624760062e-01
-3.172887650271910331e+00
-2.334936192639531782e-01
1.192683728637344842e-01
8.494550498113175863e-01
-6.387959752956344772e-01
-1.500304563637160360e+00
3.117505821343495853e-01
8.040166183205652572e-01
2.141947143493307948e+00
-4.005742666004250552e-01
2.488106158565090986e+00
1.477726912193347175e+00
8.294990664707277972e-01
4.205101127279018414e-01
1.941237552900782148e+00
5.190359399954509456e-01
-1.255607804106759762e+00
3.198554604795649681e+00
7.295477233773182135e-01
7.218643685627332829e-01
3.429238262629352718e-01
-2.392133298760377169e+00
1.264816600589345086e+00
-4.417486122480074329e-02
2.787275198235370510e-01
1.271226583570943092e+00
-1.107982596945196629e+00
-1.379996961694010427e+00
-1.164573590359688993e+00
2.762677825167187962e-01
8.149515106264839659e-01
-3.733836101265932683e-01
-1.359662353193649587e+00
-3.794806016980061258e-01
-1.050915246429037886e+00
-2.427226405897218164e+00
-2.247515568851277123e-03
-1.290770753625523071e-01
-4.589054630756468356e-01
1.533237984313327473e+00
-2.050114257708399723e+00
-4.885406622940946519e-01
2.302675307255505288e+00
-5.062791510145681073e-01
-8.158463982554309268e-01
9.527731426070884524e-01
-4.177604777587866636e-01
2.414011887151303881e-01
9.092211753734140700e-01
-1.166837565264309262e+00
-1.322397883748480663e+00
-3.443793295522690201e+00
-7.236547083255970847e-01
1.857989700367451036e+00
-7.252732775727563919e-01
-1.509743306864511858e+00
-1.798272316544331950e+00
-1.670173263022514121e+00
-4.158263583211443404e-01
5.995571779244084354e-01
-6.106011691671220376e-01
1.534418285073305910e+00
2.232425919878654241e+00
-1.077998445574996467e+00
-9.328257532504000693e-01
7.780608593482689628e-01
1.375521804163791550e+00
4.698437083238840017e-01
-1.383812856713557693e-01
-5.593352491692211714e-01
-1.704534316235442937e+00
5.300054898710859774e-01
1.287123270063045055e+00
2.785022037505227033e-01
1.484678383573214688e+00
-2.164140387554820855e+00
-6.043229829610536896e-01
-1.789585605449641736e+00
4.881621349751741334e-01
-1.075553317298450828e+00
1.633095495982194834e+00
1.558807326722373432e+00
-9.824573366381050832e-01
5.807527165380896861e-01
