-6.349133964410080821e-01
1.760487513281335126e+00
-2.143068681314894253e+00
-1.507725659657064732e+00
-2.420083070611021014e+00
1.448071529202499264e+00
-7.946720080871356728e-01
6.486357862882279335e-01
2.890603546920260669e+00
2.843628145573782184e+00
-3.345755005904514690e+00
-1.258986429160942055e+00
-2.035820641371005379e+00
-2.336770407531641336e+00
-1.840100270870931976e+00
-4.911143689704058346e-01
1.980627560470162862e-01
2.649075461563240808e+00
4.759532009953648668e+00
5.595096101031540314e-01
7.625533206093937366e-01
1.324084338225794966e-02
5.829219352351415750e-01
4.672764462198594870e+00
-1.043505989389212463e+00
-2.451401335136078607e+00
3.473279711501330524e+00
2.272235646831299860e-01
-8.177319503210984664e-01
-9.808660123420214205e-01
-1.673636021151728048e+00
-3.723038768960309497e-01
-9.737804848879036967e-01
-1.082678505130752811e+00
1.290405585364196028e-01
-3.098514394391029381e+00
-3.480758491858273462e+00
-1.845984633804924613e-01
1.416484118257130831e+00
-7.876817548936756452e-01
3.657844101819327065e+00
-3.196877337315667145e+00
1.362827390980060116e+00
1.017086090580985314e-01
-8.897094123888198425e-01
5.588506553676904076e-01
-1.832348172084542703e+00
-4.349242855716317635e-01
1.353114543675086878e+00
-1.449176853120989872e+00
2.598790480341408582e-01
5.558377929070701384e-01
-2.421685534680082075e+00
1.602999570772833948e+00
2.197997176962189769e-01
-2.048417788848084786e+00
-2.667810911250185768e-01
1.042753418606201521e+00
1.137998552770097760e+00
-2.111965614118178625e+00
1.260767521509123412e+00
-7.571417157025379652e-01
8.077371218571292033e-01
-1.196968199557687740e+00
-4.353735972185397429e-01
-4.790771535951634519e-01
2.109072607535507515e+00
2.069657084322994223e+00
1.543509648676383961e+00
-2.992055671039665299e+00
-8.478849280921219034e-01
1.014832301368713274e-01
3.210448167963999566e+00
8.155438429881822771e-01
-3.052904558814367952e+00
8.533686416921240081e-01
4.084976530658536831e+00
2.244214484542367494e+00
1.105799432539923188e+00
-1.123791311652660774e+00
-5.302553905737914519e-01
-2.382133547245841143e+00
-3.651342756416097401e+00
-8.777510787675684156e-01
-1.286051485853898502e+00
-1.354735246583618213e+00
8.225940182626612085e-01
3.022480331813621746e-01
2.142523459529289909e+00
2.396103885524900612e+00
-2.125580609145734989e+00
-2.515788508361468168e+00
2.952829788623192897e+00
-3.226641334638370218e+00
1.231834343279379240e+00
-7.697236951575074926e-01
8.202820669921226937e-01
5.729434090357266030e-02
-2.562436808042687364e+00
-3.075570404169706951e+00
1.626184642261527813e+00
-2.247760814533244833e+00
-2.572749170249887030e+00
1.324415587230434177e+00
3.002392802001843108e-01
3.695739480077566697e-01
4.400592093281087358e+00
-9.830712073844196652e-01
-1.833133696437094340e+00
1.451657071078295225e+00
-5.139779947359333079e-01
3.919136383308194027e+00
9.154592421691098991e-02
1.353528909738042074e+00
-1.738301632471202396e+00
-3.544078843388220434e+00
-7.275230044532499107e-01
-2.606955123718084355e+00
-1.840235082697288416e+00
1.764283017904202389e+00
-1.685433783414155506e+00
-1.640060799397238700e+00
2.247831787909014167e+00
-9.069748316785659625e-01
-1.497525939348400836e+00
-3.175322463797245476e-01
1.079096111451666395e+00
-2.530584864610978979e+00
-3.266292196871148246e+00
-4.643252828276098754e-01
1.321887753404475063e+00
-2.587509767470956845e-01
-5.576692385757189285e-01
1.198502179820266633e-01
-1.984509157793357570e+00
4.992809529785171563e-01
-4.565816069692776757e+00
-1.646092374478521414e+00
2.139598658531736142e+00
1.725450557571035048e+00
-1.495916257524212423e+00
-4.770489960941590724e-01
-4.656072922923293333e-02
1.592467397983758914e+00
-1.088354967010176644e+00
6.144550668111161684e-01
-9.676470405472885616e-01
-2.312510232035869251e-01
1.880319592276858742e+00
5.478051036941753438e-01
1.511928720854820440e+00
-3.085219229464271518e+00
2.079838327757017602e+00
4.015755726080357135e+00
3.357051347902793026e-01
1.604605850316440652e-01
-8.791675375406118320e-01
1.003782896218305076e+00
1.134480067233269551e+00
2.135621277073989965e+00
1.788513430985878117e+00
-3.704310959564325323e+00
2.231404753960681830e-01
-4.070897857632641781e+00
1.547379450251085586e+00
-3.271002823385714464e+00
-2.998470504370142731e+00
2.537367594271085380e+00
7.058061567182569718e-01
3.098193762839017040e+00
2.315402378445837073e+00
7.618985998888980760e-01
-2.205920055704480021e-01
2.232951469050446391e+00
1.710295918875401888e+00
3.195258542790405443e+00
2.046416909124355143e+00
1.810344359496180999e+00
1.657927502508382389e+00
-8.775207245636043041e-01
-1.800520671211099266e+00
-4.732258987170681053e-01
-2.411832162226619225e+00
-1.112543693318055027e+00
1.709919533167410854e+00
1.053809132559015538e+00
1.028788176797644560e+00
7.316942474690044662e-01
-1.820935255799749797e+00
9.419717303640453565e-01
-1.225775953794576267e+00
1.514711743363696961e+00
-1.559727990669951936e+00
-4.362010737324101051e+00
8.698416729610407572e-01
2.040432521744032002e+00
6.785713319428934298e-01
-2.777430602655967640e+00
1.225219261530373416e+00
-3.632165102003632740e-01
-4.057108874624772099e+00
3.929361328347638960e+00
1.782946377889066625e+00
2.465813098037269668e+00
-3.096102292270349388e+00
3.172070227995430258e+00
-5.746638354608704091e-01
-1.244241318642276273e+00
-1.770155187520277007e+00
4.847664374103279883e-01
-1.246999573806959472e+00
-1.321500204711197224e+00
-1.634716102642151725e+00
1.579795352772402239e+00
-3.682563855232581229e+00
-2.865046710571992339e+00
3.585340149411656796e+00
-1.865504173693764312e+00
2.917371976319092397e+00
1.370751621070884774e+00
1.060015327977300359e+00
2.409446026251122142e+00
-4.353240869969988935e+00
-1.858502502888966124e+00
1.294439903981218443e+00
7.964500639445484254e-01
2.500489838772629980e+00
-1.353379272810615319e+00
1.326389780226397974e+00
6.568916855667144006e-01
3.618673214409412253e+00
2.966812449179013100e+00
6.971033227031062651e-01
-1.818814488558162523e+00
6.893818251414707277e-02
1.459189443000694197e+00
-1.951188031723201100e+00
2.027668834002405163e-03
-3.474359109502557885e+00
4.585379297655851616e-01
1.821800765981467229e+00
-9.000589127383111787e-01
3.622677133193406007e+00
-2.188752549876263664e+00
2.963109442758575796e-01
5.026575656471941045e-01
1.339877543298728213e+00
-1.517185299551519151e+00
2.380141444826922026e-02
-1.334719962417489914e+00
1.422634835141641574e+00
1.086626512021164004e+00
-2.170595005391805721e+00
1.105478777119173195e+00
-4.999999999999999112e+00
1.331307576326078213e+00
5.248644284022585538e-01
7.131606850078302529e-01
1.599688864636625851e+00
-7.821337033082933488e-01
8.799833219557120501e-01
3.988352174025578734e+00
2.662610420423616731e+00
3.709058072032433984e-02
-2.198609826546372936e+00
-2.839727001513945748e+00
5.567114096328023010e-01
-1.675531726343765015e+00
-6.572803778373348393e-02
-1.304797171982190918e+00
-2.738794750787814536e+00
1.272955870106340370e-02
-5.784638140306608278e-02
1.582597679499474275e+00
-2.824578776172818273e+00
-3.338423355456177077e-01
3.321377518275902219e+00
-3.459175183936569198e-01
-2.012312831930085366e-02
2.370717923028703211e+00
-2.348773776154034820e+00
2.953897716897474268e+00
-4.498223975999509960e+00
-6.622499108219308539e-01
-2.446049274498634407e+00
-1.493702004271380002e+00
-1.749781483741631227e+00
2.133189385141893268e+00
-1.024789760382658343e+00
1.655074100258634218e+00
1.727157057346050628e+00
-6.415043245179976594e-01
1.235386698368570180e+00
3.695690581505566286e-01
-2.079683419874447381e+00
3.082366322663268932e+00
-6.885441501318103619e-01
-1.088389970438903287e+00
-1.762491295520224099e+00
-1.224161650515518840e+00
2.990859422139815038e+00
-1.310848484526326185e+00
2.630110935004346118e-01
-1.091811822733159687e+00
3.672831748941767671e+00
3.225312504724353602e-01
2.545841560051938401e+00
-5.306472004604536608e-01
-1.338090784969829361e+00
2.517172770256062009e-01
1.818831825773232325e+00
-7.747461446991525946e-01
1.605097423152166414e+00
1.393787541306927835e+00
7.102177651363996702e-01
-3.359191868229149947e-02
1.274693324751103418e+00
-2.210749789770669160e+00
-3.908997160546086036e-01
5.846743635737627898e-01
-2.302750312912367203e+00
1.662734107991017396e+00
3.703011789960161337e+00
9.392467021981865116e-02
1.442920140515280281e-02
-2.606603249052872329e-01
1.608397439021227449e+00
1.073927317625690492e+00
-1.910453601262227519e+00
1.673180411485457597e+00
3.736068466411303746e+00
-1.545122155306532186e+00
-9.698860241156204154e-02
2.812316015832211136e+00
6.244655599439363769e-01
-2.511231552507123155e+00
3.019384803817457552e-01
2.782576984342419735e+00
-5.000031901120349787e-01
-2.797417418572436976e+00
-6.559079356083721279e-01
1.067773187136557667e+00
-1.616553336879008818e+00
2.394132153834542365e+00
-7.839140116287888205e-01
1.208571236768360535e+00
3.612701539610618795e-01
-2.349285916706307376e-01
-6.831291619081003574e-02
2.747690605131789532e+00
-3.960237387351335236e+00
5.443349620328072902e-01
-3.984664398877133085e+00
-2.756462857533431787e+00
-1.072458555496429877e+00
8.390454112618801474e-01
6.107746585012350238e-01
-8.762338617131790741e-01
-9.876009777172836124e-01
2.531421339670778536e-01
9.182267734240578960e-01
3.673338046072441188e+00
-8.906770286528455927e-01
-8.320308848353512587e-01
-6.579567769710434888e-01
-3.727547203727408665e+00
1.466556731922395329e+00
3.067700495174072728e-01
1.437147974780988768e+00
-2.961928625163146034e+00
1.640649067528219263e+00
-1.857020225903655231e+00
-5.283280656431292854e-01
1.191894462754678585e+00
2.098292097272942414e-01
-2.225187427933886575e+00
3.145105535652252371e+00
1.025251502538472081e+00
1.644157841236362216e-01
-1.262712889674521666e+00
2.539898396849564755e+00
-1.997684028415940727e+00
-1.377523616995270039e+00
-1.014030392430356198e+00
-1.305260606250971289e+00
5.000000000000000000e+00
3.091494941264185670e-01
5.295747045904697359e-01
-9.179804052813933524e-01
1.250821471263004803e+00
2.378906180141781235e+00
1.993967231676128549e+00
-4.167896004292932943e+00
6.344843753841793443e-01
2.045693067672186061e+00
2.755253889613871188e+00
-9.292950075336401383e-01
5.055579715208384783e-01
4.248512602244598924e+00
-9.966687953233623887e-01
-1.866521884656640040e+00
1.917684505197003730e+00
3.616000042296800387e+00
1.759809498615869217e+00
-2.123739614633707085e+00
6.127144752357063240e-01
-1.514174308890580356e+00
2.444740620102654916e+00
1.888284150745940693e+00
-2.005809255549134029e+00
-1.174546787905055290e+00
-6.504138153424499080e-02
4.957156972148615282e-01
-7.062739706470058110e-01
7.682276434934030007e-01
-1.822934183278999143e+00
-2.304915717467230785e+00
2.493808107859319279e+00
-1.664031924748051949e+00
1.765350840834134516e+00
3.109415091265541164e+00
-2.065723217886976215e+00
2.571303825188032910e+00
-2.741727557218634370e+00
-3.067787342158121877e+00
-2.402265003580084102e+00
2.322123643343609878e+00
1.687954463587235665e-01
-2.414960580927214995e+00
-1.604962291209458769e+00
-2.220577720445724434e+00
6.650158922815165852e-01
4.215686579469235085e+00
-7.539682995108449859e-01
-5.928303967200525548e-01
4.804428803407470028e-01
2.468299444361439221e+00
-1.504169451612297870e+00
1.544920036471840064e+00
5.000000000000000000e+00
1.807745667796312183e+00
-1.199031063260329599e+00
-2.225615970742271355e+00
1.219919427405463885e+00
-3.764841885449246472e+00
-1.525751433732845719e+00
3.659180795009097764e+00
-3.960989108118912583e+00
-2.487227873340625450e+00
8.098514705866612928e-01
-1.231157714033436434e+00
3.803173431501116752e-01
-1.066230547716373600e+00
1.532506712697530027e+00
3.903380147432411462e-01
-2.911280766215220694e-01
-4.529052006284695508e+00
-2.182249084445858855e+00
2.663649469131991410e+00
1.906007489429704549e+00
-1.786300486704260226e+00
-3.455074439105785267e+00
1.536674441744379394e+00
-1.151476097095552209e+00
-3.303907407163130472e+00
2.581221674407142785e+00
-6.190756352247630545e-01
-1.313058592564257943e+00
1.617143840940197919e+00
-2.346001486363955113e+00
1.288306503408611192e+00
8.626275524471012091e-01
-6.112406219216923731e-01
6.045678364919684356e-01
-4.032580039973403530e-01
-1.359046374583194883e+00
1.771005174999231713e+00
3.688775204241947492e-01
-2.171011717165927113e+00
-4.849116102536950024e-01
-3.402937073590942774e+00
2.942496433733754913e+00
2.053336915290646658e-01
-2.134344757306076534e+00
-1.317890465698556390e+00
-1.671020355886606801e+00
1.192144140455199341e+00
-3.038864492753282853e+00
-1.002590854370746243e-01
1.243673947114678491e+00
4.915017807177859410e-01
1.406444964181195800e+00
1.515442659178144247e+00
-1.558759411835061837e+00
3.291716918666846681e+00
9.857641456744614672e-01
1.145474850541700285e+00
2.265289403301231630e-01
-1.659605492132470772e+00
-9.682914164768616772e-01
2.619538710390969527e-01
2.628027716070087116e+00
-1.248821421798330888e+00
4.541480092784091482e-01
-1.626515325020761793e+00
1.611382130384555467e+00
-4.609272946911948665e-01
-6.782361845792514998e-01
9.024984591354137109e-01
4.616062247972930521e+00
-1.939307133811174477e+00
-9.367058290025314093e-01
2.243812270427273603e+00
