8.424514132498011065e-01
-5.998306673806261813e-01
2.070207360871245683e-01
1.183223402045099348e-01
2.812255747664056393e+00
-1.161601330189956816e+00
3.624376039320777565e+00
-7.998565082263979775e-01
4.114169113933012767e-01
8.134399501627695983e-01
-1.713250168353209979e+00
6.573794496038809498e-01
-5.239897847976866530e-01
2.832929470676406325e+00
6.282019446053510592e-02
1.452264021228488744e-01
3.911995966059542695e-01
3.937480652615565901e-02
6.788663339575409239e-01
1.278777851444887759e-01
-3.586696130215639045e+00
1.357063470968977725e-01
9.339543505004677115e-01
1.685724715790861694e+00
8.567715211199677938e-01
-4.197797920778647551e-01
-4.924660063064418836e-01
-1.982487435343334159e+00
7.814276642945738871e-01
-1.633210571747234496e-02
-1.053710849468203481e+00
1.055828040507113208e+00
1.899435314774668981e-01
4.161546794656677761e+00
-1.098379963732369902e-01
-5.227761097936589607e-02
2.546807073373438257e-01
1.286922573194798858e+00
-2.379136707210063317e+00
-1.454313850016346610e+00
-1.168998903088498853e+00
1.583272220006495701e+00
-7.823280126176754834e-01
-2.641560029030776136e-01
2.464782421257392997e+00
3.671144193768132169e-01
-9.283537397763286236e-01
1.648137796500943608e+00
1.678999322868079958e-03
-3.065611086691725440e+00
1.119992412685597571e+00
-9.275819487680969644e-02
-9.464318634101500649e-01
5.539410291216384508e-01
1.308641627509312677e+00
1.602581251422357411e+00
1.377282867277306089e+00
6.096274419174303461e-01
6.189451989460899028e-01
2.776528777661346759e+00
-1.324522306383167258e+00
-7.209179185003815604e-01
-3.099231918287923104e+00
1.466512109133672581e+00
-2.464922355426155676e+00
2.956155043685548378e+00
1.093066924696413089e+00
4.495213255114887119e-01
-1.571591313345433782e+00
2.169206435804092337e+00
-2.023352174605261400e+00
-2.486321394367918547e+00
-1.682148043475331534e+00
1.427852545328044620e+00
-2.091563159844405995e+00
1.002560099609612898e+00
-8.731841569918961099e-01
3.949606231019231473e-01
2.538247125623184886e+00
-2.563106769787157457e+00
-7.160942263156950816e-01
1.461659327802209418e+00
2.607345013986179794e-01
-1.151730249981417042e+00
1.198849128511534801e+00
1.632768125086188071e+00
-5.878607814288825395e-01
2.858420176303438254e+00
1.742048768731319086e+00
-2.337447524450465330e+00
5.034271486273986795e-01
1.286263933857728858e+00
-2.982433648329850584e+00
2.072823208674288153e+00
-2.525162398558633114e+00
1.979511470028222142e+00
-1.729280945173761186e+00
-4.134340246245327144e+00
4.627088828619269734e+00
1.002668483927639187e+00
3.265892982577760506e-01
2.258470282886628766e-01
1.584872919075282383e+00
-4.466811639376169651e+00
-3.192976910662195245e+00
1.645266288667559529e+00
-1.878387445063309347e+00
2.603765332269789567e-01
-9.429165413034041876e-01
1.528095781627484939e+00
1.855548744502559799e-01
-1.262560892079787500e+00
-2.500212898457390143e+00
1.855462304638304971e+00
1.825877570404474959e+00
-1.166940707584018355e+00
1.952181637613009890e+00
5.768312816986220781e-02
-1.412999377241821009e+00
-1.769914465272060422e+00
-1.492589015209211833e+00
8.274741216743493055e-01
3.957882483218426728e-01
1.545198215840990486e+00
-2.480886821640054141e+00
6.418916191004875316e-01
7.637161047326284091e-01
-1.494361352229169881e-01
8.145573418266058852e-01
3.227525702537754171e+00
1.924485144379085355e+00
-3.917543584554268321e-01
-1.084841384243476092e+00
-9.840899109574561265e-01
-9.564832852478932779e-02
-1.104988847885728376e+00
2.055305566081782054e+00
8.331451467001649291e-01
-1.204006261464836580e+00
7.277300219470150822e-01
2.140129719525418750e-01
-1.516750406291578201e-01
1.335426299645057213e+00
1.239638032370197429e+00
1.061678108701869405e+00
8.081461198228705456e-01
-6.974807376022802430e-01
5.090614011557086371e-01
-3.405637495914856316e+00
-1.983885502502258369e+00
-2.660176883570466000e+00
3.521220339319478754e+00
-1.050726588586363253e+00
-1.661552212249336691e+00
4.612426972062966257e-01
3.590089980400463787e-01
-1.397042036198250514e+00
1.518892609556067086e+00
-4.996853971955186324e+00
-1.070052635260548612e+00
-3.324038166127622596e+00
8.109043249468994574e-01
2.586082190008958115e+00
1.925628357327746620e+00
-4.451993818646879930e-01
1.719991042570141460e+00
2.170596499268967250e+00
-2.304190450137752144e+00
-9.413442521513122330e-01
-1.997596041898964891e+00
-1.959356665618809501e+00
-9.001858452521762644e-01
1.483208427273606134e+00
-2.037750959482826918e+00
-2.248024863222299885e-01
1.818712963005850725e+00
2.698187591249141093e+00
-1.653707634216706523e+00
-3.610183750468151764e+00
-3.003519013574207808e+00
3.287060889575631251e+00
1.358165269480964277e+00
-2.775922823287650942e-01
2.617869655415516306e+00
2.474691437154410423e+00
1.827665459188223096e+00
1.055742794943281382e+00
-2.683828378657285185e+00
2.504651657895227146e+00
3.134720773077928513e+00
-1.130087162569906045e+00
-2.216593000167170757e-01
4.930754769695511186e-02
5.582512242521797674e-01
-2.819091298168156623e+00
2.705630792517452754e+00
-1.090351695250920905e+00
1.837896265903276039e+00
-3.201612523634409513e-01
-2.930999513006495860e+00
-1.169882047256565194e+00
-1.423477575899195102e+00
6.873309435393339939e-01
-3.347437581673604612e-01
-1.251463749024654515e+00
6.966817814572685563e-01
-1.161446077250099407e+00
7.739202594726446449e-01
-4.301132127414160067e-01
1.170328332863017629e+00
1.509994111324292732e+00
-3.505814695659892788e+00
-4.802139552146114099e-01
8.520884734239917435e-01
1.302178810085260707e+00
3.906632213549777077e+00
-6.173571791753564852e-01
-1.860584947844742487e+00
1.427380344275707813e+00
-3.023765302480510453e+00
-1.747617531241881128e+00
-6.064721440192801794e-01
3.028357673180089193e+00
5.934945748607241001e-01
-2.350852556097105417e+00
2.568004706145465832e-02
-3.056913014282685914e+00
1.909645743053437705e+00
-2.094157730681052154e+00
1.214325486797934062e+00
-1.980911498148625771e+00
-1.528223091547146417e+00
1.052280341364935090e+00
3.388867771098414750e+00
-8.296548368551004415e-02
-2.353232843672508956e+00
1.863365999110154547e+00
-4.387478194249805341e-01
-8.732445693495556327e-01
-1.804950309092845373e-02
-1.096750624290425691e+00
3.473831117950272329e-01
-2.421232933344131588e+00
3.188690637227269420e+00
1.724635018080946658e+00
5.619546412909528499e-01
7.032634846061025513e-01
6.114217530488241792e-01
2.969272558933678141e+00
1.675537768770486657e+00
-3.866033795541330420e-01
-4.399341937260157209e-01
8.699798766132094130e-01
3.085658904996353868e+00
3.581326832267555105e+00
1.053355068552436435e+00
-3.922236219055648121e-01
-8.019851425934350075e-01
1.189853078409611520e+00
-9.819022613397763166e-01
2.469262085743022084e+00
1.460637858292007429e+00
-1.055844211458127901e-01
-3.518888274310869591e-01
3.120201158520334417e+00
-3.436740140669769517e-02
-1.899050480750443803e+00
-1.921575260428992848e+00
2.960069474283191227e+00
2.296531291722423873e+00
2.330602885849853756e+00
-2.179908501337811000e+00
-1.495376667364092249e+00
-3.359968531527401048e+00
-9.973899379687551914e-01
-1.096695590406320253e+00
1.090026593212506612e+00
-4.236086223000460116e+00
4.368424043193455120e-01
7.396490557622712458e-01
4.051013968352165762e+00
-1.455041059432415906e+00
2.123687391294918569e+00
-8.923355206815655194e-01
7.968695080068455283e-01
2.061463769600564433e+00
1.709702460703970139e+00
-1.047704871063059873e+00
-1.903499449103767116e+00
7.644971314963475706e-01
4.443147400903379562e+00
1.228593021947737007e+00
-3.905041879822670481e-01
-1.008790671035126429e+00
-3.230148052584178586e-01
-2.630465888637328220e+00
5.454253767922434548e-01
2.739822713352100259e+00
-1.478804285429902166e-03
-1.573401101238289801e+00
-1.257055901717745172e+00
-4.624198365898131158e-01
-1.415190744184098293e+00
-1.336042580334252605e+00
1.047212441737457311e+00
1.407140029534826198e+00
-3.084487569983960231e+00
1.941189867891626619e+00
-3.589714673865625372e+00
2.846670702332740888e-01
-3.434810866065758361e-01
2.157803644103450935e-01
2.767237426882319440e+00
-4.942685879490769096e-01
-7.144128439446468803e-01
-2.219032523914433952e+00
1.427897277023522093e-01
1.401588465463074584e+00
4.553910669022693369e+00
-4.563088903042041622e+00
-1.289620642614064394e+00
2.359730930784619929e+00
4.721667559334026265e-01
-1.416366070639749175e+00
1.713710907782992621e+00
4.687561380287617041e-01
-1.753083767899532575e-01
-1.155204720864936085e+00
-2.646976340480762246e+00
2.969462055815386137e+00
-1.779952261959121262e+00
1.715643023044498783e+00
2.060022425084992115e+00
1.555392152874764733e+00
-1.658893995244236308e+00
5.700450718386846916e-01
9.071151543483635393e-01
-8.914771825082885570e-01
-2.238732192821792921e-01
5.000000000000000000e+00
1.313643157369783765e-01
-2.607844291523658153e+00
-7.140113159860836944e-01
-1.791842236308129888e+00
-2.525340438138909960e-01
-1.839578027435564422e-01
2.270560432958887098e+00
-1.759829580329721033e+00
-9.777347078381790624e-01
6.500424103414417232e-01
2.432249437232751887e+00
-1.729651879936202619e-01
2.015524127442907876e+00
3.038973382814038615e-01
6.621129589858290032e-01
1.207950511682752470e+00
1.671482132951616961e+00
-1.867664539872199825e+00
-6.364695316898858479e-01
-6.502288847681212403e-01
-1.935712930584316371e+00
-5.168971384421787718e-01
5.904922884248708925e-01
2.628673642210383576e+00
-1.692853185124393534e+00
-4.677011326429791893e-02
-1.412602391287074433e+00
-6.547825828928051095e-01
8.438008063733555275e-01
2.114570300757916854e+00
-2.526084716629333649e+00
1.371883358741793124e+00
2.494539002914734738e+00
2.831447272428269102e-01
-1.021414591318414722e-02
1.110077053636882916e+00
-1.037259574354413960e+00
-4.246709151832329887e+00
-8.742479200490000935e-01
-9.756701109252183812e-01
1.595614196783756711e-01
3.099296088382150316e+00
2.665322122452762343e+00
2.933792776617369924e-01
3.311332485506397916e+00
-6.912645841418312287e-01
2.033976487584634896e+00
8.189108001871989728e-01
-3.153841867604478821e+00
-5.665297113022074171e-01
-3.037435336989729784e+00
-2.860628964292342147e-01
-7.789372113357888594e-01
1.943730355017784461e+00
2.084868264268902038e-01
-1.564784828835221742e+00
-2.168689736401887558e-01
1.197448714135820325e+00
1.942156888248764091e+00
4.303118072205531774e-01
2.341142793436162606e+00
-1.678097502546568975e+00
-8.362195931720162179e-02
-1.580988345068412571e+00
-7.948520011800495055e-01
2.330828214822790123e+00
2.864585007687381335e-03
-1.318869874803645370e+00
1.176192496617323613e+00
1.703223787907081288e+00
3.175292325031829677e+00
2.911350848047754347e+00
2.036841118432317188e+00
1.770400991443381145e+00
-1.115210628358241252e+00
-1.545409632065002370e-01
4.964394784030368157e-02
1.653146375541680868e-01
4.821825250193683132e-01
1.259545324730452442e+00
2.098776574793297378e+00
-1.141960390960414795e+00
-4.162072896811310763e+00
1.685138801407091158e+00
7.704341407334638347e-01
7.738551879370803022e-01
-2.225892784935486368e+00
-1.410149084470102565e-01
1.264851575592040867e+00
2.869656016017058775e+00
-8.649815065268295911e-01
1.812444628631806331e+00
-2.489797844256926851e-01
1.628823711848284006e+00
2.696415163412078542e+00
-1.331481733175998716e+00
-1.221924990004807476e+00
-2.366949505222502026e-01
2.630133889844515238e+00
-9.439936756785858307e-01
8.371563850019008157e-01
4.559042576970625760e+00
1.397125806709908602e+00
-8.788754056909553469e-02
1.727959427725057395e+00
4.370028993182913268e+00
3.261990955394029612e-01
-2.806707374553245593e+00
-1.647043427988648112e+00
-1.325961203619563378e+00
-7.341953849161946266e-01
1.184776727494298854e+00
2.913373774190293197e+00
1.034174853911826730e+00
6.917127568359955347e-01
6.037342891603367789e-01
1.577352415575714595e+00
1.660614304311085476e+00
3.073641092961146626e+00
-1.549680681093225765e+00
-3.346532504439228006e-01
-1.107407057562793895e+00
-2.968445960336891343e+00
2.500257567438183059e+00
2.088679128283250641e+00
5.102948768498061227e-01
2.356485408182090069e+00
1.911057983181385644e+00
-3.825282726127662514e+00
2.720727325969185983e+00
9.002227263572004645e-01
1.832547350610427728e+00
-9.401948365102477112e-01
2.097957206479287962e+00
2.226755883564248251e+00
1.227739630556770045e+00
-2.268816084121171972e+00
-1.490304162530149412e+00
2.492650829627731213e+00
-8.387306717098663711e-02
5.691766245210274633e-01
1.421464542442878454e+00
-5.072909774137119854e-01
-2.423328755861580142e+00
8.713752308906794752e-01
8.258375103755444258e-01
2.497065439871981596e-02
2.225701265272165941e+00
-1.017499647755114367e+00
-2.623789810357827434e+00
-8.127842146432779913e-01
-1.673388775227939274e+00
-2.140379155299795499e+00
4.480021054920362289e+00
3.771128815585491623e-01
2.370952733420672587e-01
-1.325309550819402382e+00
-7.839183110800886922e-01
-1.858912374641716880e-01
-1.082528496329444589e+00
-1.664584075249942785e+00
3.270463637895968390e-01
1.695190005084805662e+00
8.272353880901111012e-01
-1.112771400687329937e+00
-9.346341106727642511e-01
1.010449665617522363e+00
-1.394069605555543490e-01
-1.185494409329240995e+00
-1.171856594719926647e+00
4.469801096576651034e-01
3.232195064090159775e-01
-2.073388188828096279e+00
