1.192425876833102194e+00
8.786214836909325143e-01
2.566077328696810156e+00
1.501675866649191171e+00
2.329388781579389445e+00
3.781751439772467194e-01
1.045541117772030404e+00
-8.548881472879967802e-01
9.547143278755756413e-01
2.545855011845546301e+00
-1.013168239961166339e+00
8.668944330171912682e-01
-1.884024695597589449e+00
-1.380959498689964260e+00
-1.624737123459536470e+00
-1.024259924642668906e+00
-1.677600210841481143e-01
-6.077108768776815495e-01
1.352260105047109917e+00
9.194906705085266196e-01
-2.551471460298527116e+00
3.472051136558649276e+00
1.971548297549755802e+00
4.341922268603131130e-01
1.325762098251381360e+00
-2.351661979433815830e+00
6.740414450812544089e-01
-3.452334654285442284e+00
-9.251657063313807328e-01
3.179471546545993732e+00
-1.728323654658503461e+00
8.487570631971230739e-01
6.785111471426041874e-02
3.241654514566116418e+00
-1.547355378110459867e-01
1.644638675320751808e+00
-1.048595962556431171e+00
-2.051232983192663006e+00
1.001135353521770632e+00
-3.538229389256360324e+00
-1.579530188909497923e+00
1.937183099534483866e+00
-1.690704020520006345e+00
1.456530166585551456e+00
3.224832064679439725e+00
-1.666027184394970106e+00
-2.563586951685179915e+00
1.925869322261975825e+00
1.344220797919227550e+00
-1.243864372676803498e+00
-4.867292223405748075e-01
2.633289013726667349e-01
-1.187905774569448791e+00
4.069945601445873251e+00
1.366806737888044410e-01
-3.691780843578564841e-01
1.333546344707881026e+00
-5.681521302713523625e-01
1.344483891185626945e+00
2.882685436119970745e+00
-1.015415227916152574e+00
-4.196185410773605184e-01
-2.164217255802661555e+00
-7.848160223395055368e-01
-2.295483455919855587e-01
2.953917809834020858e+00
-2.923535909883092643e-01
2.701196042304756517e-01
-2.579406298184300894e+00
1.012656321932290382e-01
-2.385209549014426944e+00
-4.457051606506352570e-01
-2.567589157677317324e+00
2.288577335055514084e+00
-1.776284058309931968e+00
-6.608283530113210347e-01
3.532193728536592303e-01
-2.008043043598548572e+00
1.094418326922756535e+00
-1.680020619479175359e+00
-9.539278613381805272e-01
-1.396507085262399528e-01
-8.798529902676577308e-02
-1.604908280527024722e+00
2.339031414559266331e+00
4.383825472711411209e-01
1.433720195279589937e+00
9.172908495047993327e-01
2.169956895273727149e+00
1.529926346592000996e-01
-2.905547953970749830e+00
2.432454802626383028e+00
-3.185505991552818550e+00
2.512773271762466010e+00
-1.927746982760069727e+00
2.423450035244311351e+00
-3.024888896366706881e+00
-2.096214745106933286e+00
1.896320274207545786e+00
1.713864891427132164e+00
1.792914154173267605e+00
2.766152938549405249e+00
-6.664854193896934120e-01
-2.264517046378454523e+00
-3.066222783558120835e+00
2.060869671616410770e+00
1.209121385241173741e+00
2.840437718918073173e+00
-4.224481593867333018e-01
5.227656117435071081e-01
-3.083089559741933883e-01
-1.505237657037312715e-01
-2.518935029825810634e+00
1.083237077049393093e+00
1.199077696703741758e+00
8.461186850567594675e-01
-2.669077526094514319e+00
1.019982934619970472e+00
1.145639069916644104e+00
-7.443301555934942471e-01
-1.102715154726853886e+00
1.821522846842444920e+00
3.383096619255256954e-01
1.574110013581818457e+00
-4.693787927855463948e-01
-3.011516968169845043e-01
-2.688512006545469291e-01
-9.676098231158789531e-01
-1.760505273970387918e+00
-2.351859540801370940e-02
1.019864972671071790e+00
2.459879652310981157e-01
-5.222316756118443593e-01
2.254914868470860867e+00
-1.872394605525329325e-01
-5.786198181735251467e-01
1.898251800994501082e+00
-6.880380515551216547e-01
-1.073644225596553703e+00
1.132236810203527178e+00
2.395599836745443412e-01
-4.975616467484602623e-01
2.911405942297288441e+00
1.448109703990398955e+00
-1.033630647256751800e+00
-3.716620874601010982e-01
3.858976176833710525e-01
1.858713080510973725e+00
-4.422262405128911666e+00
-2.176237467241354473e+00
-2.652104788921798129e+00
2.247515344877023757e+00
-4.624766186580631100e-01
-5.331215857917896983e-01
4.304135742701111766e-01
-2.202461130775263953e-01
-3.756295141363095169e-01
-1.887755893626986925e+00
-1.783000402578555743e+00
-7.151922022610248675e-01
-1.626052301603011507e+00
3.694461869546543653e-01
2.095502388724202802e+00
2.290187361277693512e-01
2.623539036851285644e-01
1.220018848214308171e+00
8.298226661312044783e-01
-1.891437289509598774e+00
8.567897038879976890e-01
-5.438324829299130414e-01
-7.137780958558916922e-01
-8.706094680088263260e-01
-7.227959195588704588e-01
-3.939887911065502735e-01
2.008246472802995619e+00
2.794110793424292360e+00
3.928869883897810666e+00
1.444754863842510062e+00
-3.271806694648304870e-02
-4.033544290645968644e+00
-1.214234428413401012e+00
-3.483956664764100708e-01
-1.063962412891849674e+00
2.328279198878742129e+00
3.522662331228429977e+00
3.114493865794059957e+00
5.333666713421569838e-01
-3.558182226441140905e+00
-7.711883888181692015e-02
1.675033404215766630e+00
7.430651587233789712e-01
6.277288021391944639e-01
-5.834667801395045927e-01
-2.130797918080983067e+00
-2.253368132135860069e+00
2.302573012473148495e+00
-7.292448882494255713e-01
1.038193074164592389e+00
2.010052713157297610e+00
-5.000000000000000000e+00
-4.320811228687109207e-01
-1.146894189746299197e+00
2.935429860953226999e+00
8.030750126613552808e-01
-1.503048727189311595e+00
-1.859990681474119611e-01
-2.717857256886777151e+00
1.302474118577539031e-01
-1.566434208832508723e+00
2.024121914202635431e+00
1.664895622056339342e+00
-3.673383229636034919e+00
5.779553682056004504e-02
1.007580207307318787e+00
-2.290144715966875300e+00
5.749736452012932375e-01
1.335198523203122711e+00
-2.387627416411758574e+00
5.743196082369514954e-01
5.883740293836208224e-01
-1.850168523469097437e+00
-9.197853568394922519e-01
6.045476724530773893e-01
6.234347350239417551e-01
-2.979932296454281815e+00
1.375680817053352989e+00
-2.243140425033937291e+00
3.388426078126089536e+00
-3.265172723662784549e+00
1.999354084982956081e+00
-5.120789085444732436e-01
-9.039994387329874925e-01
1.426120089475897856e+00
2.137968474436675592e+00
-6.046167487618063774e-01
-1.644466796599598268e+00
4.599387526429749684e+00
6.671257265022561000e-01
-1.549141285945085045e+00
-2.186757709129087512e+00
-1.077820603963397517e+00
3.118339149686631728e+00
2.374837642950007321e+00
1.417385830187257056e+00
8.554701626466272302e-01
-9.990192777380499933e-01
1.493690830949843118e-01
-8.272137899882290313e-01
3.934415214664387150e+00
8.991497062400277684e-02
-7.001416670191282776e-01
-2.970289983609291085e-01
-7.502628141839382536e-01
3.982865852909878157e-01
1.654356184513940953e+00
1.165935556254758865e+00
4.135369927769705356e+00
7.347644755751758794e-02
1.233544033514420768e+00
-5.234251588433842528e-01
2.870527474769387410e+00
1.119664912086923536e+00
-4.615090460255082405e-01
-2.818861756254216200e+00
1.121697686521148540e+00
4.869704149884555022e-01
5.034273370568591588e-01
-3.108378191146946357e+00
-7.580083518726521419e-02
-6.462839269683122723e-01
6.980971109668479002e-01
-2.776286035722508316e-01
-2.590622087894553616e+00
-2.829539889535830355e-01
-2.164993885933190754e-01
1.875999137935211891e+00
1.356858411694759070e+00
-2.654749547273102195e+00
-2.221707317428258222e+00
-7.491946449249251572e-01
6.292566874218286088e-01
-1.024267587407392099e+00
3.201382015293749106e+00
-2.325576053640817875e+00
3.078916292397570587e+00
1.235554678239394022e+00
1.421777270869809762e+00
5.752623689626945591e-01
-1.425028033322684351e+00
2.898842937853407520e-01
2.406446789732978431e+00
-9.323679285947132911e-01
-1.099147193476786466e+00
1.589961752077684309e+00
9.435395976798854889e-02
-2.138443494397883615e+00
9.805413492667796049e-01
1.126282516611109230e+00
3.633437279143194587e-01
-3.195997399834045183e-01
-1.977289482497190498e+00
1.637700988674777314e+00
3.237981363198390028e-01
9.703236178608776186e-01
8.259714567109348593e-01
3.490706469415636448e-01
-2.274484251489470310e+00
-1.614814754396143748e+00
-1.637819917353916743e+00
-1.553621879023658892e+00
2.260251742181704770e-01
-1.002991700487787963e+00
-8.624219401939390295e-01
-4.656169409863750275e+00
3.876160061249587230e-01
-2.154021476624163878e+00
3.210313639548472153e+00
2.264563233345958437e+00
3.430636323036697632e+00
-2.162679272177336465e+00
-4.231463212025561305e-01
4.056168626196138050e+00
4.788279855943136099e-01
2.917456099860551433e-01
6.995878157804291675e-02
9.910483728739327702e-01
-1.335610095501247319e+00
-3.086022671983084109e+00
-1.169968510006175855e+00
2.918654205867668772e+00
-1.696485330867903762e+00
-2.390923309555335052e-01
-1.121458212299541124e+00
1.504590029654835348e+00
-9.607553173296778937e-02
-5.891510764802010414e-02
-9.226343368389029465e-01
-2.905972735968762599e+00
2.995435598937330468e-01
2.425295618465980851e+00
1.702405516267813113e+00
-1.966535300911345097e+00
-2.708686740634869139e-01
-7.275450010932846823e-01
1.070759647335791875e+00
-2.313831687164650042e+00
1.206336382808981256e+00
-1.042751765306469292e+00
-2.282998915011100749e-01
2.566597302126789160e+00
1.752552730381604640e+00
1.386735365769054873e+00
1.243318684496266258e+00
-2.712848410767820795e-01
-2.379376934978063574e-01
-7.467401110645681683e-01
2.012104751332460140e+00
-2.424798145517210735e+00
-1.964007065799080465e+00
-1.262081294837918310e+00
-1.535125422423178065e-01
-1.435560291308020098e+00
1.500701038485017236e+00
3.572283254505196126e+00
8.732417290923066844e-01
-8.984408311605047714e-01
-3.221721630708591633e-01
9.260294900520147365e-01
1.966812537123474591e+00
-2.128633037852527554e+00
-5.936322351598803948e-01
1.882847737302546065e+00
9.613290274205184005e-01
1.280807146876067115e+00
3.776203851534045697e-01
4.308708065651055463e+00
-3.903209342148725725e-01
-2.720042554100985388e+00
-1.539274774617227504e+00
-1.229627186772748182e+00
1.114234203075064045e+00
3.358151151971220827e+00
3.208606306821684129e-01
-1.655396303667871383e+00
8.626996002754623305e-01
6.661451029129992207e-01
3.331680903336051713e-01
1.757834446543498963e+00
2.449673432757464298e-01
2.498171720662385908e+00
1.006124285099296856e-02
-1.756470683809316924e-01
1.593809516715698038e+00
1.152026028662572976e+00
1.360319919909400710e-01
-8.457586681480844248e-01
1.389049566091005161e+00
1.566830313795447793e+00
1.680040126850403936e+00
1.924520425920484001e+00
1.781332158647482622e+00
-2.903855129692075820e+00
-8.678236294872814227e-01
1.001893265433283275e+00
-1.271017728082436626e+00
1.100820979698974966e+00
-1.008281775504016764e+00
6.301709597929292528e-01
2.218118236325864245e+00
1.367157798165208327e+00
7.304315398207670285e-01
2.186800658292010979e+00
1.885845779590150428e+00
2.033671220656804834e+00
7.391654178201401137e-01
-2.455242992109752720e+00
5.568795345871464519e-01
-6.681505109924819052e-01
-1.879680923349813959e+00
-1.661570468538009049e+00
9.511879630552648734e-01
-8.869060445960004202e-01
-2.351358659625906178e+00
1.197071688214018437e+00
1.656523706048957045e+00
-2.078031379606998463e+00
-1.510984587840050963e+00
3.268107950086260871e-01
-1.845097862046605197e+00
1.163127533451243423e+00
-3.982874660872840700e+00
1.999608046066922995e+00
1.015278685840691253e+00
-8.051746249247537790e-01
1.109821465802388829e+00
1.880445958264399309e+00
1.252876940271145934e+00
-3.495877818003241266e+00
7.175929122464026477e-01
2.252666605106634634e-01
-1.293502297410929813e+00
2.403797493619721948e+00
2.135271692210498173e+00
-1.126975411034359276e+00
-1.139099106727358368e+00
3.881326119515485118e+00
6.700768545610955584e-01
-3.631390654921390571e+00
-3.742615570274399062e-01
1.725093850148056163e+00
-1.701444316878415908e+00
8.654246228254045548e-01
2.741551577939485007e+00
1.398715616639538695e+00
1.059778705243681785e+00
4.575912575355566503e+00
2.255798805392146278e-01
-2.082315686142027111e+00
3.531945750780181470e+00
-1.461433062592776722e+00
3.316283995803228635e-01
-2.304760305364768058e+00
4.270795891155536594e-01
1.456706281422439631e+00
2.798616808784032628e+00
1.279429050882034957e+00
-7.510453838937820592e-01
-1.292025531157616758e+00
-4.272463829093567256e+00
1.625347360491701032e+00
2.590383346071125636e+00
-1.129350491959382197e-01
-1.725186987364425661e+00
1.046629913382650656e+00
-8.257956709289793196e-02
7.573513151915438613e-01
1.911962219009851971e+00
-1.293100852575669979e+00
1.588200674223065434e+00
-1.505687039442078046e+00
2.400961686082325741e-02
1.271351064646651707e+00
-1.125621828200138008e+00
1.247276002756568580e+00
-1.017249038933518701e+00
2.755085453380939242e+00
3.976363484757333921e+00
3.184656020044435820e+00
1.047828793931151026e+00
7.366183692804773031e-01
-2.736346169964969377e-01
-5.888841260802237798e-01
-2.915632597344437027e+00
8.085757211422448520e-01
1.508857734274253737e+00
-2.495770133886394682e+00
-1.411780634428638770e+00
2.939731159306695929e+00
-1.366516375938573447e+00
-1.795459849245441220e+00
-3.419008762719266681e+00
-2.329751558363081010e+00
-3.458502681512817034e+00
-5.561634486809001743e-01
-2.398283354011572222e+00
1.308546396592422667e+00
1.568140915139405678e+00
-6.628355492241819746e-01
3.588487149364416595e-01
-1.005113158253343464e+00
1.027859512390591590e+00
-1.627086972458243963e+00
1.248191440568016120e-01
