8.447079848433913796e-01
-1.310448537898235344e+00
7.674069375078085287e-01
4.488542259155492431e-01
2.646108915254155036e+00
5.947173075586764668e-02
1.841667246301637029e+00
-3.799388664410070504e-01
-8.768969421880346005e-02
-6.778272710600585782e-02
-6.134788079787787396e-01
-1.956404011189176728e-01
-2.343750956749079961e-01
-2.423755116150436706e-01
-1.460348249428191636e-01
3.376662057057000510e-01
1.749562242860305261e-01
2.737227135015984913e-02
6.098313019860714945e-01
1.381478371298127783e+00
-2.541125983937759347e+00
1.343757124679360260e+00
1.009116080267181914e+00
2.235247159693791730e-01
1.905519372895625452e-01
-8.731449862587723487e-01
-3.978754575169753949e-01
2.109395943970184817e-01
-6.691780688474553429e-01
1.259043848991967529e+00
2.717001392922835379e-02
1.096071700590898423e+00
8.472875154203673986e-01
1.512784812653249489e+00
-1.517288840197253741e+00
1.520734879359029179e-01
1.595819182497573152e-01
-1.192629207992419893e+00
-6.832509825390467029e-01
-1.511941198963099531e+00
-1.459139566600599736e+00
1.479598953218543400e+00
-1.876265793432816409e-01
1.104264803088476299e+00
1.226233148078604174e+00
6.962154927074415411e-02
-2.821392932687949440e-01
1.106300576708881600e+00
2.027305575975413277e-01
-9.986127420179524705e-01
5.929974914858426871e-01
3.360506038718025223e-01
4.309400851733924398e-01
1.763443296959668949e+00
9.518383807609804848e-01
-2.495103827830433829e-01
1.376366602308388920e+00
7.461944681640577670e-01
-2.689419576361204989e-01
2.132799406873781223e+00
-1.859845070746009021e+00
-1.262322457646720242e+00
-1.095272311088224537e+00
-5.605882914885178536e-01
-1.342519705427065446e-01
1.680054513730205201e+00
4.247013217144157693e-03
4.353548663455066858e-01
-2.405653720570196441e+00
-5.537038869130963548e-01
-1.119033481139214636e+00
-1.234368438758524533e+00
-4.607164003553068099e-01
8.813421414700819412e-01
-3.592608088185675896e-01
-1.024003838076997575e+00
-4.826991417288439834e-02
-4.263255073468137368e-01
6.729658879445228337e-01
-6.004900539212671973e-01
-5.011498443805697534e-01
1.083978689000357321e+00
-5.379241585161009809e-01
-4.715151169516929031e-02
1.348905220620140177e+00
2.853594616444210530e-01
3.127896712582440841e-01
-1.334111421046904056e-01
8.837205089063848718e-01
-2.090260625422857288e-02
-1.100977532841437068e+00
8.221585097598085312e-01
-1.390175048442371164e+00
2.144482344328377366e+00
-1.266855587088028479e+00
2.680387865133530667e+00
-1.119667785574118835e+00
-2.399447827714626058e+00
1.274545033955419626e+00
1.623174113096599314e+00
5.636295481246236250e-01
7.847969405981221058e-01
-8.247768753080064741e-01
-2.345468458888907648e+00
-2.452469612139765331e+00
1.657298307479894817e+00
-3.707014494337110833e-01
1.202203105832647445e+00
-1.075994590130409989e+00
8.030513839158706091e-01
1.026322271363695471e+00
-6.974020301958709922e-01
-3.150307705780539536e-01
1.324631418310929121e+00
1.357230317082221305e+00
3.082620326874856431e-01
-2.421468727570283974e-01
3.150901322209449518e-01
-1.205671033712552020e+00
-2.739272880934855436e-01
-3.553765530948025386e-01
8.480014729689511199e-01
4.849131248371136849e-01
2.300501741457273042e+00
-1.719090197634768558e+00
1.773710945292181762e-01
1.893947400550111126e-02
1.723376573730330819e-01
4.665969182978582097e-01
1.780669411757626719e+00
6.196128613079743275e-01
4.656753305008383137e-01
5.847540344370294463e-02
3.379060812218472876e-01
1.736474687519704574e-01
-5.006194496872904409e-01
1.550903132246665983e+00
4.642536893950124366e-01
-9.282661852688978144e-01
9.839560344336479858e-01
2.211428894618929775e-01
1.860633653750562999e-01
1.145517671854895170e+00
1.136641980505093130e+00
-5.970179082491000599e-02
1.110758156258064844e-01
-4.208760432416607244e-01
1.538607142271253281e-02
-2.424069666047345972e+00
-1.246562376644124281e+00
-1.964460962746723993e+00
2.680547489760110480e+00
-1.017849424556759530e+00
-1.168289058319311291e+00
-1.086032958701297346e-01
-1.484692403002233263e+00
-1.089230386531071737e+00
2.676830145896218482e-01
-2.525161012265838778e+00
-2.181713696737119790e-01
-2.261306974629122113e+00
1.232937071579915056e+00
9.487347070160900842e-02
1.576818200936875414e+00
-7.835975128006316126e-01
2.065863170523147829e+00
6.475942045747054010e-01
7.600465125610078587e-02
3.329388863629310080e-01
7.539112981824835913e-01
-1.004423213078672106e+00
2.930128791354480455e-01
-4.099890872781672968e-01
-1.259659750173109938e+00
5.546518531393012097e-01
1.095875608818877467e+00
1.834480451083051022e+00
-2.806849984453672064e-01
-1.667849060029035879e+00
-2.025981751897025340e+00
1.630869326690689292e+00
6.112136753908288256e-01
-1.165237620823641684e+00
1.455156505331807182e-01
2.226342541808331355e+00
1.653189199051158909e+00
2.394015446311765771e-01
-1.827165617898752092e+00
3.576699601971613518e-01
1.892524296526813643e+00
-2.448426827447143239e-01
9.538045191469635142e-02
-5.443727907735516069e-01
7.582439576450097363e-01
-6.506542604322520518e-01
1.026563417858165295e+00
-1.542660894665249138e+00
1.735922940817486548e+00
4.946767737655655139e-01
-2.102370984995834746e+00
7.263524491991901755e-01
-1.614250754416802103e+00
5.156742314707942754e-01
2.360245296948280114e-01
-4.621704667192769733e-01
-7.160656472775865922e-01
-1.060871037738419620e+00
1.716489637187432749e-01
-1.382826783318855668e+00
8.418608439204593452e-01
8.919693295515829234e-01
-1.814081646768004319e+00
2.323190981489577922e-01
9.239333236017754913e-01
-3.863789595445537017e-01
1.768733625430360057e+00
-9.557324961192037449e-02
-7.297243992324951023e-01
1.718012175404659558e-02
-1.024687147351994732e+00
-8.030205831896255475e-01
-1.002223947910115598e+00
8.423594919234922429e-01
9.354998427593255172e-01
-1.908468900579927130e+00
5.298067157255026416e-01
-1.633451047071795337e+00
1.256405042320874799e+00
-1.033813979649552905e+00
9.208926216521371444e-01
-1.662193665602700321e-01
-1.585510287405786478e+00
-3.427002249895689800e-01
2.250691459594858834e+00
-4.368570808064582423e-01
-2.322988513022964163e+00
2.041113686491643264e+00
-1.963651622747786263e-01
-2.913459031210194894e-01
-1.428382878187392180e+00
-1.589647732256352697e+00
9.989267121672789074e-01
-5.965076831347646547e-01
1.353266326953585619e+00
2.996906624394739538e-01
-5.321017676833941223e-01
2.509458607717904854e-01
-7.151580542704660814e-01
2.127400634791810852e+00
4.705555134601890899e-02
-1.754058610418121500e+00
-9.429554408963873868e-01
1.156227641963013753e+00
1.182341573403268065e+00
2.831172606268945735e+00
2.338194296483369072e-01
1.235372806298075332e+00
-3.317800006136177871e-01
8.736778111670320257e-01
-5.015423284997257980e-01
1.767767340213986849e+00
1.380353719056435224e-01
-9.952798245847018777e-01
-1.077934728783588980e+00
1.899021252066487975e+00
-2.228600798613031841e-01
2.274095171396073312e-02
-1.587966162239073942e+00
1.306579826011841305e+00
-7.720011291026640521e-02
5.071515898933096622e-01
4.039807184716650568e-01
-1.432386232812917548e+00
-1.081520655027778055e+00
-1.062979055940160844e+00
6.275355800144737373e-01
8.344968244249066913e-01
-1.982071790228405739e+00
-4.022611802002966641e-01
-4.083845408446276082e-01
4.989130185507377746e-01
-3.922243104336153863e-02
2.384348241420597425e+00
4.110134103408871198e-01
2.440682941020675401e+00
9.741241230807471396e-01
1.439087469172121381e+00
-4.271968689122793705e-01
-4.813917410940433683e-01
-1.025236770801187802e-01
1.555694820762333563e+00
3.807901043579020595e-01
1.069962770043004774e+00
2.786267927164676195e-01
5.221218970120835579e-01
-2.265141057898509391e+00
3.843929750340500107e-01
4.094805266717020942e-01
-9.545816479743924887e-01
-1.129239651971645220e+00
-2.592902191372274512e+00
9.075903380345167193e-01
-5.290243779835748228e-01
-8.604165505791909752e-01
4.779665954595735400e-01
-9.169047938460836988e-01
-1.659907220589322829e+00
2.255159972363216525e-01
-1.997721119871680440e+00
4.986992825462728263e-01
5.559614709029592206e-01
-3.575331593481347880e-01
5.279374715600653190e-01
-2.211802486801034640e+00
-2.111838488356436727e-01
-2.099891676642517968e+00
-4.282249434446345759e-01
9.299757290016401612e-01
2.022422163601108380e+00
-1.311782253118973784e+00
-9.665664930648780739e-01
1.917703596903058028e+00
8.883891238014829383e-02
3.227983653677313214e-02
-4.297328042284975780e-01
3.376858146647157000e-01
-1.114281241144751355e+00
-2.988575744559402558e+00
-9.606266604522648578e-01
1.386933803045026004e+00
-8.153815227571286073e-01
-1.466676957724919461e-01
-1.226253242623362993e-01
-4.063996104657947583e-01
-1.107486666090615746e+00
-1.867862301472893449e-01
7.051158576892158081e-01
-1.636814466843833138e+00
-2.207196706894141158e-01
2.066487219791486751e+00
1.284535708652498442e+00
-1.981244079293464466e+00
-8.855361288351009108e-01
-9.488668702995823878e-01
1.038222517698238256e+00
-1.138946475807971481e+00
-7.256141593885248042e-01
-1.100914384499543708e+00
9.866873702646010713e-01
3.623103814052743843e-01
8.705246242988469163e-01
8.779569734513561485e-01
1.035857937842017407e+00
1.535594981822452354e-02
-1.117300310517377326e+00
-1.394074176949833710e+00
4.382918393600787610e-01
-9.173884817642559142e-01
-7.731996513388947889e-01
-9.574963623288779146e-01
-5.055147123296457323e-01
-1.297400725370302155e+00
4.003330864275120859e-01
2.258835713303656512e+00
6.073817377349755020e-01
9.875482208050634370e-02
-9.658294307787764765e-01
1.921322161308936849e+00
1.426613193443779792e+00
7.857066448379779189e-02
-5.941723964953240511e-01
2.513235846589165767e+00
8.995678761192369421e-01
7.544850309925799081e-01
8.647444982363428068e-01
1.216380023474211924e+00
-2.616503442511817212e-01
-1.446710368487242881e+00
-6.538674204111325494e-01
-1.417682363208356833e+00
8.722917497404854004e-01
1.038171879934189690e+00
4.894527567191806483e-01
-9.654600635474057668e-01
1.519675735269538919e+00
4.861564063046515116e-01
-2.241476413657581546e-01
1.766487650312278390e-01
-1.570075286489949207e-01
1.320067047941448912e+00
-5.463541520684156438e-02
-3.621687878463761834e-01
1.207429079732377453e+00
1.705512857641988234e+00
-2.267275895335227887e-01
-1.279948867233091647e-01
8.494520223586210506e-01
9.098131803653783933e-01
-6.420640179560512806e-01
4.816443887510821753e-01
1.053869465437720976e+00
-1.824668321903915480e+00
5.357990950107085482e-01
6.143592316709316492e-01
-7.228662907537053428e-02
1.743482732261166568e+00
2.524280686693405329e-01
-1.605081087719600674e+00
-7.708038389397486867e-02
1.171257989528138310e+00
9.687841230861664599e-01
1.988113248703538005e-01
8.564608018026902414e-01
1.530334510555903194e+00
-3.469711930811349987e-01
-9.970900859869633592e-01
1.018731337755196975e+00
-1.951291569945796667e-01
-2.827090184432021758e-01
5.008315936754321740e-01
7.860609202670643114e-01
-4.778020132857188074e-01
-1.404413400629791031e+00
-7.431440451915349854e-03
1.247721348802071084e+00
2.007162379424531906e-02
-1.247114015240222695e+00
3.332999641669758262e-01
-1.199807121299956147e+00
1.139072362317364195e+00
-1.817090896254274668e+00
1.878486231724600941e-01
-9.402814042195029032e-02
1.016939587656553456e+00
2.220056620952082227e-01
8.834153905962587316e-01
-3.326474545218225387e-01
-9.827726810397097168e-01
5.844934156130543457e-01
-1.540077305251923434e-01
-4.948552254802649486e-01
2.124131690204389855e+00
1.539686887077582611e+00
-3.214719613087142491e-01
1.965429583726974627e+00
1.254696754840461281e+00
4.356776060550320295e-01
-1.249382710918082395e+00
-5.004987270982699243e-01
2.919634139712385945e-01
-6.522159393705369013e-01
8.867681327816425707e-01
1.799411582281661204e+00
-2.881817108899182855e-01
1.848627296883503135e+00
1.160509879554362911e+00
8.528370433167342668e-01
5.176173693153005573e-01
1.967626338896356408e+00
-1.184108469541558240e+00
4.329005182229783699e-01
-1.098410394150610703e+00
-1.720324339906599498e+00
1.016801846661225639e+00
8.249985409693696425e-01
-6.795908507669370380e-01
2.522275206303419282e-01
-1.390028468519739491e-01
-1.595752870897997333e+00
1.540174830416382257e+00
1.232961214023472252e+00
1.015466963350234231e+00
-2.658572967040075952e-01
7.509334051289222600e-01
-3.332042049744448065e-01
-3.904658920572749992e-01
1.511387296755248855e-01
-3.238113629392538328e-01
2.293303285131908176e+00
-2.578769681248687107e-01
1.035104568521223456e-01
6.570911099719847215e-01
-2.696011710973778008e-03
7.955289775439577937e-02
-5.424975409613379540e-01
4.948923265239280056e-01
9.597272767868991750e-01
2.061992564359918845e+00
-9.336897574126368227e-03
8.134531837933067777e-02
5.753972497914396911e-01
-2.134212037556056707e+00
-1.890160185450706187e+00
1.387358298921251176e+00
1.105490451219537817e+00
-1.973182218930338294e+00
-1.312717038139508574e+00
6.358966438828961287e-02
-4.087533402890475287e-02
-2.396446983283896159e+00
-1.459922459365316172e+00
-8.886202736255306434e-01
-1.400610366065890400e+00
8.148160174656826626e-02
-7.995094347886286812e-01
-3.640353925856976147e-01
1.120134097684045926e+00
-3.060500795940948038e-01
-2.616738706832029138e-01
-3.884026579696264747e-02
1.206062665774982001e+00
-2.004275304959453052e-01
-2.025284899738988287e-02
