-2.627912444043811746e-02
2.635482666860450962e+00
3.916524837389623315e-01
8.165593482154065441e-02
1.378797908646776094e-01
-7.978099798592790393e-01
1.708358294169240565e+00
9.496341142494930665e-01
-9.742401232835113944e-01
1.091673365095400250e+00
-1.881363991102602107e+00
1.460582286320567746e+00
6.086889931978500812e-02
1.750038272769039338e+00
1.054438812679289406e+00
-2.080331583517156524e+00
-1.578163691407833191e+00
-1.141349936912789520e+00
2.046896092048031690e-01
4.092760691547425722e-01
-7.404058270548672382e-01
7.281028171571275465e-01
1.222048418616317633e+00
-1.111509313899423645e+00
1.558140633202530267e+00
5.159126356446597228e-01
4.538203410538095284e-01
-3.841307550255328440e+00
-8.680993429330952083e-01
1.349631772532191576e-01
-3.836398662120323877e-01
-2.656294995344241183e+00
1.434485943349306680e+00
2.453092525615020669e+00
7.111848356888295086e-02
1.478883072201552018e+00
3.571397411558230317e-01
-6.874843774664345375e-01
-5.529531973839452164e-01
-4.169805474770171827e-01
3.284182678506335051e+00
2.638208993169763872e-01
-2.107456049670383358e+00
-1.554037495707110139e-01
2.504669511234039803e+00
2.141042806724918535e+00
-1.921231602418258522e+00
1.474693326509334490e+00
1.654129484897463698e+00
-1.339264825603373232e+00
-1.233611454113940464e+00
-2.702665152699530449e+00
-6.176913581160459188e-01
-1.655236179242965289e+00
-1.365066372674592632e+00
1.260971307353583093e+00
5.565241907965887691e-01
-1.122090465948555771e+00
1.310367543264723267e+00
1.851562721411851520e+00
2.617449326189439596e+00
-1.232138645804297106e+00
-2.525682918953647160e+00
9.781333663351823304e-01
-1.218228696456427063e+00
1.843959868799974089e+00
-6.076859850146529851e-01
-1.290944406254111332e+00
7.128466832230326844e-01
2.046645083660605380e-01
-2.027343069289196276e+00
-2.197129049199419981e-01
-1.600216254329543730e+00
1.556423770534544282e+00
-1.474513251621933474e+00
-7.328539663935309534e-01
-1.541121360974855747e+00
7.582017017065654230e-01
8.566006603663023355e-02
-1.954557402682008505e+00
1.779414417896170164e+00
-1.973069185368121481e+00
2.206981941881332787e+00
-5.945627346978987759e-02
-1.866876348838033550e-01
-3.419907471123622145e-01
-2.498830573418171497e-01
3.375357785362570695e+00
2.816246516451096582e+00
-2.732434790046847084e-01
7.264073574162601687e-01
-8.275885148319250817e-02
-1.652875145892195086e+00
-1.228852269234522065e+00
-9.942633609800299865e-01
6.452348352444019497e-01
6.885894429555783347e-02
-1.832244989447127992e+00
1.404155123420043338e+00
-2.541066323941612026e-01
-2.976613408477277734e+00
1.952423302239019165e-01
1.260100652096923568e+00
-9.788687933069963876e-01
-1.011302471585309171e+00
1.174542186063375127e+00
1.633208131367397620e+00
-1.568911656285053802e+00
2.922764618046631568e-01
-8.468768199066900593e-02
-1.353348001971320436e+00
1.555161495835699625e-01
-2.902274802930052466e+00
-8.850906607725717024e-01
7.103559083845834010e-02
3.127899411398367135e-01
-7.262558739733835367e-01
1.804543033744684166e+00
-9.503682303644556129e-02
2.583228558563099853e-01
9.348597589154685750e-01
8.245748198793201311e-01
7.669223243565790327e-01
1.426652532672576967e+00
3.382751291643142366e-01
-6.130743488397358831e-01
8.642151992695872309e-01
3.434584879319944051e-01
-1.646042296137464334e+00
2.277444622642201821e-01
2.682554375223631382e+00
-4.761507205579889046e-01
-1.099130679568316449e+00
1.501405055301852087e+00
1.061555234307053119e+00
1.208463322977308074e+00
-6.449451587768564309e-01
-2.005591391465666451e+00
3.226022766168910039e-01
1.402913742633840499e+00
1.776766407228258515e-01
1.046023680417070167e+00
1.474523471528716989e+00
1.052655711571787833e+00
-1.370010418406871100e+00
-2.787087513201544908e+00
-1.764535129894762022e-01
1.474395257415924476e+00
4.300385585986346015e-01
-4.619973210556285181e-01
1.096497903651162176e+00
2.766569530058813342e-01
4.049850089267650333e-01
5.163967870069496868e-01
1.751295804271977730e+00
2.818107865230974340e+00
7.540915207491760697e-02
-1.702021996672089532e+00
-7.214620987098543381e-01
-1.939340342893083324e+00
-1.683490546488926043e+00
2.930992743780791443e-02
1.239614621756266466e+00
1.285074593827242317e+00
5.719854903373597921e-01
-1.586558540454851673e+00
2.871945026175865223e+00
-3.861946964844698016e-02
-3.939155844854456134e-01
-1.144652427029035024e+00
8.253794564063348105e-01
-2.934434776689958113e-01
9.417511134824394503e-01
-1.754856812324783633e+00
1.739571181273200651e-01
7.668457454132600049e-01
1.846285308102418199e+00
-3.065158857405048121e+00
9.166488222443192058e-02
-6.776568361816144304e-01
-9.134468707218719175e-01
-3.617668251469110530e-01
8.355609895085622796e-01
2.689115605037164514e+00
8.846150462078137267e-01
-1.138932579040247806e+00
1.717711762362248429e+00
-4.081766664755726914e+00
-3.096629352968847115e-01
-7.746931927705160703e-01
8.414384163087786916e-01
1.853423143117943539e+00
2.629806582090512990e+00
-1.580329530026076679e+00
-1.545705553965239343e+00
1.000937981757026307e+00
1.192612320876391685e+00
-1.508749421204704788e-01
-9.066455608884815831e-02
-1.792654771524279766e+00
-4.085836220568577204e-01
1.101043079063861896e+00
1.310135646167119639e+00
4.267931275700398430e-02
-2.308113017772623898e+00
4.255193212098564715e-01
1.145651293795214798e+00
7.755368777811852965e-01
1.049408631960892180e+00
1.391451520879057213e+00
-5.466835018351590136e-01
-1.888311681861178926e-01
9.000356384207801597e-01
-1.553991203704381263e-01
-7.035970847401671335e-01
-1.647817519069467718e+00
1.092858775650023873e+00
-1.745628549506925697e+00
1.519230946771177315e+00
-2.830262534376739580e-01
-1.377130522123693801e+00
-2.192807789596058488e+00
3.562879703612553683e-01
6.930692620797298531e-01
-1.289403504962453262e+00
5.825949259473253150e-01
-6.295180163529776607e-01
3.006274886313871519e+00
-1.758501020846053198e+00
1.563254944755781750e+00
-1.538745987871324328e+00
2.515094226100469399e-01
8.500839711322711878e-01
2.287969095440258727e-01
-7.708801948896715217e-01
1.210088846753540892e-01
1.625102718923619349e+00
1.662481738566599532e+00
2.883651646811546954e-01
1.252952766532693829e+00
1.047578840567715552e+00
-5.756584526965298210e-01
3.607303206690275488e-01
1.255838101420430064e+00
4.001782763460903780e-01
-1.114873587890652828e+00
1.507846836293684767e+00
1.561326534694905455e+00
9.457875980401038163e-01
2.070445820395985237e+00
1.404778847525820495e+00
2.328439756845712694e-01
-7.923059310612874384e-01
3.204395920212386173e-01
-5.787854853361293905e-01
2.399270489305539655e+00
-1.138000095856007476e+00
2.183797953398165959e+00
-1.162933940408270139e+00
7.391832016922830206e-01
5.681292989991035824e-01
-4.352000594582214887e-01
7.084162711399599743e-01
-1.332385655464245033e+00
-2.001722488936953148e+00
2.210740527507500275e+00
-8.335357984142142129e-01
-7.035096052640721354e-01
-1.647271219625627392e+00
2.138241410315403712e+00
-4.224762536822703751e-01
-1.294090156924209811e+00
-1.565966287720298666e+00
-1.527286776911491728e-01
-1.252083272898985467e+00
1.280330042157054038e+00
-4.240638227726938325e-01
-9.589117215771683078e-01
-2.064500503834869161e+00
1.742198665302883143e-01
2.670044656019747720e+00
-1.627881696414261725e+00
1.095818971025350308e+00
-1.807685120417621416e+00
-4.908955388595570568e-01
3.424929566897505495e-01
-2.410831137356916898e-01
-4.020739308948941826e-01
-1.583307185542271345e+00
2.388157119571198805e+00
1.119102793491089542e+00
2.725426579016431816e+00
-1.014910857448514392e-01
-7.473802950668861911e-01
1.237118172842791353e+00
-1.086910961309777157e+00
1.607545745097290535e+00
2.453405193379899707e+00
-6.903536068035647233e-01
1.571967535495490509e+00
1.072100939186827695e+00
5.835857637454999747e-02
-8.839575590738268929e-01
1.769434151069068761e+00
1.922219211421378304e+00
2.298647627671517313e+00
-9.213981898530922976e-01
6.228261681929030402e-01
-2.151435453785666141e-01
-6.521043111311897178e-01
8.087758550696566573e-02
1.500860433088504919e+00
1.602498203473463612e+00
-5.343269578642431128e-01
-4.347838801960755006e-01
1.967160327638413975e+00
2.937167195672021336e+00
2.483136828965875509e+00
1.366151369195840459e+00
-2.602931018117232931e+00
1.807840311853956550e-01
-9.634583412944763836e-03
-6.520276830347224717e-01
-1.450203767867406235e+00
3.520908044606548160e+00
4.954673374028288890e-01
1.535967879754768006e+00
4.875938727164221831e-01
-7.785885616298644507e-01
4.053987914390919656e-01
-2.658649920887229179e+00
-1.274608256223893399e+00
-6.694205538461197591e-01
1.871887821256872364e+00
2.615410670355389655e+00
8.808437759904581554e-01
5.905451981046629939e-01
3.467179421977162335e-01
1.826904809941529706e-01
1.076299722139797410e+00
-1.316893961139479874e+00
7.716391807697782212e-01
1.823899757490589302e+00
1.045481449280737607e+00
6.963786976108599092e-01
6.000612457396847788e-01
1.929472314881323314e+00
7.025020316474890336e-01
-7.675287928247689351e-01
2.220488746055993445e+00
4.128127786786137676e-01
-3.234146285525092424e-01
5.698709705535378589e-01
1.651482969045662053e+00
2.921603968553724506e+00
1.657182602218657763e+00
1.254880872962928606e+00
-3.281938506550058143e+00
1.419347663467155130e+00
1.115806888524141449e+00
1.316607115371875025e+00
1.202470503327512930e+00
2.134905269895915225e+00
1.572447251514539346e-01
3.675521700028578920e-01
-8.823154500661258837e-01
2.886587728495513261e-01
-3.161093394131609280e+00
1.023057653583402171e+00
-7.053885386433895732e-01
-2.186885762273260703e+00
-1.614371132481982052e+00
1.365907099255389667e+00
2.672104132894080664e+00
5.896612816178912198e-01
1.194768963703261022e+00
1.078261329981175187e+00
-1.610899667866215523e+00
1.465698687298031544e+00
3.499788751233801065e-02
-1.763114543755186947e+00
1.263456191848815635e+00
3.796061891747601891e-01
1.640500032723394952e+00
2.779341615354693928e+00
-7.335397916886963188e-01
7.574073229375617444e-01
-4.024888532490979998e-01
-2.447332582420612024e+00
-3.191761904883945178e-01
-2.470259659137106656e+00
3.934148190759323427e-02
-1.061186388371941902e-01
-1.270513963119253020e-01
1.542021465667170688e+00
-2.535336782633843988e+00
1.028793984190210509e-01
-7.446581875865909694e-01
2.117081864538883806e+00
1.172185193777339762e-01
7.272095996968452880e-01
-1.252138954391366354e-01
-7.428886230323872297e-02
6.555987416290989245e-01
-1.264460912018212646e+00
-1.546848558761704240e-01
-6.275296743347267281e-01
-2.158437997061923852e-02
1.265053441215031604e+00
4.602513586295327030e-01
-1.399981845572936479e+00
2.257055999489312015e+00
3.597806145785584775e-01
-3.880991190016205294e-01
1.058206235093831715e+00
1.008713037896988851e-01
2.274748646677071662e-02
3.626929818498130231e-01
-1.348691748918798172e+00
2.961357167267486545e-01
-1.205272378778370790e+00
-2.049807232442935057e+00
1.140777289033421127e-01
1.050946497732262230e+00
2.101397321942039653e+00
8.584075212386110820e-01
-1.018800131256025754e+00
3.605076305561913941e-01
-6.734097125511091519e-01
3.496985213192971287e-01
-1.600533241109660665e-01
5.345236620259115057e-01
1.784929640473935208e+00
-1.082198792668456200e+00
-8.549130621225575766e-02
-9.154860781562694783e-01
2.745140525363654049e-01
-1.797584261784841431e+00
-1.557317160450972793e+00
8.375080721747076851e-01
-4.600306377885754472e-02
1.090347791143288170e+00
-2.159835080446947497e+00
1.310688643057281055e+00
-1.718837752130927043e+00
1.423100626364568910e+00
-1.557406160176562082e+00
-1.562949994691748223e+00
-1.734963010716243925e+00
-7.128316275197503771e-01
9.433471443835728110e-01
-2.478777208819252120e+00
1.073382898199182200e+00
5.802127328524306904e-01
-2.408538629495354577e+00
1.264315834890988199e+00
5.262456293380530781e-01
-1.475388086326461234e-01
-1.204306966665385836e+00
-1.304991502149615012e+00
-9.531329832152213299e-02
2.087917097009370337e+00
1.501691564504517018e-01
-1.296830160646453844e+00
2.000580619537482008e-01
1.449225867772405252e+00
5.307414247636579319e-01
-3.075650165503583722e+00
-2.031341958004377890e+00
-6.452928346559740902e-01
-6.503518155346190710e-01
1.096148097278257794e+00
-9.072502621291143043e-01
3.576478526744686803e+00
2.618800187378802491e-01
3.087435560016873026e+00
-7.587785398217627986e-01
-6.309944740924553486e-01
1.249445051045476873e-01
3.824793353770328252e-01
2.847180803983642150e-01
1.345517729477614388e+00
1.129157143963400500e+00
-3.000744551739673582e-01
1.496146144524220567e+00
-8.596446868430458466e-01
2.076395930210114038e+00
3.420826336334803486e-01
-1.575121741181053636e-01
-5.177909638842237428e-01
-8.385735123437854099e-01
1.187151996666669262e+00
-1.419711199749878361e+00
2.637485911065082789e-01
-1.345154868028966888e+00
1.755295945890569698e+00
-3.814692573097557826e-01
9.951131885636144148e-01
9.113338444330034704e-01
-1.796836628970057692e+00
-1.555677109702369165e-02
2.230258258996680176e+00
1.609572093418487171e+00
-2.460690586640721378e-01
-9.618321911226672682e-01
1.141113908506831365e+00
8.471534849234299003e-01
1.826236536522822362e+00
2.179258932190464293e-01
-9.268978041979005766e-01
-4.519365955662273393e-01
-5.271052373761984100e-01
-7.770101676495340115e-01
