7.833331647977495038e-01
6.011837168597224945e-01
1.229668876458718252e+00
4.535901156420329983e-01
5.573411696437213791e-01
9.312863076428454789e-01
2.131221921141682074e+00
-3.201958303395819883e-01
5.121011406018549650e-01
2.111123642966767022e+00
-1.134665250642278966e+00
7.684600581683103115e-01
3.494643141248623408e-01
5.030531091116081654e-01
-5.542535154370771266e-01
-1.203412445179522727e+00
-1.212233890337266029e+00
-3.911149540367944155e-01
7.502208723800860568e-01
-2.781595588876131231e-01
-2.188903469207744479e+00
9.040486100609363973e-01
2.336935241282298570e+00
-6.597574135865045264e-01
6.517066037666952028e-01
-1.804269352234085133e+00
1.863456025315262110e-01
-3.094716351947304211e+00
-1.377592223463196319e+00
-7.111246973832585638e-02
-9.413423611224924770e-02
-1.323729416983150386e-01
4.760864762441672227e-01
3.107404312327794571e+00
1.202485477143921955e-01
7.212795491895818145e-01
-6.887310739414447269e-01
-1.643264033353029063e-01
4.927755051965663213e-01
-1.775791303473081229e+00
2.350234379706304111e-01
6.206516445188015041e-01
-1.768299179089419582e+00
3.615267448181231913e-01
3.739864415899557315e+00
2.443452718311718286e-01
-1.272884245675804937e+00
-6.747057082245255799e-02
6.949544320215643722e-01
-1.347724704738766377e+00
-9.860208586433554245e-01
-1.827044803036821374e+00
-1.354417720946940129e+00
4.673736779382453577e-01
1.087145290087494942e+00
1.879162645370264784e-01
7.362917626318381537e-01
5.398544322728522360e-01
1.002033764354961498e+00
2.341448806781007974e-01
-9.696110725552324894e-01
-7.268822533758161342e-01
-2.070037633285489953e+00
-1.862152441107411960e-02
-2.862959064446233270e-01
1.394175605859647504e+00
4.471947001766345409e-01
1.682085752373172483e-01
-1.733739814511875643e+00
-1.108647507377747310e+00
-1.229490799672656287e+00
-4.625127134240702986e-02
-1.949553708545232134e+00
1.781673365115312713e+00
-8.832329189292940086e-01
7.678820102321815000e-02
7.725011776200023661e-01
-3.133528288163027753e-01
2.305148642254495783e+00
-2.545121611541675044e+00
-6.050040531233671359e-01
-1.367157861419343146e+00
1.032446114322047137e+00
-1.906137738153184991e+00
-3.004743383116545985e-01
8.869229543406165206e-01
1.855879821026062970e-01
2.119051237515724218e+00
2.372245447896474957e+00
-2.533071691375514689e-01
-1.841485245400023008e+00
1.331754885672244981e+00
-2.301973554285472456e+00
8.655675856814459834e-01
-8.092596126402797907e-01
1.193931455471838099e+00
-1.007303817879214414e+00
-2.337232810289594731e+00
2.080822209236298015e+00
3.077624662819102852e-01
3.922367166110243275e-01
8.028674471689605241e-01
1.386959508079733894e+00
-1.380293682347664586e+00
-7.245576862188780609e-01
5.728541426671167613e-01
7.474500766950740172e-01
4.895262298728084716e-01
-2.108135754785731564e-01
3.583715163469580745e-02
-1.559204717338922297e+00
-5.201360160980765812e-01
-8.075244086536121912e-01
1.600892325395469662e+00
7.168735779448116574e-01
8.582945193403945794e-01
-1.251825371908569018e+00
1.602111876032616955e+00
-4.173767501348377706e-01
-3.297059325639564165e-01
-1.063072533445824419e+00
2.708694673220524152e-02
2.098656741987214858e-01
1.116694538263028669e+00
-3.357701910459525152e-01
-2.187318450395958624e+00
-1.742531553043926706e-01
-3.409601388372207609e-01
-1.020919483991172605e+00
5.994907995781515453e-01
1.976607575433362740e+00
-2.777619768313712711e-01
-8.856842910412030534e-01
3.025635602158951443e-01
1.106964465766914429e+00
-1.867354284011986110e-01
1.665655697120351775e-01
-1.126470241988654308e+00
-5.489771644848016052e-01
-5.331010686097137352e-02
-1.284170370662375049e+00
-2.419858367400061105e+00
1.852433217089519246e+00
1.196273273759863365e+00
-1.445141964809411039e+00
-1.454851656775638880e+00
-1.165836085123093113e-01
2.269546137967632937e+00
-2.569819070338763556e+00
-2.916522026997515837e+00
-1.288978048372747764e+00
1.213034582259696847e+00
1.067160192821180686e+00
-2.272779402328071185e-01
1.135663423182622367e-01
1.091064018908807220e+00
2.355258194272744632e-01
-1.207325410009278954e-01
-1.399530586119144271e+00
-1.759473929440501294e+00
-1.555850771631405838e+00
-3.823800824129550691e-01
1.177927938778675632e+00
2.335994750570637990e-01
1.256358365711083280e-01
1.245459672435787368e+00
1.701509742990920948e+00
-1.107278119568650521e+00
1.210129326170269692e+00
-4.947471358960431331e-01
-1.213846975505170178e+00
-4.645544400079693048e-03
3.556686109082320968e-01
-1.938123107211082718e+00
5.645111563328146786e-01
6.241512881955380010e-01
3.173484794401932874e+00
-3.320227327823346286e-01
-5.543248326771923473e-01
-2.600511522471454562e+00
-2.336914506023557436e-02
1.577835095098096829e+00
-7.060597029007578129e-01
2.265278225578967408e+00
1.808728101096503948e+00
1.915875551900381168e+00
7.529474994408147381e-03
-2.274463437231188934e+00
3.124082996578527727e-01
8.827829580746451299e-01
-5.487694162608622861e-01
1.898944484820443535e+00
1.626653312505004223e+00
-1.212822527937237105e+00
-2.159839184613140617e+00
1.379163269176093110e+00
-2.388064060180257187e-01
-1.878643345302206669e-01
3.618878751882803613e-01
-1.968106899909490171e+00
3.491172561834545718e-01
4.274274150111834203e-01
1.741538561498776616e+00
-5.217758722792096293e-01
-1.608839593752987795e+00
1.511745796477795167e+00
-1.920022215572672053e-01
1.491293428171669433e-01
-1.220429589786543367e+00
1.232426751141344923e+00
1.336956853199525952e+00
-2.536850683448261812e+00
1.268651647239307678e+00
-9.253046871704153631e-01
-1.252171357417775965e+00
1.737854764992778911e-01
6.784956805980666417e-01
-1.764110564705200446e+00
1.516306226525196088e+00
-6.721032904232417948e-01
2.708691742540603187e-01
-8.863603221486826556e-01
9.746704336525660040e-01
6.050655365605592806e-01
-9.596903791820547980e-01
1.691046418263873363e+00
-2.311253384438669567e+00
2.449958200685262710e+00
-2.477800887509726824e+00
3.430795157779975568e-01
-1.572741671152866783e+00
-1.861653277699462095e-01
8.507343988465869700e-01
1.178750278227096437e+00
4.344492612570665102e-01
-5.638162277449101367e-01
1.920900879688860030e+00
7.711052184663067521e-01
-1.905807016136072285e+00
-6.363760820087804859e-02
-3.523470105545021269e-01
-3.167979298182643788e-02
1.647985266983935659e+00
1.848729261341480523e+00
2.961267177131183814e-01
4.847953859347020611e-01
1.009442945108091294e+00
-4.282112177647388052e-01
1.815216962624036867e+00
3.306499799144742013e-01
1.618301994619444351e+00
8.095606355269264753e-01
1.326861636194665017e+00
2.010740770368167674e+00
9.703953701446321745e-01
1.298351339064587329e+00
5.085254326045882678e-01
2.496587730937278593e-01
3.653522229615724370e-01
2.532079469529406879e-01
2.065053369302429331e+00
9.317470878670661705e-01
3.670880526061690574e-01
-1.151759113338133300e+00
9.992058006697668304e-02
1.210043400251644918e+00
-1.948462283425957953e+00
-2.313974143446906329e+00
3.583672007655804848e-01
1.342665569787283353e+00
2.503471140984565579e-01
-8.506988157150576768e-01
-3.334259359015536717e-01
-1.779405015260593359e+00
-1.746375285527208110e+00
9.597485594215546811e-01
-8.488214380001641857e-01
-1.932939448576753705e+00
-1.089805943334626548e+00
6.668567918528269800e-01
1.360934798782906796e+00
-1.917613022617765228e+00
8.307705882115836715e-01
-2.500992411471804733e+00
1.790588914058171000e+00
1.054641955124333563e+00
3.945565274405149481e-01
-5.805675008790354141e-01
-2.095817904017099664e+00
-2.114064859976947375e-01
1.922019413546664168e+00
-1.031444902382547824e-01
-4.915339917614494070e-01
-1.054897417920352964e-01
-1.016043629002280735e+00
-1.132811465923703409e+00
1.513674586005528511e+00
3.569822262270577085e+00
-1.284239207872998279e+00
-5.778463218272484880e-01
8.220053885867315557e-01
4.371112254380804529e-02
-4.719996520822018482e-01
1.121506448698941227e-01
8.819839757282892378e-01
2.498704066081023356e+00
-2.928950904373130992e+00
1.194142300788410438e+00
-1.435387238121867526e+00
-1.113890616167919845e+00
3.352992752825389999e-01
1.198972808155751579e-01
5.488060048196654606e-01
-1.293332677571881195e+00
-6.943666532302783523e-01
-1.025045847477588090e+00
2.324495280531894359e+00
1.006678004881718103e+00
2.458124778648237196e+00
-2.371789296085593524e+00
-8.896794548099631328e-01
2.216179309990351953e+00
8.262671642969667829e-01
5.582239648543652066e-01
1.178548771312881271e+00
1.224309601189609964e+00
6.069265543345814251e-01
-1.340411629982539488e+00
-5.430209196879252076e-01
2.425480627199908312e+00
-2.226595047986438480e+00
-9.915353277074157035e-01
-2.623231665080805186e-02
2.575011788765321441e+00
-6.152183046851087411e-01
-2.252790741796992791e-01
9.693265450887373902e-01
-9.278365084776583060e-01
5.351100348787705130e-01
2.103358381937012744e+00
4.442081318570911819e-01
-1.668736157284592458e+00
1.640298850983575640e+00
3.661089500436851552e-01
8.925678165602413117e-03
-1.456007491190542069e+00
3.078570752070373118e+00
4.470706628927345605e-01
-2.293224200556638337e-01
2.429394208312817049e+00
-3.477802226203063896e-02
-1.075216026498582167e+00
1.689928416254363519e+00
1.633209132394135565e-01
2.260827806167764464e-02
-2.904847589243253481e-02
1.658786592317120778e+00
-2.085803392994740602e+00
2.880860161365292882e-01
5.260943577250447589e-01
3.094852824057827689e-01
-6.543619178060993136e-01
-1.810399015536212630e-02
1.491456222846483826e+00
3.846332766419813254e-02
-1.607978481355530231e+00
-4.005648888384207851e-01
-1.840372529120939404e-01
1.978619535442430966e+00
-1.038586152770214710e+00
-2.619684749507965371e+00
9.680135088533825538e-01
1.770597734462460160e+00
1.142471530739733510e+00
8.953617811088143696e-01
1.591473594807427006e+00
-8.628253782250236981e-01
-3.849988751737982717e+00
-8.386996240077326803e-01
-1.043236021268001412e+00
1.189098265459173298e+00
1.185788749037502754e+00
1.847193134349545574e+00
-3.777300262908855899e-01
1.788861390720284383e+00
-3.433119213935542646e-01
5.515351244724069346e-01
1.127182712116154839e+00
-7.413474460653510789e-01
7.732443288618728872e-01
-1.875200039408362329e+00
-1.792943496441898876e+00
1.126281678489178262e-01
5.820858614287143240e-01
3.750788477253150788e-01
-9.277716887863265427e-01
2.578237293815996978e-01
-1.979861249571968074e-01
9.017875297883755081e-01
6.147125665255392946e-01
1.654520326276758269e+00
-1.059072567385605623e+00
-3.593178198944215751e-01
-1.025304699230963124e+00
-1.634863000865091287e+00
8.871200729380213090e-01
2.743067724592638257e-01
3.656228628889692800e-01
6.202765249168882278e-01
1.377763354757629344e+00
6.322055809027204987e-01
2.275158217100024416e+00
1.630748898208951303e+00
-8.029899368772763779e-02
-1.422124616272286701e-01
8.324380256019239255e-01
-3.959731226345617472e-01
-7.657225897731771980e-01
4.115139674500198907e-01
-5.585997197269225722e-01
-3.131696705966566796e-01
-8.108867243760853327e-01
-2.556509956456169519e+00
1.012907870294908363e+00
1.613615815877169624e+00
-4.332647634946562576e-01
-2.629392219257808971e+00
-1.378523540147096327e-01
-7.269121557006910095e-01
9.142016108924462259e-01
-1.414955869323610838e+00
1.438452563974044196e+00
1.572053350757109946e+00
-2.690354632678335633e-01
7.092624606392528008e-01
-2.258527983689084806e-03
6.303660206008112610e-01
-1.321481944822918919e+00
1.781102862908445772e-01
8.559356918574776429e-01
-1.611213369872501744e-01
1.617851935651822615e+00
5.487097032564314247e-02
3.410183986249286647e-01
-9.800257811994459445e-01
3.118075704811563043e+00
6.076542113072278539e-01
-1.820551631041888996e+00
-2.054448937076884807e+00
6.355708396495876045e-01
-1.053571328029816456e+00
-6.587398650981244330e-01
3.246967126755968991e+00
7.509124257076127407e-01
-8.410222310637154308e-01
1.974907350828569719e+00
5.144365317610066768e-01
-5.735608483492447007e-01
1.253417342003518620e+00
-9.030502361642325226e-01
-1.369476524309813925e+00
-2.411933159747876587e-01
-2.067820684633945305e-01
8.421730015402504321e-01
5.952008396028949377e-01
4.925277027378953676e-01
-8.386877356117707905e-01
-7.404335125176713106e-01
-1.883017824426879372e+00
-7.156648521602964053e-01
1.754180988236035077e+00
2.270759667371482493e-01
5.859425725195119838e-01
1.753104518524466471e+00
5.350881551942645586e-01
1.725416094792871391e+00
-1.595523260443963309e+00
-8.487901111155640166e-01
3.555817058285626331e-01
-1.191420269551573874e+00
-6.262592442415506611e-01
1.575145037414163340e+00
-7.512288783037526230e-01
-3.142229728677019551e-01
6.253710794708124965e-01
7.570654881132572456e-01
1.693156543246505663e+00
5.191799600044797458e-01
9.078970592122921346e-01
-1.570116926695761972e+00
-1.557523727727318175e+00
2.742694252113411224e-01
-1.109038659888516243e+00
9.631285547042534034e-01
2.614118524811495092e-01
5.854543888778103167e-01
-1.631172538723557608e-01
9.712407700752354600e-01
-7.244323953148406048e-01
-1.510217186784864829e+00
-3.105250086008202182e+00
2.735232871670465471e-01
-4.161465616064639050e-01
-4.191890943299831918e-01
-1.543142151303858345e+00
-3.340528898826660154e-01
1.118341168426868037e+00
-7.242346225353566425e-01
-1.035839264223990419e+00
-1.114400326912180716e+00
-1.021169381231495699e+00
-9.329779804818389977e-01
-5.142908915042614382e-01
