1.755378114793709088e+00
1.327570604410647448e+00
-4.688518496300897453e-01
2.079874205668954090e+00
1.037017074398195682e+00
-1.709397843487468371e+00
1.982517347114301387e+00
4.006138159936032395e-01
-3.842300375083258501e-01
1.135629912408003150e+00
-2.584848404997263316e+00
-1.821362212177852768e-01
-5.278072929779744626e-01
3.034994215505708581e-01
1.590820329820017420e-01
-9.662684575061462056e-01
-1.690872656580176603e+00
-2.166296001928693205e+00
-9.944392084342004168e-01
3.393198930571141858e-01
-2.068837427585777711e+00
1.236159730132030177e+00
7.967419946208629256e-01
-4.683671575147752009e-01
1.358275018502681064e+00
-1.979461477163531047e+00
2.080197598243627155e-01
-3.446410943168633612e+00
-7.212850691769432387e-01
2.089653365315658817e+00
-1.810402309662578091e+00
-1.746338404834801850e+00
8.711434204280497084e-01
1.654336679209834848e+00
-1.940899017537009996e-01
4.793202103931442082e-01
5.587930264065690267e-01
-1.514120417405983687e+00
-5.296473482692132251e-02
-4.406354062998349974e-01
5.871948947066965019e-01
1.832935337189635305e+00
-1.184264588670649321e+00
9.911907888994964111e-01
2.390878406634461939e+00
7.533783799560058725e-01
-1.692744443785511699e+00
6.181735485885315740e-01
1.182949570175736653e+00
-1.068560181193991987e+00
-1.503122753826655611e-01
-1.684317213474041175e+00
-4.704974672833710514e-01
6.567177360886056192e-01
-1.967053639648747687e+00
-1.954402610749692570e-01
2.430242983400621171e-01
-1.238635681328382088e+00
5.289932991907591031e-01
1.904109564014097700e+00
8.670463754733326311e-01
-7.951570821816140722e-01
-2.601034417697121182e+00
9.629187505903562538e-01
1.506383606437955436e-01
1.469685687231959470e+00
2.655503795510067988e-01
-1.041038424732676493e+00
-5.299735329674000184e-01
-2.371991516469575956e-01
-2.233517236507596149e+00
4.984628133571442632e-01
-2.503411233457803586e+00
2.234775802753141249e+00
-1.090177077917473092e+00
-3.322879427531786334e-01
-7.211682682780615750e-01
3.957556524001972775e-01
4.083633561137220980e-01
-1.564837649582639045e+00
-9.387485339824372943e-01
-1.230260662984385078e+00
9.670076350273637544e-01
-2.947185167250143678e-01
-2.005024869094365059e-01
-5.163391340496783499e-01
1.101043211378214259e+00
2.103486481636901217e+00
1.676994040090097116e+00
-6.195288491259125507e-01
-1.184447236029480877e+00
7.566795862174711118e-01
-3.902633063018515536e+00
1.134575122184156015e-01
-1.127138130424873097e+00
2.849594384297297722e+00
1.794933115250962885e-01
-9.291521474285371340e-01
1.306776595400486407e+00
1.313776795315986234e+00
-1.172959290091337703e+00
1.176811794438357595e+00
4.661274087046436421e-01
-9.661751284391906225e-01
-8.504449913475928824e-01
1.873504661050713338e+00
1.340738649947716965e+00
-4.164773057804342926e-01
1.379689255645182300e-01
1.958649203263176375e-01
-4.010211360597448760e-02
8.438406560309719140e-02
-2.164066367692174531e+00
-4.605731426361909797e-01
4.273262591826156864e-01
8.675577704308707894e-01
-2.653117403691311882e+00
6.246092118322676967e-01
-5.298662344868354523e-02
-2.637776676351846206e-01
-5.728446192202953924e-01
9.904532702263457722e-01
1.366003323167323202e+00
4.972755265961215088e-01
-5.708452058336579427e-01
7.818359769835581119e-02
-3.583980660977506005e-01
-1.407691880148771446e-01
-4.255951411681806462e-01
8.743785534934911396e-02
2.145767670390821280e+00
3.537051609875128122e-01
-1.289271315272766394e+00
2.049407143688176447e+00
8.392056642233978181e-01
3.927700604688952879e-01
3.592134381917500008e-02
-1.139906011537835440e+00
-2.965302100360522886e-01
5.426693280477934422e-01
-4.338729651774162477e-01
2.462479312256142805e-01
3.103049080954484396e+00
2.334920318705711040e-01
-9.208045788855212521e-01
-2.134084091871620181e+00
1.429907281764788429e+00
1.673167098770838912e+00
-1.254758643153788267e+00
-7.371929880056091733e-01
-1.075860939207796463e+00
1.321669148411627859e+00
5.493449074517346986e-01
-1.885798605429473973e+00
1.518666986477358094e+00
1.680139398409453477e+00
-6.340460309215911749e-01
-7.463498562649348855e-01
-1.622297819531516971e+00
-1.695234344110613023e+00
-1.288291225304929011e+00
5.239689096174284799e-01
3.597966469631730391e-01
3.330385807063045434e-01
3.219726275511334279e-01
-6.833884362112483402e-01
1.299336911185515753e+00
-2.795742388777879839e-01
4.950028686166652037e-01
-1.318711484819077295e+00
9.647333188230327039e-01
-8.528212935705958841e-02
1.141125726665929818e+00
-2.075539791895295583e+00
1.129474841916268346e+00
1.436377347913325053e+00
2.002199265826563490e+00
-1.302864450803440377e-01
-3.412040906157978171e-01
-2.447153049810695258e+00
-2.901080853527773229e-01
-4.514079737654279612e-01
2.578318663302558988e-01
3.720639994460029243e+00
1.695247373039494576e+00
1.392879386668681718e+00
1.305926683400323363e+00
-3.983781311683992854e+00
7.819604096770893520e-01
4.781498497676750503e-01
1.096329423928925628e+00
1.460763444862610783e+00
1.088064981626795102e+00
-1.276556347722431539e+00
-2.853252178512190262e+00
1.387350211118826948e+00
-4.116261976993120797e-01
-9.164193615788649439e-01
4.253460272727238589e-01
-3.275352562653091049e+00
5.298544374796172463e-01
-1.861441817141287203e-01
8.845606105564378652e-01
6.625664164992706162e-01
-6.643785592429836129e-01
-3.809898941596925326e-01
-1.275344788047186206e+00
1.639875948367373049e+00
1.565629580096583595e-02
4.206934841636220668e-01
9.679918793711115299e-01
-1.126294961830773378e+00
9.736963187882867743e-01
3.908137807314595591e-01
-2.020231472521987204e+00
-1.200721036269937869e+00
8.803307045216746118e-01
-1.701847381667968673e+00
1.856832227673467450e+00
3.289837603137213407e-01
-1.010064565939358339e+00
-2.184287486793974331e+00
6.725522124631364562e-01
2.569418603614206376e-01
-1.987769581070062408e+00
8.309629325403928846e-01
-1.153368514745388929e+00
2.155641494260062352e+00
-2.739595833219826915e+00
9.946306370174564648e-01
-1.389847853417684576e+00
-7.663461080856173169e-01
1.190520409900337029e+00
1.732510064483172130e+00
9.331661840063132374e-01
8.035959786556912121e-02
2.646425988798252860e+00
1.466341668044801594e+00
-1.024776390330506270e+00
-5.018937200468451820e-01
-7.030032462616011557e-01
8.883598874220854924e-01
3.643713478509162940e-01
5.893130822239385225e-01
4.163465294578285736e-01
-1.770519611232580282e+00
1.122679372783430551e-01
5.841897374047917424e-01
2.114945895055477365e+00
1.538834613333799339e+00
4.280905530421330596e-01
-1.092513200035512444e+00
-2.576916017457939745e-01
1.984314906846780246e-01
-2.385257512234417732e-02
1.000789310468270799e+00
1.207485638584083532e+00
6.897112503870603817e-01
1.493153003006328916e-01
-1.389703931015855431e-01
5.504298811126879798e-01
-1.244275186109956799e+00
2.121734441402400861e-01
-1.861524833678403379e+00
4.695658657511057044e-01
9.107679353346824769e-01
-8.813180774911000270e-02
-7.225811624170770386e-01
-1.042502126120647077e+00
3.846644647447430287e-01
1.093644982206161131e-01
3.913565590086260926e-01
-1.386806688539646171e+00
5.590775906022757979e-01
7.251258495878154520e-02
1.264271228442115813e+00
-3.684315520192100735e-01
-1.015908511191799590e+00
-1.733405156893501164e+00
3.376181892370153648e-01
2.682088601132431194e+00
-1.162260230656904092e+00
2.512972501566574479e+00
-1.927738685223926218e+00
6.037448562637104388e-01
4.896172358350270315e-01
1.156682477321736791e+00
-9.971172128491128106e-01
-1.480368883615600595e+00
1.347532951397052869e+00
2.671457851553642016e+00
7.485230763985306623e-01
-6.481294723716768402e-01
-6.631446045381084176e-01
-6.575219480469129962e-03
-8.292532167604331761e-01
1.864844695643449235e+00
1.769342328070006687e+00
-7.183395931131997258e-02
1.278111814374569555e+00
-4.693569919487741160e-01
-1.424492150445084704e-01
-8.737212128120939170e-01
2.129749348849419022e-01
1.296024963509266215e+00
1.316438829767863083e+00
-1.940108153405979419e+00
-2.980350931429551764e-01
-9.443557043094763515e-02
-3.489742074730877164e-01
-6.188169274290702404e-01
-1.236988795803251051e-01
3.970883552549242523e-01
-1.411037416362583397e+00
-7.705980683024629130e-01
5.507654894631555109e-01
3.200686625542596531e+00
2.204291305421718583e+00
1.198418043004314981e+00
-2.094685819949852146e+00
7.832181076580368995e-01
6.568734288094031371e-01
-3.485110637765744812e-01
-9.682466531168660850e-01
2.120111929745295498e+00
1.155135284321281652e+00
-9.474606829630607407e-01
-8.365984302910076664e-01
-1.046158010454000475e+00
4.025889976778511681e-01
-1.128743059003776583e+00
-6.256021665498723294e-01
-5.382048786048336808e-01
1.264381254292638701e+00
5.658935270962839326e-01
1.193292114473910814e+00
-1.018747491017091278e-02
-6.561459484923313212e-01
-1.000392492941335476e+00
1.537594722411530057e+00
-4.810340144903761939e-01
-7.094054644976921509e-01
1.019665542852060014e+00
-8.761180964304049468e-02
-9.667978382778752433e-02
-9.863299481283416270e-01
1.296298605625550771e+00
1.288506585948899996e+00
-1.370836311967948973e-01
1.847763515338902707e+00
5.582462293254097929e-01
9.268371902612724256e-01
1.018798802161144934e+00
2.209710598279796656e+00
1.847578038637922582e+00
3.794724643350209092e-01
3.729797898702784664e-01
-2.756443762809648756e+00
-2.698581486568478738e-01
-6.173013931550279665e-01
8.144124176258573655e-01
-1.543854928650247871e-01
9.794550414834795049e-01
2.129980897711284626e+00
1.022514315154033682e+00
-5.347644052672411163e-01
-6.634773681290537795e-01
-1.852022568834631677e+00
1.598472175135032813e+00
-1.085632356263468878e+00
-1.812948739509763207e+00
-5.132682883939905238e-01
2.114468143957441981e-01
1.305941838450211279e+00
4.297056827876204466e-01
1.907998880242941731e+00
-4.371711505233015771e-01
-1.197843406837055813e+00
3.398387717611512926e-01
-2.606887237872363983e-01
-9.652386624561568595e-01
2.861975736017141614e+00
-2.878279226119904166e-01
9.163018252656973672e-01
2.133710361991091986e+00
-6.803503786200337800e-02
4.534401519253634660e-01
3.262990921617570095e-01
-1.531013055135566070e+00
1.630701201478582441e+00
-1.335401602944897625e+00
-4.504745290076144215e-01
1.790770972036317410e+00
7.568279451501425115e-01
3.651526776898181836e-01
-1.414800709784234112e+00
8.598917075972778434e-02
-3.936627115007960143e-01
1.446459190989589416e+00
4.392146045785771946e-01
1.574111321309374034e+00
-8.033091726451413450e-02
-2.187004565582064686e-01
6.597888514917915614e-01
-8.167981652229023837e-01
4.131601907213084957e-01
-5.646728113453338693e-01
3.595970507109189640e-01
2.321722322530658467e+00
1.543811095612332984e+00
-4.440954307607567486e-01
1.682866266593410209e+00
8.342551832013302970e-01
1.264999021290145187e+00
1.839801027521334120e+00
-1.186623230202235035e+00
2.083102064837882850e-01
4.344435787119360626e-01
-1.449353032220535020e+00
-7.697395817773431403e-01
6.477716825815802437e-01
-4.448079971706278002e-01
-1.413037834164185824e+00
8.966623607253021433e-01
2.382920393292188521e+00
2.054150256681896991e-01
-2.381575242384597058e+00
-7.972933572488827281e-02
-9.836772199192767019e-01
1.327131162678284682e+00
-3.324469386364139467e-01
1.509802067431249561e+00
7.619572873412305825e-01
-1.690404017532630476e+00
1.013355303200089708e-01
-1.404523440496339148e-01
7.410324070310823075e-01
-3.530685355996838748e+00
-2.152936125343699381e+00
8.507604638939580965e-01
-1.351312519084384434e+00
5.987024004241234820e-01
-9.016985980404470524e-01
-3.931434893471603687e-01
-7.270985072840616681e-01
1.588411285448422916e+00
-7.668168250717357637e-01
-9.259876751449152010e-01
-3.288386649870798095e-01
3.804001973881998566e-01
-5.020968338603388759e-01
-8.810899328908696759e-01
2.446593425095446861e+00
7.703985514843019189e-01
-7.437867509471693950e-01
2.148445410996004945e+00
1.986429087602656907e-01
-2.694260412799396320e-01
1.824391538311251892e-01
-1.229992079417558060e+00
9.595127638251383928e-01
6.464700076933516115e-01
9.024919305810996661e-01
-9.348500662355263557e-02
1.683325846738834564e+00
7.909046501235081905e-01
-5.401842947455950394e-01
-2.593152454719484190e+00
-3.353243483933157076e+00
3.760957344764959132e-01
-5.502464791176642223e-02
1.223263062464367223e+00
-1.496518683264891347e+00
1.880065900267350543e+00
3.635243419074463134e-02
1.659498054570431869e+00
-2.868117669769745248e-01
-1.689411470398818338e-01
-2.558357766316197157e-01
-4.196105047584746117e-01
4.800273480765966383e-01
1.227745860837612391e+00
-5.848935362998224363e-01
5.438993369074225370e-01
4.845713627932335399e-01
6.942363080807831821e-01
2.750873476213952173e+00
1.854860912345170476e+00
-3.657712114050015728e-01
-7.146622199165832967e-01
-1.226075219048969878e+00
3.277981533172731332e-01
-1.446383131350326146e+00
5.035222282605236188e-01
-3.208327040706482336e-02
1.630745994362641227e-01
-2.601998789727444361e-01
2.003428069291879332e+00
-4.016899505296249728e-01
-1.215345044936484431e+00
-9.967224256597786436e-01
2.951380683046957998e-01
-2.015299428568537721e-01
-6.468761288803044351e-01
-6.469616686943719941e-01
1.161167442997509625e+00
1.497724191489266055e+00
9.710708737752229425e-01
-7.436631400935302949e-01
-1.299600244873822419e+00
-1.108506296048294981e+00
7.885715648442781500e-01
5.520376649716460804e-01
