9.959218534316693905e-02
-4.178116384392049909e-01
-5.707193713011031733e-01
-3.768092223340167024e-01
2.301755689007496386e-01
5.040748488003821137e-01
1.304119353997838182e+00
1.175723466846397613e+00
-6.012481528571118616e-01
-5.619353420286854472e-01
-9.526615195114622736e-01
-1.610309359486006286e-02
7.278210099357496077e-01
2.080594131908863886e-02
2.356919520535836199e-01
-3.880684811925183553e-01
-6.198597724028882539e-01
-9.951781374785273471e-02
5.864487095170121123e-01
1.113821585386526536e+00
-1.572332142704946367e+00
7.077219276142550086e-01
1.030326407756117391e+00
-9.215619112791282319e-01
2.626082841388832634e-01
-6.888185809868909715e-01
8.538503722736656698e-01
3.545455162156949669e-01
-1.540751883804388989e+00
-7.355657609980337241e-02
9.296093168335586299e-01
-9.540668663861886500e-01
1.582020603296404815e+00
5.417864260457383452e-01
-1.473991984772323072e+00
2.797761099907356552e-01
7.660713729945012318e-02
-1.166368252479656142e+00
-1.020895599539315413e-01
-3.709077863155663124e-01
1.929767889089241351e+00
-6.092195753175264628e-01
-4.489486362457366653e-01
7.164651922086147096e-01
9.133683706247115452e-01
1.603070446561893014e+00
-5.960026556240158868e-01
8.864814078059266578e-01
9.456262699980877429e-01
-4.948141221328636874e-01
-2.246453028720720724e-01
-1.827721572287392071e+00
-2.714743236240817481e-01
-1.251084392121415423e+00
-2.394529451050786406e-03
-1.491078593865590385e+00
7.429840321699368033e-01
1.321552225576498429e+00
-7.459848555087589261e-02
4.268156025164415723e-02
-3.616914708894860553e-01
-2.023348416893613777e+00
-6.535847534382011048e-01
-8.158449062414527830e-01
-1.616807701898679284e-01
9.703905064383722134e-01
1.205760031483658068e-01
-3.239906855838965427e-01
-1.667818083999188516e+00
-2.500321379467682181e+00
-1.219186779637291274e+00
-4.226190157289551053e-01
9.896542052985317639e-01
1.301644492270074949e+00
-8.267035841787651052e-01
-1.453771915858093067e+00
1.104280322255766222e-01
5.990965645673584916e-01
4.285182206681596995e-01
-1.203061551876772661e+00
7.965428902250852872e-01
-1.337512169690761255e+00
2.441847776798988789e-01
4.143170479804609840e-01
-7.053216486998827861e-01
-9.000811784454523234e-01
-7.266574898113038472e-01
7.658028936718119795e-01
1.604191486437106740e+00
7.568159827998801603e-01
-1.190881766666620933e+00
-1.316780957955197007e+00
6.011573896131832129e-01
-9.663657098238225274e-01
7.364346071384559878e-01
1.547575829947742676e+00
4.493772339421306938e-01
-1.633433334618605848e+00
-4.275322470870879243e-01
-1.288594816512151908e-01
-1.188710744685566922e+00
-1.124047926181482193e+00
-5.293557090456149083e-01
-4.867445875928897436e-01
-8.834059288660185416e-01
1.086652849765127549e+00
2.073676290889554963e+00
-8.677081812360700752e-01
-5.472541601952327639e-01
5.619758464269297704e-01
-1.277547106673440069e-01
7.596753357827967790e-02
7.773668526203536544e-02
7.265731930617747025e-03
1.470239269773410129e-01
-6.160792541472659423e-02
-6.529381671512606289e-01
4.996423985630435993e-01
-2.079427313788871245e+00
1.305845010386703642e+00
6.214135735088870405e-01
-5.720011986602910881e-01
1.279796884877386631e+00
2.570395911929262311e+00
-1.200780992903863087e+00
-1.427875712894946414e+00
9.599216366172544923e-01
1.210247647187179254e-01
-4.475707210578727668e-01
1.734027337688100801e+00
2.035819683886801457e+00
3.669009562177860673e-01
-4.729494254449697621e-01
4.536118891641871542e-01
1.159048625933412069e+00
4.060003043391819944e-01
-1.036616149728529113e+00
-7.631088900612921222e-01
-3.289080816100273807e-01
1.202893878336046996e+00
-1.158612801173126705e+00
1.589664347549790691e-01
8.462700819789006346e-01
1.225269328608515451e+00
-1.541712331760278776e+00
-1.740401044602103653e+00
-6.644934719975967852e-01
1.622690767863153027e-01
5.219862759900273375e-01
-1.012410006326458056e+00
7.558550044871825691e-01
3.036799000688494843e-01
8.599187273505410900e-01
5.291557949589265064e-01
2.692576746693866596e-01
-1.135245030727798365e-01
-7.533140152643174048e-01
-1.503794867703556193e-01
-5.885414063946239338e-01
-8.106725849192200073e-01
-7.689044151925630288e-01
-1.572547610763015413e-01
-1.057658641402218436e+00
1.368166884760615432e+00
-2.382823841764603046e-01
3.069996100671721351e-01
3.282496939418777515e-01
2.373229313742323043e+00
7.916908881154425259e-01
2.369807655823519710e+00
1.748983175988572114e-01
8.633152366509992959e-01
-1.493781488262904134e-01
-1.929847284921279105e+00
6.224164062249997187e-01
3.555001544606497532e-01
8.457215889463531866e-01
-1.550397216227861197e+00
-5.318022557174542086e-01
-1.011148666425327303e+00
9.252720813935582100e-01
3.954956149880031191e-01
-1.608103164849960631e+00
-8.543863099455428767e-01
1.315699468037325737e+00
-3.199421683748067124e-01
3.803005776988852560e-01
-2.001664835112816121e+00
-9.665650767631088769e-01
4.332921184498488287e-01
5.242738164708704574e-02
1.956854431252170734e+00
6.155572476588586639e-01
-8.889473154339100347e-02
1.680543915065646488e-01
3.012925402027102351e-01
-2.701032603611519534e-01
2.413441353965595226e-01
3.457390718865589463e-01
-3.933777075880993124e-01
5.185671072020570094e-01
1.232549379908876475e+00
2.244667337987804601e-01
5.819744991840440917e-01
-1.396886043714713477e+00
3.391097991201359463e-01
7.083872497259227075e-01
4.796726050308040001e-01
-1.350821118399765375e+00
-1.905420507337831637e-01
-9.884239659829345825e-01
5.897994320510235866e-02
1.548973775690180688e+00
1.196602558260329019e-01
-1.232562130510240106e+00
-6.437595306157914976e-01
1.080191143102881668e+00
-3.389885232599336717e-01
9.299148126425160754e-01
-3.764944107934686812e-01
3.423148139833731562e-01
-1.558929162036579275e+00
-1.301144320511837815e+00
6.902020200367449121e-01
1.901844568824229142e-01
8.053280801762223717e-01
-1.877614372756921668e-01
9.062201512419019167e-01
-4.887816410449978832e-01
6.648181487951863033e-01
1.287491749450575540e-01
-2.122864011780825066e-01
-8.003418637351416010e-01
8.495776005585575774e-02
-4.259994707565581962e-01
-1.143233837282925158e+00
4.719021499818465415e-01
8.987774002659021377e-01
-3.178550050848674147e-01
1.415997601622134283e-01
-9.571669893618377500e-01
-1.497198949054374673e+00
6.319409713292358788e-01
1.320804043473167155e+00
-7.623795762572180834e-01
-3.285536129231054758e-01
1.324203830928468051e+00
-7.143698735584003146e-02
-3.282597440685499635e-01
3.436380208153675397e-01
3.692589710259754909e-01
-6.203959209749054793e-02
9.869665879802926867e-01
1.539417417514701292e+00
3.175430398261909204e-01
9.616282603181280919e-01
-1.118095569882666673e+00
8.710793508906622407e-01
1.808019355852730214e-01
6.582750976776887697e-01
8.400253320638819687e-01
-4.976327184186457586e-01
1.753611482115680076e-02
-2.346453559064407557e-01
-1.086656253796982607e+00
6.402362952716291744e-01
-6.025195430669159080e-01
-1.098504779241502582e+00
-6.551108829346778961e-01
7.710800920370752820e-01
-2.137273624784045811e+00
8.958650940308343635e-01
-8.462174743943515764e-01
-3.053196099946564601e-02
-3.026272959538145457e+00
1.426916711747221456e+00
-3.347157391359356637e-02
-8.310608887251476062e-01
-1.292993417026825576e+00
2.649069344786454394e-01
-8.920984681269761296e-02
3.149660618997511818e-01
5.391227627300478886e-01
6.096551237129528289e-01
7.703969498634224422e-01
4.038803563906379068e-01
-1.366041097291876838e-01
2.922447963026009177e-01
-6.694216822899514696e-01
5.726177523628699362e-01
2.525418334013584953e-01
1.636882128443191142e+00
1.630117995519051455e+00
-5.927429313061516325e-02
3.343718444487828734e-01
-1.103896392683297201e+00
1.196271170430214248e+00
7.869530987413098089e-01
-2.592833050994614474e+00
-1.322335940638801333e-01
-8.094678488773965341e-02
1.812361134244264704e-01
-7.879666041734836313e-01
-1.170956079088378843e-01
9.053264122384305779e-01
-5.029421213324871687e-01
-3.356780453026466660e-01
7.951727575891602839e-01
-1.005979171389012272e+00
1.297324498019389871e+00
1.726242157601579841e+00
8.224242392296989834e-01
1.254110432019711396e+00
-1.873668414911895397e-01
-2.440575127772204311e-01
5.692513182053922094e-01
-3.888025438379667520e-01
3.493739282491503673e-01
-1.747866921659637640e-01
7.886291926099708860e-02
-7.500779609573839934e-01
3.071811725877235943e-01
5.464011998448716767e-01
-5.446990131413276259e-01
1.134830935036118760e+00
2.174572588402483575e-01
1.137331351527591572e+00
-1.540571804891190499e+00
3.525393320263425778e-02
1.010538629324093662e+00
-4.295038223763585350e-01
-2.165463318149591920e+00
-8.228637053222307429e-01
1.373249098145388203e-01
1.160679084573931874e+00
-1.052862588184261927e+00
1.745047951475262593e+00
8.855143067969741821e-01
-1.123569690165178159e-01
-6.044785543322355181e-01
4.729997059719348584e-02
-1.759770346004625452e-01
8.324019783229434921e-01
1.562947813963228683e+00
1.501390702475539740e+00
7.583382031158247827e-02
-3.672879643886535206e-01
3.833431318172655367e-01
1.399508149826507619e+00
1.398270268163011032e+00
-1.794031531931175927e+00
-1.166747210243732624e-01
-1.501197910051654816e-01
5.406794307453299808e-02
-3.455749943280963521e-01
-7.090378803619659109e-01
-1.547794740512120626e-02
-1.861781894645965885e+00
4.647640856564709821e-01
2.221832408600290520e-01
1.154013408174278332e+00
1.788786483152176032e-01
4.390846533172556576e-01
4.851754718126173316e-01
6.123928478606082138e-01
-1.012399647525233704e+00
-1.932836684130787575e-01
7.507771000575793607e-01
1.804532546583192953e+00
-1.687117089823831684e+00
-4.529069211638958592e-01
3.940678408271178768e-01
8.720693274207853563e-01
2.351377871148828902e+00
8.924362858042975688e-01
-1.075654457695374600e+00
1.180771803196691394e+00
-4.369239833013551788e-01
7.044630670131279970e-01
-1.353358718945627093e+00
4.590193557919768352e-01
-1.557480025325188588e+00
3.509320561922990578e-01
-4.380417795569844230e-01
2.173135089844667078e+00
1.199014300134080280e+00
-5.267378359158589873e-01
-8.833836299212576293e-01
-6.440720887363466929e-01
8.971990056285052972e-01
4.759265455674057677e-01
-2.449069926269089592e-01
3.036473446737000259e-01
1.488924361824164322e+00
9.021034001118355405e-01
-4.879948523228900825e-01
-5.023682628818360030e-02
-1.199196484592093270e+00
-6.320865232001313672e-01
-3.736442210143362530e-01
-3.784205777130917880e-01
1.078329755424922709e-01
1.651437836281902882e+00
1.127272290838293500e+00
-2.076450067554249657e-01
4.934334359805081505e-01
5.180584894071671442e-01
-1.294247725674289473e+00
-3.271468680287519248e-01
4.308244625569734865e-01
-1.201890339965427046e+00
-2.193921089596546636e-01
-4.904338732958244407e-01
-2.886659524575758695e-01
4.147792708495572356e-01
1.225198405518419520e-01
1.794067719178293885e-01
7.184172729434283866e-01
8.753415901314287595e-02
1.020973119672968110e+00
-7.064418182498375387e-01
-1.338525149306654782e+00
9.320460249715605272e-01
-1.650866296712962367e+00
1.365511320409749096e+00
8.784757629937001155e-02
-5.670282741941949922e-01
9.156057365049887764e-01
-2.249021194642560673e+00
-3.891196826896319294e-01
-9.885472060628810453e-01
-2.572868251763962277e-01
1.559348488554503476e+00
-2.697522161291310283e-02
-9.354452357400475648e-01
5.002009059228997856e-01
-3.000137476815076809e-01
-7.919633762228199814e-01
-8.413211498072339367e-01
1.847996036601253778e+00
4.969429012573822746e-02
-2.012520730391074153e-01
-1.205491172113442033e+00
1.539957416595693296e+00
3.155640891911559720e-03
-1.088990179439486727e+00
3.809728199483330968e-03
-8.659050042806208936e-01
-2.004139119028369720e+00
2.352773628123649985e-02
3.010048797491897687e-01
-1.907660354277040948e+00
9.743222012903043350e-01
-1.166694664738563425e+00
1.696069765834353760e-01
3.508408493888124369e-01
-2.403221395637409330e-01
6.023205321663098744e-01
-3.119890969632752586e-01
1.275611489829664436e-01
-7.846257450492979402e-01
6.462699129655238295e-01
-6.097667936022546087e-01
-1.202985361063602987e+00
-1.709379698827933058e+00
-2.026081213156096794e-01
-8.204702941098132030e-01
-2.399487094446643098e+00
8.334357991389147458e-01
-6.037031404673713908e-01
8.907739991845371463e-01
1.050881943274866615e+00
8.193974291831267465e-01
1.707132220013703794e+00
-1.146770701873341736e+00
2.406757120379952042e-01
-6.449200977087627962e-01
5.582641375379457926e-01
8.302066352630985691e-01
2.157087950615590444e-01
-1.063428593754246698e+00
1.703190008908585185e+00
9.928439925837864166e-01
-6.563028698927340088e-01
6.351555028820126125e-01
-1.659387658040953895e+00
1.218417525776636090e+00
-3.297239667710947231e-01
3.149605265113777364e-01
9.708585056211482822e-02
7.333754823653375610e-01
-7.935669656276669315e-01
-3.953947935773580724e-01
1.682050440443463302e-01
7.427548483272063962e-01
8.785088686358299981e-03
-3.792175519866844979e-01
-5.127429196141690682e-01
9.445443487430758012e-01
-2.887000176801823859e+00
-3.314208153372248944e-01
1.237942542628093889e+00
-1.328940619818110846e-01
-2.672751746366426318e-01
-6.422330791363428659e-02
2.617185460535580432e-01
7.332564393917673229e-01
3.912513499958949481e-01
8.089994886823248521e-02
1.329120388366956007e+00
-6.404615861752169792e-01
1.494063193355357200e-01
4.674902743995197341e-01
