-1.529196775347930082e+00
1.575519076413149477e+00
2.794162874183863110e+00
-1.018014698960505449e+00
8.809671462922157303e-01
1.271097443965341967e+00
4.853532157032027783e-01
-1.403608449394138091e-01
7.500173669681053923e-02
1.698754667659931883e+00
1.062112023034682551e-01
1.616956745798303174e+00
-5.080807977260528574e-01
2.915470399477957386e-01
8.314875327305575325e-01
-1.992343759098607947e+00
-7.655237690176370791e-01
1.547828796860114764e+00
2.504499576727756249e+00
1.019378157689741826e+00
1.579994849969592607e-01
1.150604987260400947e+00
1.726993306733040079e+00
-2.733812007865505933e-01
3.261140005481957260e-01
1.899167883417096192e+00
2.036086704005644066e-01
-1.812613381307214055e+00
-1.413631354359350389e+00
-5.186016312594423638e-01
1.269991731841976446e+00
5.009358727495794028e-02
1.548163133188770857e+00
2.210366966755621831e+00
-9.171016348583886924e-01
1.505888488206363895e+00
-5.984602637423561688e-01
-5.586210222912697532e-01
2.714503202850195862e-01
-1.644424938359170252e+00
1.816139290397503103e+00
-6.062416448472340846e-02
-1.339315860154381532e+00
1.545075986199186957e-01
2.109259264384453658e+00
9.879375946617452442e-01
-8.967740539960349366e-01
1.262585486302053361e+00
7.371265777420710208e-01
-6.500077825630370398e-01
-1.554504960780241696e+00
-9.486084723288517040e-01
1.909140224952210474e-01
4.153317118129375984e-01
1.556882319747703747e+00
1.877627205185614656e+00
1.903236433507222714e+00
3.576262182543121781e-02
1.300959639725563832e+00
1.920614985053511248e+00
9.112443315845695224e-01
-9.994115457347598763e-01
-1.145579059015583212e+00
-7.841781693939280373e-01
-1.311433871084728420e+00
1.480979944094729106e+00
-1.314521947819305758e+00
2.917077162113841382e-01
-2.973967285004341932e-02
1.100212209113360373e-01
-1.025366361588204711e-01
-1.570888070739488995e+00
-6.757778442811570585e-01
-8.207323074547279163e-02
-2.775085516381690098e-01
-1.396476824640625836e+00
3.898143870884140938e-02
-7.569193240784510834e-01
3.645765347350451435e-01
-4.149940789456749712e-01
2.298739443204279809e+00
-5.902925460650614298e-01
1.045512839924693793e+00
-1.720826063285940677e-02
1.380724886440494181e+00
5.214870852612083496e-01
1.565071872830214872e-01
1.166427091598429833e+00
2.573284428740986840e+00
1.297118542585869783e+00
5.405947375847244274e-01
1.079222182957010112e+00
9.322758941241175989e-01
5.637175984861677591e-01
-1.638504993006175248e+00
-7.314531069512231198e-01
-1.425160585615241615e+00
-2.712856321871599974e+00
1.137360971724227454e+00
-3.092367433075580152e-01
-1.233739324548285055e+00
1.228449608342019772e+00
1.791840474257018201e-01
-8.820596115988239561e-01
-1.548530647251208592e+00
-7.826559919151065969e-02
4.179622733765224751e-01
4.097362393568237948e-01
-3.227174365278395740e-01
-5.480686938551126985e-01
-1.134487108341011297e+00
2.417727628856134459e-01
-1.170696327215412058e+00
8.926776346555680419e-01
5.617605228663267170e-01
6.796318000661916159e-02
8.405624739966093273e-01
2.033316596129499665e+00
2.464656757649397179e-02
9.571573745061989769e-02
1.288793027349209197e+00
5.319631307845646973e-01
-7.553924547159667213e-01
2.368301712941106807e+00
5.901923833420319454e-01
-1.218006198363669412e+00
1.123714366184167091e+00
5.130146545654383772e-01
-2.726028262007559100e+00
-1.095410149976139280e-02
7.701955529803141687e-01
-4.592344223935329595e-01
1.755374122113071422e-01
6.802936431758244140e-01
4.362813350686467473e-01
6.866933329159552457e-01
3.291182348227961185e-01
-1.438079564405709831e+00
5.497907900405643034e-01
1.439055884480597847e+00
9.193128708328242027e-01
2.561876090869308342e-01
-3.907890598531116311e-01
2.297891583407997373e+00
-1.001173155150794969e+00
-9.317613711927732467e-01
-2.168299037428536913e+00
1.096731303207826969e+00
-6.018783737475894569e-01
-6.563499721255379171e-01
2.738426854913802444e-01
5.956894867079478573e-01
-1.192464743029372887e+00
1.838098301366227538e+00
9.693762408179367185e-01
1.243314447454475058e+00
5.268901319621672741e-01
-1.729172005242141097e+00
-3.348115305659931096e-01
7.868802628964388646e-03
-2.517584688475573707e+00
5.385965413615609876e-01
1.773420613695319226e+00
1.132408165747164297e+00
3.222221431740068809e-01
8.652013032101457668e-02
2.748116409746456767e+00
-4.810734711294566424e-01
-2.981484404561856039e-01
2.305875755700181884e-01
-4.479740271327603551e-01
-8.610491269232323219e-02
-3.608866547662685775e-01
4.825062882474364656e-01
-1.221105115332221658e-02
2.614207003628834514e-01
2.252398440784234346e+00
-2.513980403533814467e+00
5.086999038039428100e-01
6.341530807971444972e-01
-1.163171702577722844e+00
2.473921824350817644e-01
5.552595116686109833e-01
2.903388533277970751e-01
9.686347027323938264e-01
-2.712088060876549633e-01
4.885357031878969636e-01
-2.089792641388895866e+00
-1.721529109692516268e+00
-2.465219426615652409e-01
-2.717754953283879615e-01
8.539268733126448296e-01
1.821617982888398046e+00
-1.184978567604280553e+00
1.227620503259202245e+00
8.601971038056426266e-01
1.351244561062272531e+00
1.452104471046707701e+00
-1.617177153040305626e-02
-5.183879776477127166e-01
-4.096959408673335190e-01
2.891777031156390620e-01
1.876578679567097119e+00
-4.463460826296223871e-01
-2.522345013733638730e+00
5.979171946629247003e-01
1.314928568843591883e+00
-1.867355306946278493e+00
3.644044004307200879e-01
3.222081118765755647e+00
-5.991149381359353043e-01
-1.148829159181592896e+00
-1.263356763280043538e-03
-3.882657119209040886e-01
3.317220946317398500e-01
-4.477933724789817660e-02
3.244575911501197396e-01
-1.553026022005904672e+00
-3.968319518642049459e-01
-8.303705096867908253e-01
-1.280192081329942777e+00
-7.164746051771171409e-01
9.303528641871317006e-02
5.956495110572248564e-01
-1.474815402811027187e+00
7.233003802834723217e-01
1.215178474644629247e-01
2.549778937258775358e+00
-4.963654481862125323e-01
1.570375852699053887e+00
-2.435345443213519090e-01
2.230460488024919030e-01
4.092217610775055192e-01
4.745665394584541730e-02
-1.806474276755144714e+00
-8.065231598712543359e-01
1.120805838314416825e+00
2.796199516092201520e-02
3.316403428402070475e-01
2.759441721474100717e-01
2.159062254675094827e+00
6.944035499863199234e-01
1.186297578664420982e+00
4.535830377388503365e-01
8.898833938785877251e-01
-1.407123670286924977e-01
1.952272213286563307e+00
2.353842348337886747e-01
1.447481612931439621e+00
3.507181515108648284e-03
4.052407204503634119e-01
1.190005290327045273e+00
-2.465047246262415115e-01
-3.990496320931669061e-02
1.257322277820424716e+00
2.886609717132984088e+00
-1.099612390084461211e-01
1.983033482152420923e+00
-9.131231452632917467e-01
1.078846296092219603e+00
1.319551374476660044e+00
1.732758756838428837e+00
6.661606408512454891e-02
-1.338137671226666825e+00
-2.328569107055363574e+00
1.024550070061536644e+00
-9.288273243489761910e-01
-1.696203758925141969e+00
-3.021296712468481971e-01
1.113304862010933149e+00
6.952751561934977786e-01
-1.466930774033653684e+00
-1.300455513362575033e+00
-1.323100664471311916e+00
-1.098023616563592153e+00
7.201043398586683963e-01
1.738403473777792030e-01
-1.594050626176509944e+00
-1.056471905922808485e+00
-6.405625856370349425e-01
-4.722323778167600850e-01
-1.833848000086566898e+00
4.454924631695709181e-01
-1.282014691319004918e+00
1.617043491208330686e+00
-5.068346827405436628e-01
-3.179691424028128210e-01
9.496656616288090547e-01
-6.944178286622166851e-01
1.057312053367716054e+00
-7.061838233529513786e-01
1.940246584337109503e+00
8.555477071115209498e-01
4.431581315866424120e-01
1.155778130886730537e+00
-1.598576266157358816e+00
-2.071822559054599111e-01
1.630127502634142189e+00
-1.089102826325808238e+00
1.780807738099614568e-01
3.332012346957382576e-01
1.765809597581739609e+00
2.471401559467452103e-01
2.108053329929234110e+00
1.798681039978445639e+00
1.629034375130961720e+00
-3.860993311059353061e-01
2.581631418093808250e-01
-1.071388011108871829e+00
-1.404672872682271922e+00
1.108350012481409408e+00
9.873963550670294964e-01
7.467813308834454489e-01
-2.028351334630917435e+00
4.358653154371818772e-01
-5.617880057701238883e-01
1.720241875222932926e+00
1.623030111033640921e+00
2.055024083196574480e+00
-1.754149071630717316e+00
-1.573147376561849775e+00
1.229030022335530603e+00
-4.352132448172154611e-01
8.252323290459386840e-01
6.414622680727113391e-01
5.379450866088921757e-01
1.780500570829966378e+00
-1.125051052191085255e+00
-5.526994784971632768e-01
8.621475321748492959e-01
-2.673519647132730270e+00
-1.001177227774632694e+00
-7.247854361744581198e-01
1.242140360368945373e+00
1.318206497378402453e+00
-4.518180441090056121e-01
8.190700157008468096e-01
-1.164358315945659861e+00
1.426668693722772829e+00
1.218452142891671031e+00
3.717877418212403029e-01
2.847611798762272883e-01
7.332324533509666509e-01
1.954488577282162964e-01
1.808300315952282133e+00
-2.199573080486336707e-01
8.365958125085528607e-01
-1.101453845410639953e+00
-4.382688811590975675e-01
2.006602877867331713e+00
7.097225541835907592e-01
-1.008619758234251762e+00
4.617659770850712775e-01
-8.532575004224991488e-01
4.698927405308763738e-01
3.716499120138028189e-01
2.014199183548434746e+00
-1.252327309556544588e+00
1.410420939155620168e+00
2.066673655408038712e+00
6.541505461346863726e-01
8.240474255692511463e-01
1.911249484291834833e+00
-4.009537019156148574e-01
2.478482729589890354e-01
-9.853163373269051561e-01
9.810759531265151878e-01
-5.969816031293806446e-02
9.156246486314181254e-01
-7.964390927955911081e-02
-1.169107076641741294e+00
5.303016341706614512e-01
1.721848116001812201e+00
2.342355152655263062e+00
1.415927753264973887e+00
1.910288310460854788e+00
1.730083423548842703e+00
-1.984992324127696772e+00
8.874896933302292013e-01
9.710319362945796229e-02
8.456659332564520071e-02
2.919037520315992396e-02
2.004225181512317988e-01
5.778706008318046372e-02
1.028456551539522756e+00
-6.465530981435927416e-01
-2.101619823867553194e-01
4.953206005596619832e-01
-2.556395522158156908e-01
-6.315244627148786094e-01
-1.621077839694283540e+00
3.360448241758469123e-01
-1.341861356980858844e+00
-9.223955694471221989e-01
1.091319265098345426e+00
-1.156898900339963454e+00
1.434188414827851865e+00
3.576140475317135525e-01
1.262246441200507441e+00
7.315803467994133058e-01
1.682899902702574835e-01
-2.261831800409158433e+00
-9.548224338987942872e-02
4.294773629415047367e-01
-1.889171146287377034e+00
9.061871782767028094e-01
-3.882871157269107698e-01
-6.984448660595266034e-01
-7.240548360726704047e-01
-1.058547199201049338e+00
-5.275209982207833548e-01
1.008748950293529845e+00
1.573699540275329767e+00
-3.996581004080876909e-01
-7.200303536912722180e-01
3.477312259906213399e-01
4.185326659167785124e-01
-1.526900192524001110e+00
-1.232871622687394808e+00
8.868141211960756110e-01
-1.578677819857876585e+00
-2.440669714938303869e+00
1.490516602526925638e-01
1.583332579461038669e+00
6.574375629141258059e-01
5.875336667675146174e-02
4.370878263155653087e-01
6.673483064249410290e-01
-7.552311681602521531e-01
-3.599745961153200113e-01
-2.295769986576343680e+00
-8.161238871157845409e-01
1.720313569596835457e+00
5.938312344290874734e-01
-5.587038142562343879e-01
2.328542499521599751e-01
3.563842107275672078e-01
3.412018062563042520e-01
5.661386327705510979e-01
4.717124967160390980e-02
6.249297642404822994e-01
2.223023139123739611e+00
-2.261402818188527064e-01
6.949654559198004122e-01
-4.838196386293800444e-01
1.909666914746491528e+00
4.348637788975047158e-01
-2.018380189956169524e+00
-1.275351332242403046e+00
-4.863844815645412822e-01
3.866721779964601424e-01
-9.908922213641604415e-01
-1.460843420353317157e-01
7.057629422449576140e-01
-1.044138996266483321e+00
1.389008286683022675e+00
1.047521095653102918e+00
-1.381137755368672337e+00
6.505405210136316896e-03
-1.016425116126555839e+00
-7.144376573620503379e-01
-2.309938442054253471e-01
-9.380646341717184811e-01
-7.104976567904586204e-01
-9.688395198049786217e-01
1.086735257713788094e+00
7.259462291701126446e-01
-1.091229260934172718e+00
-9.116777613258486568e-01
-8.150307304114710050e-01
3.354700675583996983e-01
5.467300772851118040e-01
1.680719633931726520e-01
2.270578230101680361e+00
-9.524653495810930792e-02
1.879093831055476116e+00
3.062176232762245931e-01
-1.184142703062995849e+00
1.384325077281008731e+00
2.029829630931603290e-01
-3.065053586440855682e-01
5.113557550327385570e-01
1.772833867565660526e+00
5.306905326135815670e-01
1.180722388207202656e-01
-5.534059589022852776e-01
1.130300430025837244e+00
4.423789522013965581e-02
8.085037599511952777e-01
7.332734948641501660e-01
3.050750972556803831e-01
6.454127950083758947e-01
-1.910521083652256813e+00
-5.984887294978040728e-01
-5.207095212355259406e-01
3.748546812828781327e-01
-1.635680626095774581e+00
7.415170736328491330e-01
3.382605180549020929e-01
-2.632832307159074681e+00
-6.870492841182649357e-01
1.462848870143417912e+00
-3.879057483624501756e-01
3.314542823807151706e-01
-2.286546571007354700e+00
-1.071054773222188672e-01
-9.675778921050781634e-02
4.924685451039065853e-01
1.268676258679652058e+00
-1.970413681449203480e-01
1.996878223243649053e+00
-2.883152134362871433e+00
-1.362909884817474104e+00
