1.691042258512585050e+00
9.519285587374977098e-01
2.215933150718280231e+00
1.766103822494970998e-01
1.347642405201873395e+00
1.962305516615532319e+00
1.370941961559887012e+00
8.302425946715130678e-01
-8.513993583648300500e-01
1.499411035105802981e+00
-8.567550994078585447e-01
1.052626237273815768e+00
1.742098633804941343e+00
-1.177525512934697982e+00
-6.407391010837946155e-01
-1.568082823298478701e+00
-1.568361175984359868e+00
-1.680171997191355349e+00
5.276993661654589829e-01
1.542469522399865234e+00
-1.665675512961160010e+00
2.909458812310052878e+00
2.710454959453546309e+00
-3.115251648951812946e+00
9.007518983901041665e-01
-1.844269386399104871e+00
-5.932297719667278812e-02
-2.947552325966719344e+00
-2.717585333230374989e+00
1.235811287653484136e+00
5.995119985193886336e-01
-1.677169547438150499e+00
1.257184846158172498e+00
2.123577288968990118e+00
-4.842888895665167226e-01
2.077435912048231081e+00
-5.734473942000635205e-01
-2.774777633258193710e+00
7.834101465872498338e-01
-2.714652851309862669e+00
1.455371293652865106e+00
9.972347812970365766e-01
-3.246192397336711277e+00
1.220533647463472704e+00
3.917150691233015181e+00
6.340171014196736010e-01
-1.893822644969248792e+00
1.004784718787348652e+00
2.018228100628891575e+00
-4.321010871531179021e-01
-2.137142189941267034e+00
-1.964693016661786196e+00
2.036223974025910266e-01
8.386926752868770762e-01
-1.194731914861231203e-01
-4.343130123868501613e-01
5.690913953108491796e-01
-6.560505673585224073e-01
8.269707009858819902e-01
8.454470938088753940e-01
6.525732972228581730e-03
-1.787803672431356183e+00
-9.997518499832072081e-01
-1.092296248157724303e+00
1.463357938563181193e+00
1.434866614088749159e+00
-1.333649453623664716e+00
-1.317484825630849343e+00
-2.195422922858687453e+00
-3.254140796839121830e+00
-1.879116042748105730e+00
1.511363349908427800e+00
-1.516360547860119645e+00
2.084884963607271935e+00
-6.538366909410431305e-02
-1.888128232287208164e+00
-2.973622816908161326e-03
-5.847330205041458839e-01
1.418621081333126810e-01
-1.746394219292464189e+00
1.123084301579838851e+00
-2.485145892925971545e+00
1.293320608099568503e+00
-1.417480854747608543e+00
-1.020876893838327248e-01
-4.732141076946403402e-01
2.315537268369549651e-01
1.223162818579471178e+00
2.305773902866656400e+00
8.977926770647020049e-01
-2.385107873932663214e+00
4.473854828429493224e-01
-2.037529339908936699e+00
4.616290607301332116e-01
-1.683609791394138355e-01
2.431470458226691278e+00
-6.234449480924473264e-01
-1.060218633558533963e+00
-1.395356169956567527e-01
1.141560532714914977e+00
-8.138649312356349697e-01
1.168841498214304053e+00
-5.703930179186391669e-01
-7.785643557672861093e-01
-1.408661843330376584e+00
2.008263838978087357e+00
2.509052880197616631e+00
4.413158922938862361e-01
-7.812500458557973815e-01
-3.222323560450135460e-01
-1.343435904265186664e+00
-3.022916388158050083e-01
-1.099334536853007194e+00
2.594068480640192575e-01
3.652532372851542419e-01
2.971451384155123776e+00
-3.723607244727053178e+00
3.089202384523645151e+00
3.908066373621768008e-01
1.570962625833792536e+00
8.483227607146766047e-01
1.643271277838886490e+00
1.345198065513661945e-01
2.573343264544936559e+00
9.194952942445002719e-01
-2.269073048739728371e+00
-8.240683897752676401e-01
-2.584682200542758324e-01
-1.353776048176854374e+00
-2.788712422688597314e-01
2.073430194915186320e+00
-4.250238230096670122e-02
1.030943124741874328e-01
2.442120565054601400e+00
1.158818780478554800e+00
1.300403684405368132e+00
1.282716304355915327e-01
-2.630763095526552853e+00
-6.982875845357137123e-01
1.274688308186863850e+00
-6.904043392216427932e-01
-6.654136620633286370e-01
2.219434331435703456e+00
7.825338765908682603e-01
-2.766020023197163447e+00
-3.428916044236292038e+00
6.154598966656932291e-01
1.630052577968620575e+00
-1.651376835656498621e+00
-2.006137976828488600e+00
2.779139475144134508e-01
1.212104098330685886e+00
8.678111571525821688e-01
7.776584999182620805e-01
-1.923321206229520186e-01
-1.226932738511896659e-01
8.290766100192916710e-01
-2.254022405874986035e+00
7.676141529213165171e-01
-2.203308437451958479e+00
-1.245982748223981584e+00
1.441391999549601621e-02
-6.653308456705095963e-01
1.572766844179125378e+00
-6.059800845765836996e-01
1.058568752729225793e+00
1.456965455516535002e+00
8.576922578044499090e-01
1.754761679458014534e+00
1.260786924112071716e+00
6.341202036218263061e-02
4.452717693648668984e-01
-1.756505705346657731e+00
-2.448941282206527958e+00
9.619932906703763109e-01
7.955637607714427517e-01
3.666934696593182608e+00
-9.545542655095697882e-01
1.004883913929592865e+00
-2.321906933036260057e+00
-1.915843428614456112e+00
4.978342251667564611e-01
-1.093436467332501216e+00
6.909188522748079819e-01
1.636004365536189553e+00
3.628349230171670214e-01
2.300891080275615508e-01
-3.566143122266526966e+00
-1.507490321426661950e+00
-1.018979081826173250e+00
1.269912172860985677e+00
2.145542163745277620e+00
2.158492033047534342e+00
-1.153798368816365549e+00
-1.471754669120950432e+00
4.498317181918487506e-02
-4.796033014164660102e-01
2.607129225355198088e-01
1.618731672941061461e+00
-2.878262577585511295e+00
1.759130146486766577e+00
3.330590451974053678e-01
2.042068786717360140e+00
-2.317792807944893951e-01
-1.935169579834050246e+00
-9.029521962863995554e-03
8.487664785560022906e-01
7.350309342439587112e-01
-1.549232028560241226e+00
1.329102318520187787e+00
8.666221287767434944e-01
-8.931622872676072689e-01
2.190773933409396079e+00
-3.271456165774742075e-01
-3.014410247129064135e+00
-2.743402604387656929e+00
1.986451936428867526e+00
-1.545670703890542619e+00
4.476250306242679500e-01
1.523937105261499170e+00
-2.751954856963223506e-04
-2.799080656733119454e+00
-1.737184228538266595e-01
2.286066233319147045e+00
-9.352828732400570999e-01
2.313690973807323914e+00
-2.435731138266595153e+00
3.830731275130382585e+00
-2.196601196734053740e+00
1.054954655883459935e+00
-3.574164693977550655e-01
1.403907636102168510e-01
3.711697083518039619e-03
2.797717936101147274e-01
-1.146860510889914586e+00
-1.437587610985214148e+00
3.444647988746005751e+00
2.032301840431809836e+00
-2.874943075551321670e-01
-9.962605811872142780e-01
-1.335913786959626481e+00
2.533826019435192478e-02
2.913831708194876136e+00
1.536447440958879085e+00
-1.124044912722635736e+00
-1.364483739429860343e+00
5.487903622330030373e-01
-9.647585049678202296e-01
1.441187238429756157e+00
1.016180195201767944e-01
1.307648230253715127e-01
4.363064333792348037e-01
1.098057235862631487e+00
4.363194175903650773e-01
-2.660462955484188541e-02
6.268583628645671979e-01
1.653253335316067663e+00
1.371812513536607270e+00
-3.875511206367328043e-01
3.973020952309820331e-01
2.524648036924988403e+00
-8.157518803283503317e-01
-3.790312682159111546e-01
-2.688284127846285454e+00
-1.071831159210080209e+00
2.972886438823874933e+00
6.213117518878208401e-01
-2.071468026691858810e+00
-1.836456815628877859e+00
6.590383496828255971e-02
-1.557787768770429349e+00
2.227531908318445275e-01
-1.406758117269334640e+00
-2.837246082162359073e-02
-2.729875790836345129e+00
4.033035056688087039e+00
-5.886861023244103208e-01
1.927085348824464361e-01
-3.376032122233332267e+00
-4.548999296771825129e-01
-1.406825234494499810e-01
-4.881772756450777351e-01
1.991171354953666928e+00
-1.477429175524480609e+00
2.849574860937782006e+00
1.243870110476863466e+00
-3.398915548363463657e-01
-8.763838560807011291e-01
-1.406560634148370514e+00
2.986819977331798270e-01
-3.085946984525840264e-01
7.841118877643076246e-01
1.040992443458575778e+00
1.043615106790065639e+00
1.938676239774641985e+00
-1.772717609522951321e+00
2.372372349841570305e+00
2.311125440668285513e+00
-1.980747545216110073e+00
1.203151765375025661e-01
-9.628836525713797556e-01
9.766870299033394431e-01
-2.360681679272147449e-02
1.280688703744035983e+00
6.219272353198759262e-01
7.355710012943017517e-01
-2.412158513098354273e+00
1.421808960700152724e-01
-3.505954856330868452e-01
-1.244839403852134208e+00
6.747393308307003679e-01
5.555821238486959857e-01
-6.622630937488231950e-01
-3.209957829757735137e+00
-5.519834411047597200e-01
3.552610107576583687e-01
2.778763990092486758e+00
1.858718404873817676e+00
1.291106157704987822e+00
-8.931299966452872496e-01
-2.202504446355746381e-01
2.129024836004407284e+00
-4.935204938613155790e-01
3.076859159950160461e-01
1.462146983630754349e+00
2.583854839406374282e-01
8.278985485956980028e-02
-3.077901326861284481e+00
1.107732050645728883e+00
1.485570338243455524e+00
-3.256326219726185300e+00
-3.059358365121835899e+00
-2.619106010268079210e+00
8.896896577009618667e-01
1.392037549789344908e+00
7.503393930698365466e-02
9.720989783071374291e-01
-1.309581197815257170e+00
5.543052468626701312e-01
5.275878184515025993e-02
1.200045242435922255e+00
-6.665883704158996892e-01
1.788055501847363615e+00
1.482567243176823091e+00
1.304832981589817642e+00
-1.912300870477927184e+00
1.031607710550554557e+00
8.396014856807614279e-01
1.343693452276921718e+00
2.697152070214863251e+00
-1.002002423722938573e+00
3.548672614131405112e-01
1.011339919323247294e+00
1.021277249627035033e+00
-2.940855786906908520e-01
-1.700112831056579399e+00
9.769169254586191897e-01
-3.205077390917372426e+00
9.944600814594100058e-01
1.788693221030346336e-01
1.989447006198989953e+00
-1.396605794412522528e+00
1.018465431483004835e+00
1.282612012808974633e+00
2.479072480277060286e+00
-9.170543583957133649e-01
-8.865754166301700323e-01
5.302280039936739797e-01
2.365728454724837171e+00
-3.013604932167306849e+00
-2.005929114126063784e+00
1.762865749432656948e+00
7.713044208013242198e-01
2.646461151099154918e+00
1.714265579299867781e+00
2.246645745923649962e+00
-1.090427582188091549e-02
-2.219301776660845604e+00
-2.504238234342217595e-01
-2.379092276842956100e+00
9.320482636076787841e-01
-2.486538473143262706e-02
7.869191657253864491e-01
-1.044773826481296020e+00
1.782819194587562883e+00
7.631519107850346373e-01
-9.449521797713815729e-01
-5.211955027907801963e-01
3.996466198028070238e-01
1.853061504317209618e+00
-5.745849918333867379e-01
-2.159382261779223544e+00
2.779920873514142521e+00
8.953457101302308985e-01
1.361728298722908903e+00
-1.000134228505503486e+00
1.211940245483441814e+00
3.661399384001899904e-01
-8.602619565371014687e-01
2.632218012033806787e-01
5.383717679828539104e-01
-1.272666547488011446e+00
3.124559066842564903e-01
1.841050925367390789e+00
-5.732873221223746540e-01
-4.816201386400544848e-01
-1.900491590575335010e-01
-4.330305093300612640e-02
-3.105076873197027965e-01
1.845933003415614060e+00
-1.777369829176218552e+00
1.220730240316236781e+00
2.812983735034357835e-02
-8.762818610517051354e-01
1.435239983231979544e+00
-3.350143051546545792e-01
1.274225436971478054e+00
-3.501781437147046816e-01
-7.684518719378594653e-01
-1.326193746092367842e+00
-2.395932325040944555e+00
-8.854157836395275538e-01
7.936700914425571796e-01
-5.890192848827444649e-01
3.756902741148859803e+00
-8.292022213795897656e-01
-2.336255905328480154e+00
8.936020682682110916e-01
-3.743716161212813365e+00
-6.140241432349657913e-01
-2.311228748957743218e+00
8.353581736400883528e-02
1.810140597136201457e+00
-9.871205356565511124e-01
-1.191081916270526619e+00
2.388164707092762740e+00
1.875451953409633887e+00
-2.993821306518976044e+00
-2.193770477998934432e+00
1.531449287511645885e+00
-1.470537914664784562e+00
3.898086322004878923e-01
-4.434562267209782860e-01
1.036369486994375144e+00
-1.477879174201806034e+00
7.558900970844018019e-01
-1.532926245718314817e+00
-1.408840944863092304e+00
-1.763167862235031969e+00
1.620228637390663806e+00
-3.648289821700245739e-01
-1.965532902594765652e+00
2.969334524871008796e+00
-4.599382744245170684e-01
-4.997479313749417784e-01
2.774288662287329288e+00
-1.496974250472504764e-02
-8.206138017958428676e-01
5.262731557055122522e-02
-2.536609028395346410e+00
-1.364767038769816310e-01
1.508752886135189542e+00
4.525708185504626613e-01
-1.107497789732167170e+00
4.048111806530698686e-01
-2.896951357006338768e-01
-1.917486008648285889e+00
-4.134841447457592523e+00
-5.957779570443069161e-01
-1.644678264433203640e+00
1.851931793862910958e+00
-6.087539927958189878e-01
5.169288888199119469e-01
2.465254506241341126e+00
-2.155115528837777461e+00
1.897301125388408671e+00
1.114804234657921000e+00
-4.136394175619537705e-01
8.066749541071480678e-01
-8.925273203207249040e-01
-7.400926132873459906e-01
1.394850690815965244e+00
3.893186869080409451e-01
1.356865169269600990e+00
9.144282301438444449e-02
7.968638954375037997e-01
3.659352001584068148e+00
1.075765740941273307e+00
2.096989215133417517e+00
9.950431528429390937e-01
-1.648619465121514693e-01
-5.937593461589996124e-01
-1.500121284367669006e+00
-1.557247797390216348e+00
-1.333730154391261635e-01
-1.353058114130689216e+00
2.719492123201563416e-01
1.529742800831604299e+00
5.892224856384284948e-01
-3.745950357993883539e+00
-2.974191332261688636e+00
-2.962287674412547034e-01
-2.288759792360282930e+00
-1.269564809411676265e+00
-1.625726768162805147e+00
9.532997066993642576e-01
2.194366970653092608e+00
7.138799067347587624e-01
1.819299257304329842e-01
-1.141665798229425821e+00
-2.489004974460087283e-01
-1.708905533810781030e+00
8.715605225633993314e-01
