3.413904016094635452e-01
1.112115655448333129e+00
-6.581488410521663113e-01
-1.719544045444133751e+00
1.046628796734547784e+00
3.695905346249359624e-01
2.289139427726128773e+00
1.454406972660606812e-01
-4.002490209409756972e-01
6.066175819794326074e-01
-2.200489078669336962e+00
1.205250347603870509e+00
-1.151344309260071697e-01
1.299979661740248815e+00
4.645964130222282051e-01
-9.988348815479799470e-01
-2.536951238096687433e-01
1.176452279876372131e-02
1.696436377894232628e+00
2.917402894871852226e-01
-2.065553986352470339e+00
-1.385056378012095024e-01
1.099513171146781154e+00
7.785678016680748215e-01
8.773408520024714718e-01
-6.420782929729469402e-01
1.109774225599996278e+00
-1.197312422536620957e+00
-5.147437670851724434e-01
-1.212603852807800919e-01
-6.222174062939771488e-01
-8.848780938489477776e-01
9.342617556345933494e-01
2.333739478530485911e+00
-3.292497291056486475e-01
-6.983536270984123107e-01
-1.627707162827043419e-01
4.518104795227175785e-01
-1.035596409097594872e+00
-4.086198579519422225e-01
1.646329380809321563e+00
-1.023096456164225732e+00
-7.749169880015331913e-01
3.025838362355521838e-01
1.267455495219532935e+00
2.160961873227378760e+00
-1.353198274582608995e+00
9.877990791069350962e-01
9.884601165512503229e-01
-2.880106870776815153e+00
-2.521643843650824834e-01
-1.559517355712705999e+00
-1.691059525311000122e+00
-1.081909550469775994e+00
3.915889588215915040e-01
-5.760653323603648346e-01
9.071813863227227159e-01
1.147404350695393482e+00
-3.547205346855166752e-01
6.989134170482911301e-01
1.107553229181462484e+00
-1.250516848463906427e+00
-1.481956203285011320e+00
-1.192781523586470271e-01
-2.005198581126255153e+00
1.848297144727045094e+00
1.192146525808375657e+00
2.957899128999770255e-01
-2.081584910660492227e-01
-9.605414744481475253e-01
-2.126395147664111640e+00
-6.863009511072242219e-01
4.931759716481547429e-01
2.088725768340971456e+00
-2.521467650032871433e+00
-4.650506624038710513e-01
3.871214256134614118e-02
2.041631923359304324e+00
1.207879665116314172e+00
-2.634483689803643003e+00
2.133180331680080144e-01
-4.074725753663930305e-01
-2.627295969828722377e-01
-7.773544755715384724e-01
2.967833468774028205e-01
-4.723345638753508879e-01
-4.301560158804287326e-01
2.171697172956493560e+00
2.660769873034895205e+00
-6.231840273022282162e-02
-3.800834653425937404e-01
-1.858869527846727099e+00
-3.569719419772390268e-01
-2.772599399925788077e-01
8.849385131789944126e-02
1.367837499289073833e+00
-5.360347443437802895e-01
-3.362256622662622707e+00
1.193215166772190194e+00
-1.031173008403494240e+00
-4.659476509378857045e-01
-2.219187196798144690e+00
1.229697151073150252e-01
-1.846150254048414041e+00
-1.596980908559205048e+00
8.840905446984939076e-01
1.577816957897941741e+00
-9.640404723471371895e-01
-8.820385272209465555e-01
1.348442632221964033e+00
-5.833270543689454968e-01
2.606001006407741016e-01
-1.353825849381851132e+00
8.125247811764246819e-01
1.015920041483079572e+00
-8.025513556341064003e-01
4.200462855069320156e-01
2.992759921950352009e-01
-2.025622784262556930e+00
8.540412740001706027e-01
-1.544937679654059703e+00
-5.920278411211530312e-01
1.545912200590268348e+00
1.306474607209205274e+00
-2.428629648251249940e+00
1.591631205509589364e-01
8.500530516783602053e-01
-1.572502945098470661e-01
-3.910785793161251078e-01
1.965428466154510723e+00
2.181406768922103723e+00
-8.985995789335472494e-01
-9.718219553664111388e-01
-6.115852473677714229e-01
-1.116627453618814769e-01
-1.069453728981981655e-01
-9.285354429908014851e-01
-1.222488383168759185e+00
-2.911537854673511561e-01
1.563329699862325839e+00
-4.592517522451311507e-01
-1.768261644991309112e-02
1.237571425487305810e+00
2.320881446109952506e+00
-8.282368528160466425e-01
-1.115438948593530988e+00
-2.501590398880262356e-01
-1.649197087705847053e-01
-4.445692685245656861e-01
-1.302386545419065289e+00
6.599499908720432018e-01
5.091595850548582547e-01
1.449479062449048783e+00
1.125341705713253759e+00
6.374132735538502459e-01
-1.218591256418157798e-01
-1.210580151190812082e+00
1.646152950523127600e-01
-2.474827372889181643e+00
-1.697114124816224034e+00
-1.450150888715751041e+00
-8.690540612053601066e-01
1.739104055623066358e-01
3.760799237542471474e-01
1.194680133873093908e-01
-7.976499425632077589e-02
1.189446346501766172e+00
9.397886857667847593e-01
-2.156519222650805645e-01
5.154474681594853891e-01
-9.939674273868126519e-01
1.210827985736323775e+00
4.386969386424635076e-01
-2.343815585854545080e+00
-8.450813287844560762e-02
2.199557961738250356e+00
2.193094958373935199e+00
-1.902642814189010601e+00
-9.462099298324835317e-01
-1.901488845913029913e+00
1.015880405785301477e+00
1.785841785391825809e+00
-1.492075093688058018e+00
5.859150385788876036e-01
1.370951997481203222e+00
1.741232679721793630e-01
8.712318313517286583e-01
-1.873936991103072103e+00
4.608785347134327637e-01
1.269550314172899874e+00
-1.123885428073494008e+00
1.611040588559401243e+00
4.909946741322457342e-01
-1.555189127168724816e+00
-1.587370275331307923e+00
9.279664272720342666e-01
-4.055174109462642562e-01
4.637105630108369070e-01
-4.620230296207417098e-01
-1.711472639318294409e+00
-1.134767407255866445e+00
9.188638923498517741e-01
1.458864252727497757e+00
1.183248964057572294e+00
-2.474123697298576730e+00
1.668275276791239214e+00
7.415204673746522701e-01
-9.354322229289024904e-02
-5.284378898023707194e-01
2.717256392460427605e-01
-5.472642610509765859e-01
-1.372511346768022111e+00
4.319389657235355173e-01
-2.523714372685939011e-01
-9.834821744221962092e-01
3.117173462147064811e-01
1.100264257438951176e+00
-6.688942549340524124e-01
2.225313595406524847e+00
-9.622887665182471295e-01
-6.888124118480130065e-01
-4.978408423265374694e-01
-8.848917533993807538e-01
8.875911794294433221e-01
-4.662252234603094792e-01
4.379504130135369877e-01
-1.715957045334850051e+00
7.790680361927107000e-01
5.569680534632759361e-02
2.569989511831831663e-01
-6.900052466149686481e-01
-3.743242686717120904e-01
-4.387541381828672371e-01
2.034929025190814755e-01
-5.798456588609131046e-01
-1.158625126096091140e+00
5.796238558241384453e-02
4.386457347253163164e-01
-2.699005395461231416e-01
1.217927727561118445e+00
-4.569077914222043901e-01
-1.736423651140133195e+00
6.978065636542929440e-02
1.480970107253453349e+00
3.223819470932420828e-01
8.244250426532397924e-01
1.764853529097027085e+00
-7.389688240168190703e-02
1.264625085422238726e+00
4.306667401775809978e-01
-1.371033031785353629e-01
-2.022099866039166471e-01
9.809982838800790361e-01
2.306187983069833969e+00
2.986601344865835728e-02
9.297159241188630574e-01
-1.224637249694693342e+00
2.205057185073231452e-01
-3.213165007377138949e-02
-7.794741257645698695e-01
8.407933757233410077e-01
1.196265870261385977e+00
9.069736840748117146e-01
-1.371616067152894303e-01
3.483293083929002165e-01
5.730045452121244054e-01
-7.580359544511141578e-01
-1.765086126262102706e+00
5.826285414201768376e-01
1.816463660540201808e+00
-1.715038204703893676e+00
-1.032124982931683643e+00
-1.441188983701557014e+00
-2.557510110982352813e-02
-3.265200228256611936e+00
5.539659284063125355e-01
1.110984205849288031e+00
-1.931919308996440598e+00
-5.687400121163292965e-01
1.078420097209362716e+00
1.631047270228176416e+00
1.123793335394362991e+00
-2.443648533786051402e-01
-5.117127151163263221e-01
-5.495749409360319859e-01
1.194152112191259718e+00
-6.912292070165015900e-02
-4.759348078656175929e-01
-2.223585941673169586e+00
8.530673540430457891e-01
1.970909967613732050e+00
1.375346613747074009e+00
1.349378819067963420e+00
-1.443371515551592044e+00
1.217289509891834598e-01
-8.493173803316160786e-01
7.788265147428630186e-01
1.460138979755580380e+00
-1.835914803237197912e+00
-1.813302713792785070e+00
6.162558966867823784e-01
-2.606489797803286379e-01
-1.548607039914953187e+00
-9.170915747015087049e-01
2.005524920139412970e+00
7.204974270652408919e-01
-1.149187979454350028e+00
1.407768456644791222e+00
-2.517447800138730596e+00
9.183267380772539568e-01
2.602755552158431129e-01
7.323609836316666843e-01
1.858751292154671830e+00
9.021291161094957545e-02
-1.090098822003539247e+00
3.861464742132136863e-01
3.856472389636813602e-01
5.944864167225407670e-01
1.339551409591405395e+00
-1.996017911205226980e+00
-1.665571920424173236e+00
1.510266266864681128e+00
1.729613774131086856e+00
-1.651827690402936089e+00
2.138819018478751666e+00
-4.664266017916407492e-01
9.343111940812365290e-01
-1.193667664343953660e-01
-1.748892239298473150e+00
1.554172602879453358e+00
-1.101609423101101992e+00
-1.297851626483983001e+00
2.097010709243365412e-01
2.485168904257520239e+00
1.042607502311183154e+00
-2.942748332791120802e-01
4.440861165504088603e-01
8.675642010540718374e-01
2.626627329139683553e-01
8.942539219558822694e-01
-7.670607178362933709e-01
-1.113369799252948322e+00
-4.402592569419283564e-02
1.461636433069781305e+00
1.161221712396649508e-01
5.834990547489491419e-01
1.120573023650055511e+00
2.955919707446552636e-01
5.768120399497833617e-01
1.275890209802561515e+00
1.338052183382520965e-01
-1.292988424905150424e-02
4.129895405372057127e-01
1.773399490867619832e-01
6.084365247453309422e-01
1.466569571533558047e-01
6.087676064834681711e-01
-3.172364136722481298e+00
-2.792006567790368265e-01
-7.462068555886851584e-01
1.108335678288630000e+00
1.217389491830155990e+00
-5.912010935791034427e-02
1.321550632388688307e+00
-7.351953064252754189e-01
-1.699444867490132349e+00
2.220551087148026070e-01
-5.578874183624575878e-01
1.623130766794641744e+00
-3.945403533469038493e-01
-1.465112882615759560e+00
4.327482602543861745e-01
1.852913480028415272e+00
2.285246718719893266e+00
9.968695359165256065e-01
-6.844634104180187251e-01
8.002763137555621853e-01
-1.515569051536650669e+00
-6.254340647744172088e-02
-1.845181328897935735e+00
4.580737867942641373e-02
-7.326775361719874979e-01
1.201701785153944435e+00
5.759961477115718154e-01
2.689458374110804684e+00
1.739521945070402253e+00
1.089858979369447312e+00
-5.585378309396373808e-01
-2.083255704468760516e+00
1.465849197523647618e-01
-1.244792649784385308e+00
-6.178685505323731064e-01
-1.339641033244280521e+00
2.270752246622040893e+00
7.539745123740981825e-01
-5.768781294892999512e-01
-6.692640774442608631e-01
1.679601770717287224e-01
1.484434014761526477e+00
-1.032463986084773300e+00
8.249119394005042238e-01
6.642254744737607908e-01
1.382333221800249312e+00
1.598823767555659359e-01
-2.521125533098613758e-01
1.236892597847357500e+00
3.075413969189986219e-01
-9.160920038119844122e-01
1.156907383979587145e+00
1.734950396394121519e+00
-3.941136254451080845e-01
2.400719780350939914e+00
-4.248255530583939787e-01
3.570201224885982683e-01
-1.847428035392209011e-01
1.717333999673336109e-01
-3.318072977420642999e-01
1.700401257401614075e+00
-7.667840597965778215e-01
1.393085656963345187e+00
8.957922707621399638e-01
-1.916246157479255974e+00
-2.160062289114694778e-01
-1.291157677302688267e+00
5.478201029958018609e-01
1.043750169913034931e+00
-1.062081831771926499e+00
-5.970982893108232048e-01
-9.448083445189974228e-01
6.305520501235584163e-02
-1.778336264336406458e-01
9.315024645385889812e-01
1.699411995770445216e+00
3.708132444521874405e-01
8.266673075466020038e-01
-1.169961390733006645e+00
1.294686980841550650e-01
-5.963269527641070766e-01
4.798732414730908502e-01
1.958751162123796519e+00
1.301788292686455684e+00
1.550574732901093711e+00
-5.445087381963249484e-01
2.359579137376462299e+00
-6.567403196275201083e-01
7.328817995785765760e-01
5.519843172744760551e-01
-1.938083621100584963e+00
-2.965418879313900469e+00
1.895703936477541873e-01
9.338464300019833075e-02
-9.697131033434231995e-01
1.386716450618472152e+00
-1.349838975624964021e-01
4.997965158666914931e-01
1.325110440166206160e-01
-3.062076603070771341e-01
6.726946981963362049e-01
1.028339646288703335e+00
-2.082720105506989938e-01
-1.448325905191880647e+00
4.212661653456777344e-01
-1.677803728717738974e+00
-6.565543375118831904e-02
-3.489450895315684420e-01
8.016824052779982779e-01
3.712887561182629526e-01
-1.650789412033948356e+00
-5.411873969810230278e-01
-1.520032014023602329e-01
6.947351127221228495e-01
1.427917545807271260e+00
-8.796274196034836734e-01
2.903600571709175071e+00
8.925180528460474605e-01
8.958562176596416293e-01
-8.504924992894373759e-01
-4.708249039257363933e-01
7.891439021825741307e-01
-1.170154021155784818e-01
-1.302118753542439222e+00
1.989233303280690812e+00
8.802180404268753477e-01
-1.787789586747733139e+00
7.708727353043274277e-01
-1.762345990654854422e+00
2.639176419658930683e-01
-1.026745869432552638e-01
-1.087128291632669885e+00
-7.827522424217132624e-01
-2.460910430758236345e-01
-5.921802921855769952e-01
-1.514428779485504251e+00
1.629176747955640714e+00
3.589483584137989070e-01
1.379987581165060817e+00
5.442545019629116965e-01
-9.842616406322797218e-01
1.771146777996701616e-01
-2.280900823433650082e+00
-8.517908408608132476e-01
1.166162653163905105e+00
1.335531628951676986e+00
1.198609288661067751e-02
-5.858283776822688083e-01
3.213180114273539445e-01
7.080892108882208547e-01
4.945170370971236906e-01
-8.866757936249438643e-01
1.416210146269742509e+00
-5.354674631191276291e-01
4.052945372036198535e-01
2.367232588348180400e-01
