9.971506266112939443e-01
1.289666674829526904e+00
3.385923544385356365e-01
1.460002298017526456e-01
6.501754148209260009e-01
3.818896566931639924e-01
1.731683601553307028e+00
2.466876783974765175e-01
-5.648693830019206885e-01
1.582774565708441550e+00
-1.694647766580507309e+00
1.275593867298082884e+00
3.855842708892627257e-01
1.156888521843701056e+00
6.484478563512823257e-01
-1.787582375031947279e+00
-1.920030041261153286e+00
-7.657036395539957851e-01
4.732618188525510305e-01
2.465139017659971898e-01
-2.140914101540611014e+00
1.362902928396920288e+00
1.458337130241213586e+00
-1.583785017090674874e+00
1.237531585067602080e+00
-1.069647104280649685e+00
7.858034670162687974e-01
-3.203101322239962911e+00
-1.183128787281657157e+00
7.609521819921045704e-01
-2.772735859163582006e-01
-1.892821001866868524e+00
1.282822124177353196e+00
2.910504595359899582e+00
1.849979386061697539e-01
1.114004487950094102e+00
6.135923638689346760e-01
-4.962624346919923823e-01
-3.321831753625561490e-01
-6.523774214898452328e-01
1.528522663564913842e+00
3.474598742147279040e-01
-2.051129933838271135e+00
4.142432711766925735e-01
2.883764190513323555e+00
1.218706033824609847e+00
-1.445229893789420572e+00
1.070680733143678509e+00
1.666692152181536990e+00
-1.571952340519747970e+00
-1.102524686490463424e+00
-2.806100507957478118e+00
-1.221604195822910910e+00
-1.174135987227382660e+00
-4.296219512205281532e-01
-9.114830262130872995e-01
1.387382167532356547e+00
5.252758531960299848e-01
6.129265427013486089e-01
8.432839087654011578e-01
1.125722524563281368e+00
-1.233471053116931948e+00
-2.652090184769688275e+00
-1.648262674515272863e-01
-1.191193346213443860e+00
1.864976890098903439e+00
1.071326330486046530e-01
-7.039839850749576300e-01
-1.256514880721285365e+00
-1.306912527729431339e+00
-2.331316138719332631e+00
-3.343748264101531475e-02
-1.755038886160142919e+00
2.684739409679028910e+00
-1.877375667002954884e+00
-5.623289273503413455e-01
-4.469142001896058147e-01
6.962106615458090175e-01
1.486304134553679823e+00
-2.452797275857315995e+00
4.825351009900202826e-01
-1.860410054192854545e+00
1.765274900414754100e+00
-1.285168294989041282e+00
-1.107715160639175522e-01
-5.861934315235410864e-01
-1.316223260959468178e-01
2.377085018134071248e+00
2.639476448620000859e+00
-1.572438132860751736e-01
-1.351770460813461305e+00
-3.291042685583018823e-01
-2.207152559602779895e+00
-2.580505376862909372e-01
1.232083702694612981e-01
1.835621796746709222e+00
-5.827848404766209356e-01
-2.460723462537468542e+00
1.780158189981237982e+00
-1.328855244554709714e-01
-1.102930072051231392e+00
-2.425512004155407908e-01
1.252407671133787481e+00
-8.301259075991032077e-01
-1.088000233478639167e+00
9.179481384884455863e-01
1.882876797927774071e+00
-6.950188952778137974e-01
-2.053129272918674531e-02
-4.943804465318022423e-01
-1.279525536894018600e+00
-5.720600288378552278e-02
-1.839647974277131226e+00
-9.225020149562723759e-03
7.141871038589941989e-01
8.238338598563608173e-01
-1.593786521594535710e+00
1.229098789665798996e+00
-6.893529755346650134e-01
3.128346267988462159e-01
-3.138491508767629057e-01
1.397214719900734536e-01
1.219319911249944433e+00
1.878030374443672379e+00
-1.096106958825697753e+00
-1.398739302633190462e+00
8.024010939162202760e-01
-1.487654438055994177e-01
-1.163775828760620801e+00
1.192844611659302778e+00
3.262582763222495075e+00
-4.053361830414523581e-01
-1.120926089768219835e+00
5.294133659706243833e-01
1.298112061197084444e+00
4.096472960094494908e-01
-3.785379415611247467e-01
-2.317718788756428783e+00
-7.869853929085941502e-01
8.500492168512154834e-01
-1.384111868463050676e+00
-8.436831068387746768e-01
2.239281000662307619e+00
1.683655488689752566e+00
-1.510109246745053202e+00
-2.787500830858260059e+00
2.218309034025081061e-01
1.997217599896703888e+00
-1.265222553873641687e+00
-1.626530865938289327e+00
-2.538237310204909392e-01
4.517576251200470239e-01
1.570505064610236978e+00
4.149608625013421204e-01
7.790717161844789018e-01
1.557822665722826017e+00
-4.141338312493001439e-01
-1.421270329601680427e+00
-1.293596424430417891e+00
-2.704595037546683400e+00
-1.271967249031881408e+00
1.614579463808052395e-02
7.334292547079268587e-02
1.118509311939790862e+00
1.403782608697836665e-01
3.502651481656569032e-01
1.926170921856215301e+00
2.447826735131766185e-01
7.786128324156047498e-01
1.682182965482859061e-01
-6.094307869739603589e-01
5.824273603951972689e-01
4.709726803240297244e-01
-2.993958540808190794e+00
4.239383547044379696e-01
1.571156471136122335e+00
2.412899499039276030e+00
-1.982358660373902737e+00
-2.204854460797909255e-01
-1.917993842613822331e+00
-1.067615269616766227e-01
1.085403492082251731e+00
-9.085888913015391921e-01
1.851135129396970669e+00
1.233032663443440313e+00
6.334879480007611363e-01
5.790009427726241498e-01
-3.529408894635372107e+00
-1.319443813021790035e-01
5.455382069822523050e-02
4.264494348004177482e-02
2.240654483718880208e+00
1.555825877962653259e+00
-1.812488227992137269e+00
-1.784096235889860882e+00
1.185016698434906424e+00
8.383120906792331795e-01
-2.182153368231789514e-01
6.661055198400003263e-01
-2.266492548291481501e+00
2.323804425281705832e-01
1.469790124375940366e+00
1.292525168226683618e+00
4.705983071908956816e-01
-1.954965945321513576e+00
9.280641610204991565e-01
4.212932002428058098e-01
5.460398044653969052e-01
-7.465376651691224552e-01
8.572615983024807207e-01
-5.871683837970538278e-01
-1.695580222245298696e+00
2.142368562101184537e+00
-1.082724556767740598e+00
-1.464141802962757311e+00
-6.581635039030908629e-01
1.399291648139227462e+00
-1.031401955135869741e+00
2.277395913113884340e+00
2.193961542086997341e-01
-2.840140758835527635e-01
-2.094386732588936262e+00
-4.213296185971771024e-02
1.158762957370655933e+00
-4.685010164541996147e-01
1.303422540657937390e+00
-1.514805123051512048e+00
2.056918304870074543e+00
-1.984505353879979506e+00
4.454920493997329700e-01
-1.575793785849020079e+00
-2.058092808303033650e-01
7.017706070347937697e-01
4.640892120966810808e-02
5.143699132169210486e-02
-3.324491564426281798e-01
1.753494861500826119e+00
1.340949535977457252e+00
-1.043936355102097924e+00
7.861474484984807276e-01
-4.450514803242509032e-01
-7.934810420529174735e-01
1.651569337470430554e+00
2.074329690829018524e+00
2.693858133983839664e-01
-7.873580650122669056e-02
1.925542121808454965e+00
6.263523224725364713e-02
1.132501191754503367e+00
6.856521841337475109e-01
1.745414378124809929e+00
3.641494619531258081e-01
1.049059846280182562e+00
1.671835526326345800e+00
6.099325501788355197e-01
1.638348189687763856e+00
-2.113328639945120102e-01
6.012950950094433367e-01
-2.343158805432672409e-01
5.847315219806157316e-01
1.010003257605536220e+00
-1.769362272190999619e-01
2.703723215083586595e-01
-8.531327316056307453e-01
-6.318616260127871698e-01
2.203244371525530099e+00
-1.258069356056732424e+00
-1.815348972511732661e+00
-7.127171774614762256e-01
1.857481717887542239e+00
-1.484840909130867193e+00
-2.747483551162250848e-01
-1.288841792198955005e+00
-3.139412462180404262e-01
-2.203715372954845542e+00
1.726213250067328175e+00
-7.695936045676052828e-01
-2.009081525929694134e+00
-2.279119067026729617e+00
4.775267170425170349e-01
2.055579946158935911e+00
-1.026297785048519984e+00
1.608614950483041817e+00
-2.144020690824252728e+00
9.071030125680303868e-01
1.061001390593388827e+00
2.144255010265991856e-01
5.608047664820148270e-04
-1.508727732441491831e+00
9.972414650501235656e-01
1.621592441389687167e+00
1.139788906675656577e+00
2.175797358145903360e-01
-4.041526041608314301e-01
-7.388423004868904798e-02
-1.470286951018069832e+00
1.828415448446790492e+00
3.384403573115685404e+00
-1.386265785487654778e+00
-7.295801141876445683e-03
1.004244376467448241e+00
3.367368594193465015e-02
-8.771384930226178156e-01
6.312047762107546589e-01
1.144674172805237866e+00
1.932901584624453051e+00
-2.138088714698977988e+00
5.699253518459368451e-01
-9.323508489579017677e-01
-1.625398756011051660e-01
4.354411325719800274e-01
5.667272875792246367e-01
1.122205021867372920e+00
-8.055756696843072717e-01
-1.118489029030924620e+00
1.194678958807728897e+00
2.507322220444878624e+00
1.717840846189685244e+00
1.243403137853737128e+00
-1.915545720518633921e+00
-4.955792077199170365e-01
9.391846216853227958e-01
2.093755743817871107e-01
-1.270077416776170587e+00
2.860602987394292640e+00
3.919257186603584131e-01
1.288277626542166487e+00
-7.762694719623040029e-01
-1.934800641851319725e-01
1.841539634713971196e+00
-2.314316212414984086e+00
-1.830755020652402365e+00
-1.754583223530588043e-01
2.046603911415544985e+00
1.416787643919650286e+00
-3.057669321157785447e-02
1.016381488972227132e+00
3.786951196741075165e-01
2.327023974656947658e-01
7.950010449848354810e-01
-4.747491477240775026e-01
-3.270671389229704573e-01
1.979466475666965763e+00
1.433566561273140749e+00
9.867419817772304924e-01
-6.599895156178439137e-01
2.201536285176253216e+00
1.513771850205771763e+00
4.518527873435509434e-01
2.686130309693155027e+00
-2.066294682391998094e-01
-2.919874580873313974e-01
1.652672116155455839e+00
1.100896857979315691e+00
1.130539042405562355e+00
-5.454829959405849138e-02
7.802805476602792112e-01
-3.826193060361704479e+00
3.142394711592828571e-01
2.973119144305060857e-01
1.279568296875195799e+00
6.973164244850948990e-02
6.398257644345992645e-01
1.515065297984645731e+00
1.143605817879116415e-01
-1.656831825626980947e+00
-3.544927034693401424e-02
-1.513993721494625078e+00
1.702961002320604322e+00
-1.473845111651217454e+00
-2.672008046275438087e+00
3.199357069929043007e-02
1.930181310223265001e+00
3.151711881418105321e+00
1.351030640481104328e+00
8.912739166595242679e-01
7.571149531055478832e-01
-2.806951722819619466e+00
3.353099992711978672e-01
-6.494859893009445884e-01
4.303387388988078044e-02
3.936522097987289470e-01
1.327578350409340580e+00
3.662870519594028096e-01
3.363705907923733918e+00
4.466488513137134575e-01
8.897220935045382362e-01
2.350826282522060495e-01
-1.466562879806894149e+00
2.354017161987309592e-01
-1.858729651016420625e+00
-1.286179002915819769e+00
5.916698373433995073e-01
1.407006122364298228e+00
1.321672443236709960e+00
-1.522098435290643703e+00
-3.205638128589693991e-02
-9.709333955008156991e-01
7.286528183078697651e-01
1.393727947176559567e-01
1.239957765904837750e+00
1.978056733079371909e-01
1.507497960619392785e-01
-1.508559214387137359e-01
-8.133105782174263609e-01
1.212369891187492499e-01
7.090738025589251592e-01
-2.329077513194608429e-01
1.211691363078815087e+00
1.724424668762225110e+00
-9.270324104957099465e-01
2.401060645911188729e+00
2.648003202176685278e-01
2.255768252156258313e-01
1.066801282991298727e+00
7.263813501812146356e-01
-4.445292929015138839e-01
-2.046344744869896815e-01
-6.493441269545021655e-01
-3.734779888061536823e-01
-8.567978130452047481e-01
-1.447839918755388755e+00
-6.622311311097961450e-01
-5.192493842317240649e-01
2.044745140552944207e+00
2.682462358214108278e-01
-2.570979428373438846e+00
3.924959279013648938e-01
-1.149568314007471947e+00
4.452411654425736387e-01
-7.730214608446335234e-01
1.301003823869667286e+00
1.847124518356131340e+00
-9.596426373498223583e-01
-5.611810394504423982e-03
-3.505598101820153190e-01
2.835774003631108542e-01
-1.936738989140411871e+00
-1.189879880384292488e+00
1.735347861650726742e+00
1.755184524322199735e-01
9.046860843898780757e-01
-8.164175491140959195e-01
1.468410964383233264e+00
-1.352322812707238420e+00
2.021096836455074985e+00
-5.329258385481558946e-01
-1.502418144541637357e+00
-2.416471061682740284e+00
4.024157376430785860e-01
-2.190296562164748551e-01
-2.593949137334695010e+00
2.092839291165480731e+00
-2.062495245847451031e-02
-1.069952810745511407e+00
1.970823700717120985e+00
8.394739000676416651e-01
1.700468289655345799e-01
-1.911525496038759542e-01
-5.725506648640994456e-01
-1.371060630374818512e+00
9.676538903821043647e-01
-1.842758988209505233e-01
-8.717955514448627596e-01
-1.924839917609446616e-01
1.444467537626577425e+00
-6.642449164477053358e-01
-2.805969190877482866e+00
-1.516803904614115517e+00
-8.841878383998036384e-01
1.060640285483099632e+00
8.717565850506527880e-01
7.356131899069051627e-02
2.704896650242013756e+00
4.001216386690051863e-01
2.136974431877156633e+00
-1.233107467275500468e+00
-5.316049438692624918e-01
3.492033494311543862e-01
-4.109380499269725817e-01
-5.287820560149150140e-01
1.570873465938491975e+00
4.830792415062177270e-01
-2.391645977285108415e-01
1.335127164854965187e+00
-4.156900381943238187e-01
1.969525251481277550e+00
2.208994464575209093e-01
2.044887090849369926e-01
-1.058759074065245276e+00
-5.424184601246198056e-01
3.194116722427882138e-01
-1.178467293291539875e+00
1.060868036621385180e+00
-7.719190389540244723e-01
1.368943844902146267e+00
8.807549157796401573e-02
9.391784818458965844e-01
1.008269849012499719e-02
-2.370974325030568153e+00
-1.399838403134703757e+00
7.447333427430855579e-01
5.408386419419128899e-01
-8.994184301095682343e-01
-6.776485686647832907e-01
6.039861310193295196e-01
8.636862870439445672e-01
9.343485109564140245e-01
-4.735754413196024970e-01
-4.686006562527431640e-01
-1.172992216469745053e+00
-3.198016868162341098e-01
-4.180816110832914489e-01
