7.548595584287474125e-01
7.338488426373066531e-01
8.696014359021750906e-01
-7.965381726212124036e-01
8.137057977788035856e-01
1.073296253797197508e+00
2.174693008359667168e+00
1.080272930579752710e+00
-7.283721448902227280e-01
4.783092718523098696e-01
-1.212820742383906580e+00
1.038055322028118788e+00
1.474027728353092037e+00
4.085005224811286695e-01
-5.027437309744451355e-01
-1.035014632372135868e+00
-3.074473811744136142e-01
-8.835217684928329263e-01
8.472176933458230863e-01
7.217612908033643748e-01
-1.903629236897113941e+00
1.079454555311823327e+00
2.145005224959834145e+00
-1.316398820371891265e+00
9.125803430361711932e-01
-1.120802059504350634e+00
3.947347767677733543e-02
-1.815688021387766860e+00
-1.700890240098255290e+00
-6.192979437925654196e-01
7.296275202787469993e-01
-1.036633926395541749e+00
1.123091293153947845e+00
2.374762671216739562e+00
-6.878640832823892381e-01
1.127147155640320086e+00
-7.110568126939860178e-01
-1.098594970513424585e+00
-3.902924023134630716e-01
-2.001182266333373150e+00
2.384060337873641799e+00
1.431638534969081888e-02
-2.161595225400884779e+00
4.013373462895089006e-01
3.029100356846367248e+00
1.570502647207881353e+00
-1.727616439369801249e+00
1.127299158066353613e+00
1.439782600169658089e+00
-1.596604972005914114e+00
-1.346454269484537836e+00
-1.962613051704847233e+00
-6.019667086612070506e-01
-6.629698811758757415e-01
3.489884994279428554e-01
3.565575687494026980e-01
1.753730907091597402e-01
1.429290823151383449e-01
6.866631607777620161e-01
4.256809134538457329e-01
-3.504040322566099874e-01
-1.978501919428568012e+00
-8.164795811892364696e-01
-2.209775731015888312e-01
1.589706944471549477e-01
1.783672797861939330e+00
-3.087535331312105669e-01
-7.743838198607964074e-01
-1.567344833265717163e+00
-2.029234606281665521e+00
-1.489978180289433407e+00
3.067277053109087603e-01
4.434408357605335027e-03
1.617790123986769579e+00
-8.938417878706976794e-01
-1.015164427635113498e+00
-1.769450395194098746e-01
3.658937985025421114e-01
1.051374130536314233e+00
-2.423848776949042438e+00
1.307652456176087163e+00
-1.698711537266400562e+00
9.750413805283226765e-01
-7.818038399508147052e-01
-5.328672731303774057e-01
-7.869553599236578378e-02
-1.034758624941294336e+00
2.661902445475307744e+00
2.516237794467272693e+00
-1.577122317945898189e-01
-1.002740691710353627e+00
-5.127283734985033092e-01
-5.786183356684801993e-01
-4.006316281908155474e-01
-4.607341318656583695e-01
1.408194807404923310e+00
-3.309994088003493928e-01
-2.106078334335811597e+00
5.722289682496857210e-01
-1.433770949300683384e-01
-1.312117065756863710e+00
-4.853469156195071577e-01
-1.976499851702921973e-01
-1.961511526309433151e+00
-1.617426654041927314e+00
1.783992171364346291e+00
1.630364216266277033e+00
-4.550405424389838416e-01
-8.401387654247365333e-01
1.085282618441778979e+00
-1.438280132075267392e+00
-4.197545168821434913e-01
-1.227629995109313921e+00
5.232249390646472875e-01
2.909636381611226952e-01
6.811429146546599256e-01
-9.489216958251667222e-01
2.273130640219720888e+00
-1.051198413926760722e+00
1.467767391155531342e+00
2.907640070041690450e-01
6.493618409174164441e-01
2.316741204283001565e-01
2.123877366580027903e+00
-8.789402363378151506e-02
-1.913826845170476521e+00
4.245228552769173547e-01
-4.642192346746307763e-01
-7.004832095095183675e-01
1.292540375379100936e+00
2.053297410176345039e+00
-2.462009895949046623e-01
-4.568656326826197045e-01
1.054311043372838874e+00
7.871733947520311858e-01
1.027102955526983941e+00
-4.728247986900253608e-01
-1.189468015783071486e+00
-5.261780165015954580e-01
1.562266665371715213e+00
-5.553531979281878250e-01
-3.096759166364888571e-01
1.420099180874228928e+00
9.216504636715283638e-01
-2.063164596628658032e+00
-2.240544256384084942e+00
-3.946071907677346502e-01
3.346081737570898440e-01
-7.279485957912843475e-01
-2.122824453575518078e+00
9.175368057110242503e-01
1.091300264505474793e+00
8.262969789438168178e-01
7.794998621056468124e-01
9.157551226431159819e-02
1.746805690498840491e-01
1.122646660631465565e-01
-3.825523823763363751e-01
-6.046435902365532300e-01
-1.503659696321220096e+00
-1.726271852484354774e+00
-7.027699299641305686e-01
3.297846657651168911e-01
1.736865887639194916e+00
-4.209152305075294365e-01
2.955491467986872678e-01
1.445117087169491832e+00
1.097233114819383459e+00
6.744805216697038475e-01
7.870633763861123455e-01
-1.877538095589521561e-01
-5.606671668106155693e-02
-7.549248402597639185e-01
-2.405197517005046581e+00
6.507363619095665186e-01
6.394720951171066758e-01
2.945607662469074128e+00
-1.749705003871040443e+00
-5.872444430089309719e-01
-2.050086947670639592e+00
7.620091724834310298e-02
8.353442095046066385e-01
-9.670896295838824486e-01
4.436017802821385914e-01
1.747512568181304182e+00
-3.603954153151640583e-01
7.099341416156796924e-01
-2.765289340349633918e+00
-4.914817119914447474e-01
3.691277162264423595e-01
2.047311172066663687e-01
1.815941716483790991e+00
1.999323373344194188e+00
-2.879447805911885538e-01
-1.721584631850055835e+00
3.478346675409103028e-01
-7.079638223364979055e-01
5.106742446365259980e-01
2.000106288262770704e-01
-1.772551260435062392e+00
3.292525588146313353e-01
7.452712726395578358e-01
1.448720915651739105e+00
-6.201321222712685710e-02
-2.345449127963898928e+00
1.001909286156209333e+00
1.050729515223154387e+00
8.420854926516518901e-01
-1.265033411505458449e+00
5.174006751186848163e-01
6.349824846436193937e-01
-7.761496966582246415e-01
1.193116411833946344e+00
4.190681782367446928e-01
-1.473857938728264649e+00
-1.017063235940963928e+00
1.252779799767573365e+00
-1.732072616990000036e+00
1.012993337153189621e+00
-5.414323869270489809e-01
-2.382646412633038224e-01
-1.804862504321459227e+00
8.813686714091950591e-02
1.438858647640548938e+00
-5.501210869254933300e-01
1.260881597934357501e+00
-2.351687280708583128e+00
3.142612964902873784e+00
-1.335821428759122576e+00
1.082703353267654656e+00
-3.541469977552331727e-01
1.362779599109131823e-03
-1.245150466944213719e-01
6.217144153406684026e-01
-1.081177556880298596e+00
-1.682268055831166897e+00
1.752288979155753879e+00
1.241429902869719548e+00
-2.642264004437269165e-01
-1.203593577429895589e-02
-1.140965728960408931e+00
-1.269101718493321762e+00
9.424863079536596189e-01
2.146936392922102144e+00
-8.708485124506646358e-01
-3.553439504848601160e-01
6.657516314338138841e-01
2.021974872076803820e-01
9.023957735618211018e-01
1.185515834215436826e+00
4.410183622676058235e-01
5.713072441480022690e-01
8.359534669798520667e-01
2.019679661691529127e+00
-1.777222947022494282e-02
1.150301611554210623e+00
-8.873746141524287978e-01
1.246196111778968607e+00
-2.215372814600078399e-01
-6.895247062621123746e-02
2.526819218726767069e+00
7.534916178872741455e-02
1.851395760930509837e-01
-1.469944062681751706e+00
-9.237758593785390104e-01
1.845210514534308288e+00
-6.297355605332501938e-01
-1.801777929656563249e+00
-5.426489423343872076e-01
1.526596399101835644e+00
-1.091364593389366533e+00
-8.159848420111828204e-01
-1.189604413106537528e+00
-1.328994990954255329e+00
-3.403452594025908162e+00
1.985992827211346956e+00
8.770834174907005121e-02
-7.592742778626595523e-01
-1.900429781829557907e+00
5.858559336821702601e-01
9.323745573499575556e-01
-4.344547477622402454e-01
3.491632759111613638e-01
-5.677403912437792854e-01
1.131706554838997292e+00
1.410583630446467396e+00
-6.650369341953545899e-01
-9.142384039201321144e-01
-1.989781809996360895e+00
6.237629249764822248e-01
8.599279500348933070e-01
1.958303892129591439e+00
1.150241291285343692e+00
-1.151704927984908977e-01
1.384883957795994824e+00
-1.459387699323475118e+00
1.992272540133745551e+00
2.117550959972581026e+00
-2.461561317849638719e+00
-4.736919470894935813e-01
-3.624634096706991215e-01
3.182035134789984454e-03
-1.009808506512973381e+00
3.161453065435200216e-01
1.073572253434531554e+00
8.563443712886904535e-01
-1.737165011242379542e+00
1.697523963263862790e+00
-1.862618127847075478e+00
-3.198469487871946626e-03
7.350107975036674901e-01
1.114687036032881551e+00
1.359530163624507182e+00
-1.106031591938294589e+00
-2.931023064836386638e-01
1.310928407792752992e-01
8.665863314105859416e-01
9.756911303464725904e-01
1.791786942764465707e+00
-1.906633699420314798e+00
-8.049678494307048737e-01
1.735666063502222300e+00
5.587679165518366631e-01
-2.916041192066289867e-01
1.897944336595846160e+00
2.499966220712170895e-01
1.101747993375203905e+00
-1.728612685180510589e+00
-1.433190941187225675e-01
1.828590726184113890e+00
-2.330364098339397394e+00
-1.717927825931988561e+00
-1.326683859222834716e+00
1.358049631394615986e+00
1.149206652727795763e+00
-8.184022436550897339e-02
1.555931951158980198e+00
5.528758505477959773e-02
4.005313356539126346e-01
1.023126360449515104e+00
2.276997402753391242e-01
-9.952943784486052436e-01
1.150867891477020954e+00
1.202082640499528843e+00
6.563636057333877005e-01
-2.793946141471641553e-01
1.476923384399901451e+00
-4.428507545816131596e-01
8.101886723105709009e-01
1.893480320599326916e+00
-9.180597794878213591e-01
-3.641418110222094384e-01
4.245635725291254658e-01
3.170760127927731986e-01
-5.104725581587388206e-02
-4.958679714883196255e-02
1.222369640959661830e+00
-2.524626837783623845e+00
1.166282502482701489e+00
4.484691333438615146e-01
1.042416901388151018e+00
-3.016217006946932955e-01
8.868953500513709898e-01
6.689207628716697940e-01
8.867782783015867309e-01
-8.027115851249391199e-01
-9.358916580936549323e-01
1.641676404187863980e-01
1.899533400712702935e+00
-1.650330935396824295e+00
-1.661000875552657963e+00
7.627473393881647468e-01
1.469953135534327160e+00
1.918164078610736567e+00
5.923553113102988377e-01
3.799852696671877084e-01
1.032387756052912664e-01
-2.180850040747661645e+00
8.683672092609651116e-02
-2.443510201187579778e+00
4.678366914104978846e-01
-4.368077120800171187e-01
1.773655427038429266e+00
-4.522474454984433123e-01
2.167733138812586446e+00
5.329239511690371245e-01
-5.016465928817659403e-02
-7.883501624967763632e-01
-1.405225810382633611e+00
7.347538214929913991e-01
-1.182202697132668678e+00
-1.466600578052261739e+00
2.400854867582591368e-01
1.291106979006150013e+00
1.171723400554267158e+00
-1.451398799020144903e+00
2.228466705439853257e-01
1.105300589798519084e-01
2.888614546184644638e-01
-5.169711283571123417e-01
4.323793445269252800e-01
-7.728060046341971301e-01
1.087349296650742758e+00
8.526913693583084708e-01
-5.264529084972648931e-01
3.662146125751641890e-01
-4.036271426852007238e-01
-5.457982793912261599e-01
-1.572093571712525062e-01
1.172465553914944891e+00
-5.864109720043142460e-01
1.369679000747896502e+00
-1.014560344690265126e-01
-1.274830679431457892e+00
2.145614615603648190e-01
7.814958597373333760e-02
7.430956731049151998e-01
1.015700028398374144e+00
2.423343445951147146e-01
5.629364953596134313e-01
-1.031998860692041831e+00
-1.331917022201641210e+00
5.735117761612418263e-02
-3.983689594577990434e-01
2.562199448547638703e+00
-2.001653038882800217e-02
-1.204070345561210065e+00
4.904618560938542871e-01
-2.504417158285042078e+00
5.991760117242250772e-02
-1.506404642973341090e+00
2.759177591520236561e-01
1.653751708871951109e+00
1.339617698901909293e-01
4.920510957559098841e-02
7.996282938706444909e-01
8.106802221390987384e-01
-1.317837065282734255e+00
-2.886180612156898917e-01
1.185409626550393725e+00
-3.514110205313913937e-01
1.156192079224998892e+00
-1.110715987084305301e+00
1.724885899395487421e+00
-9.327391096707726703e-01
4.787875513237800362e-01
-8.884585797192858792e-01
-2.030542798718605546e+00
-2.505797894205564980e+00
-8.010952136678284319e-02
1.694792063527259529e-01
-1.343720157831120865e+00
2.624993953627176246e+00
-3.824403093360215777e-01
-3.645834732202848372e-01
7.053563506650908366e-01
-2.125904678937997616e-01
1.821264088036134154e-01
8.066633463218098044e-01
-1.683724560128197822e+00
-8.178313793273339627e-01
1.465265151819013845e+00
-9.608190545656354331e-01
-1.998933295889848694e-01
-6.224409719025825183e-02
-3.460360446315142724e-01
-4.078531748832965320e-01
-2.440659848290182232e+00
-1.447391968889091274e-01
-7.457655826703675217e-01
1.486067837164677385e+00
2.820028358414150560e-01
4.701232219233233423e-01
2.981290908933992512e+00
-1.061773115997920236e+00
1.578524313129255674e+00
-3.894633732288097505e-01
-2.319187882674267343e-01
1.138815861623836412e+00
-3.229005263999997766e-01
-9.230738152047601730e-01
2.252316664995793971e+00
6.049743535072842349e-01
-9.825483266943297878e-01
9.841373997791267314e-01
-4.185249910795754147e-01
1.940256131363820025e+00
4.316570889620159335e-01
1.090829727123770354e+00
-9.490892547168883198e-02
-2.922001513509639992e-01
-6.526036629372296005e-01
-9.323521854795906449e-01
2.320653357041146947e-01
3.951402289011287650e-01
-3.094241592032718202e-01
8.360980335544354602e-02
-2.006708406969472946e-01
1.054817763518693496e+00
-2.943851564472707683e+00
-2.186049326818676697e+00
1.239736877111534241e+00
-9.249953138334188196e-02
-2.780011683239509424e-01
-1.226511492268188341e+00
3.554442637850563358e-01
1.844726499941508280e+00
1.371800834909002731e-01
3.509775021741745604e-02
1.410668602985865050e-02
-4.878515649479986394e-01
-7.145344235358859208e-01
2.253539138564839561e-01
