1.197683847812149871e+00
5.329870864725760882e-01
1.431160924627175035e-01
-4.772277127330939450e-01
1.690871486358097364e+00
1.177534205032450210e+00
1.672418590867675192e+00
-9.581362527249712713e-01
-2.270298170663842541e-01
5.953862771072913063e-01
-1.713423001241323629e+00
4.901448839204078922e-01
-8.863185725682622973e-01
4.624747883688398176e-01
7.296856630776087371e-01
-1.237225211763994803e+00
5.088176126212928807e-03
-4.588038866062591481e-01
1.292685333111070811e+00
1.314784915454104919e+00
-1.636641169100704118e+00
1.414751112820447077e+00
2.163173247707668168e+00
-7.361265111026149555e-02
4.037233607416101933e-01
-1.644255160534583204e+00
2.122160271670026077e-01
-1.546103269957892046e+00
-5.732190466014444041e-01
1.462745409585569867e+00
-8.488656110586028092e-01
-1.142344041901034224e+00
-3.565231464934628391e-01
2.358340934952074974e+00
-1.108191355868051176e-01
-5.196368229940482308e-01
8.825110674286307244e-02
-9.916633222278692372e-01
-2.128314756348466119e-01
-8.258924189335346000e-01
-6.423506349405236904e-01
8.697641410755814206e-01
-1.078525429796704405e+00
9.570467130311408610e-01
1.592683808069161877e+00
9.591190107139668797e-01
-9.501240513683875122e-01
5.757411457112251441e-01
7.052928556812512184e-01
-1.547417211669357417e+00
-7.494463816170906512e-01
-8.700961392864883237e-01
-7.872615573655092902e-01
5.928780456649054287e-01
1.331292520872962015e-01
-1.024127833343543514e+00
7.179782660087754564e-01
3.559700453610403770e-01
-4.199649720600895364e-02
2.458681739464434912e+00
5.247129943343242786e-01
-1.814975345101787596e+00
-1.419972027078075349e+00
-9.980352165919130769e-01
-4.226983578779792694e-01
1.603906733713156285e+00
-5.482554971371174091e-01
8.968011598081551128e-01
-1.625150995741693194e+00
-1.129579667205760085e+00
-2.436688424875947945e+00
-7.807058425377819688e-01
-1.289252523077399459e+00
1.376246252122509617e+00
-1.395834065686107461e+00
-4.138648190054965426e-01
-5.733972043871240487e-01
6.939351526605284093e-01
4.915708809447938421e-01
-1.285021336439834627e+00
-1.016298359315017663e-01
6.704263697169281500e-01
3.405636162519396493e-01
-1.925343151852064949e+00
1.530503878501080273e+00
1.139865327121860616e-01
1.295744838030017831e+00
-2.461378227671762176e-02
1.936651420566755988e+00
3.183549643645040561e-01
-8.496091453987144604e-01
-2.286881743213697860e-01
-2.419677910806193211e+00
1.495768453719668045e+00
-6.471095219507958518e-01
2.837788291538180019e+00
-5.964936162906644412e-01
-2.360143748408311648e+00
1.170372186545081128e+00
4.074700582974655205e-01
1.812213540842133597e-01
2.390300165030954105e-01
3.819522070812420012e-01
-1.643158044967160336e+00
-1.383554960475703144e+00
1.339562494202601428e+00
1.320295667880414747e+00
8.918529462869457802e-01
-7.112611278095890555e-01
1.979570560632808451e-01
3.503881915796416280e-01
8.302527855334034257e-01
-1.093162887020486806e+00
1.722485955874280883e+00
1.299615740164975719e+00
8.548661813898181805e-01
-1.179812098616850324e+00
6.562498271644177095e-01
-7.438297419036885572e-01
-1.023560721342807067e+00
-5.469380898811326830e-01
1.350623418709041346e+00
2.103968890742111242e+00
1.595799716749475294e+00
-2.290402504870448386e+00
2.025451531179136566e-01
-5.764401532748211210e-01
-1.741905138531141262e-01
3.079497445308243542e-01
-1.425732457748587478e-01
1.152269527959248308e+00
-3.775262441439082295e-01
-2.763830334401262689e-02
-5.237709833556749572e-01
1.471310720107101844e-01
-5.433224093173611990e-01
9.841989519205887049e-01
-1.430510500282501596e+00
-5.658439578971812267e-01
1.773107886230080865e+00
2.498266147091001699e-01
-5.439518162968930426e-01
1.194008165196271953e+00
1.817614283799654729e+00
-6.993351897673045769e-01
-1.732240382012160129e+00
2.348391187900293886e-01
1.233439892369654345e+00
-2.831854038593392353e+00
-1.433876287564823659e+00
-1.067114710642918851e+00
1.255944867408887333e+00
1.104172318987393098e-01
1.739521389274187868e-01
-8.386161336908788400e-01
-1.222315988448964497e+00
-1.015247473197864014e+00
-6.371695075173979816e-01
-1.906572295306295572e+00
-1.346914550800376809e+00
-1.172487057579907344e+00
5.040033910754910806e-01
5.569246054466603368e-02
9.945539977864381598e-02
-2.245823125412176324e-01
1.742294162765952947e+00
7.630317003971898160e-01
2.611592803965923082e-02
3.727988491982250352e-01
5.896932414317745952e-01
-1.024357516996744266e+00
5.089750318297632248e-01
-8.389096439375691716e-01
-2.277756149384134510e+00
6.083739368730780583e-01
1.768118134803923880e+00
2.134501986594690592e+00
-9.794334518523832855e-01
-7.465773742006467373e-01
-2.371698281960143984e+00
-4.778102872503255938e-01
9.614215659101175149e-01
-1.568492532588136701e+00
9.855948323024588120e-01
1.727618137174912860e+00
3.742545870571039046e-01
4.381965722226066617e-01
-1.546002693662615446e+00
6.277507639170218923e-01
5.966693045004980434e-01
-8.468720000099070333e-01
1.210999635569889321e+00
8.442855686057493259e-01
-9.934304970971279403e-01
-1.681157637348049239e+00
9.524374876057351003e-01
-1.695015669505632872e-01
9.912890400635472332e-01
1.075191140273310531e+00
-1.855064624962443176e+00
3.015511244203805674e-01
-4.690651745452223409e-01
1.712052411134750152e+00
-1.970476112433159344e-01
-1.480211266308017137e+00
-6.051983084092329435e-01
-2.217446038770010119e-01
1.386870996646818455e-01
-1.464515643850358817e+00
1.113069126488661631e+00
4.786382990755031486e-01
-1.312346482766295619e+00
8.287462444266902040e-01
-2.558552602845232116e-02
-1.204001104363215724e+00
-2.289764449562543547e-01
1.145416232241101895e+00
-9.549989873622966030e-01
1.296757859810321989e+00
-1.714348976962760673e-01
1.014598065303466967e-01
-1.011713282427569638e+00
9.914277833876550261e-02
2.169739786779877555e+00
-1.739651379169935730e+00
1.312252897598611412e+00
-2.055050892131383478e+00
1.200247879325448075e+00
-1.025895811729721885e+00
9.924424038630208500e-01
-7.951470203522719160e-01
-3.336793544792566735e-01
-4.931619488962741826e-01
9.571245975952846763e-01
-1.143282178748279421e+00
-8.523102221838207981e-01
2.500750089104087692e+00
4.301953024705920114e-01
-6.659847820046760347e-01
-4.112673237289845574e-01
-5.245692061847044840e-01
6.687295380066329287e-01
8.335842347457376178e-01
1.027860719606041862e+00
2.898103191999457096e-01
-4.995157697357877069e-01
1.606034493385385176e+00
-9.129639025515867701e-01
1.367573313882318509e+00
5.145228012358247227e-01
-8.464594874670874347e-01
-6.536444954564801790e-01
9.626096907016510329e-01
1.943894097187790493e-01
6.766879065119439929e-01
2.058613162016538212e-01
1.863116042154448593e+00
6.274585973367488023e-01
-3.403730399185125322e-01
-1.378109569042317517e+00
9.725424765629071544e-01
-4.439059396513043154e-01
-5.567085870828583083e-01
-4.599688456554611449e-01
1.232114780726815795e+00
9.543599211198774412e-01
4.127424843442009106e-01
-1.179883439606326245e+00
1.133850695477410575e+00
1.145506063563580312e+00
-1.294934771232144399e+00
-1.640174413002384313e-01
-1.243214328149454317e+00
4.736001741574282775e-01
-1.696024487402146619e+00
9.017130806267816823e-01
-6.744689878256515669e-02
-8.632753964741537445e-01
-1.217728544177968608e+00
-6.404338327650913598e-01
1.569105035296174400e+00
8.733432198649691003e-01
1.712797806869389206e+00
-1.186729883310265521e+00
1.315983684056918790e+00
1.470884292111984237e+00
9.322016440807976423e-01
-8.689952250696411085e-01
-7.826825935435133275e-01
4.878969356870967999e-01
1.540107281633289915e+00
-5.827787591597033412e-01
3.070210097794445758e-01
4.445788382489883617e-01
3.233940445601346525e-01
-2.095344660799677960e+00
1.007036987576669596e+00
1.581944453837358822e+00
-5.717424518215796780e-01
-1.522572054001673614e+00
-6.502783410488959248e-01
2.764711574776583802e-01
-3.200014219741778021e-01
-1.994360935506680477e-01
1.111172560825757216e+00
2.659080815989769420e-01
-1.336042290715634628e+00
-4.805640917353759534e-02
-8.278577544047029946e-01
3.278208261366550857e-01
2.457379640484607108e-01
-8.266891888084035855e-01
2.458556444251396300e-01
-1.400710156677170026e+00
-8.585072068228791764e-01
-2.558466799375667122e-01
1.197552069963613519e+00
6.618185575366837270e-01
1.411087051295041306e+00
-1.553551925462887340e+00
-1.122913100021806443e+00
1.636712322637244199e+00
1.354565565369023616e-01
-2.804325413268768941e-01
5.095329022232855110e-01
-2.066212605779638167e-01
-8.364771419278165254e-01
-9.328463446187651442e-01
-6.196950360114046319e-01
1.647230829324611179e+00
-2.035653109131431826e+00
-1.394634028822964389e+00
2.074544140640757206e-01
1.267542465985322941e+00
-3.295604922223915878e-02
6.776584892295360874e-01
1.271474259310441113e-01
-9.627473447712304733e-01
-2.545273651530433057e-01
1.455148089198626593e+00
1.013431538277576927e+00
-1.432502713216891266e+00
-3.981996159146090619e-01
1.340062868869935642e+00
1.035248708028678521e+00
-6.132478756349737381e-01
6.794080946543541444e-01
1.494783041978218208e-01
4.846375825012021465e-01
5.675978346906980221e-01
1.012146260572160728e+00
1.019343029474032214e+00
3.034846203093426453e-01
1.035323855909211943e+00
1.605593669393590162e-01
-1.588970698489778233e+00
5.671125725964021314e-01
-1.997761935382518228e+00
-1.405845392880244127e+00
-8.838932339729659304e-01
5.147720883187112406e-01
-7.887550316585212329e-02
3.071218942889784032e-01
1.527506011532583585e+00
1.198590710983296503e+00
-1.731164909629733017e+00
-3.216491052166681186e-01
-6.158841218253039429e-01
9.100893211348584089e-01
-9.086923027699498334e-01
-1.505264592099430310e+00
1.181291069225101964e+00
1.398543544628100932e+00
1.732590972410211982e+00
1.566660492787235626e+00
1.640048490238010359e+00
1.458801752760034987e-01
-1.979952996949587707e+00
-8.497739314459620275e-01
-1.090302222282239164e+00
-9.363199798551491426e-03
6.591857770133469074e-01
5.327405869091617063e-01
2.903801592177845947e-02
1.973658102413096138e+00
8.091554851992830422e-01
1.204370050789954405e+00
1.651017106650973787e-01
-1.608594156671658837e-01
1.153674841246512983e+00
-5.581439804916232816e-01
-9.047229137487668993e-01
1.322013143752021058e+00
1.469128874855538669e+00
1.398882475331113540e-01
-2.555403323231075774e-02
7.758334465058069895e-02
9.122825781176802096e-01
-1.848286997177543967e-01
1.168724647837645847e+00
2.000784474382726330e+00
2.713112559639805355e-01
8.657320319915253748e-01
2.961848035016956260e-01
-6.962445886139825291e-01
6.236221076275878517e-01
1.265988294540230541e+00
2.695589983445456639e-01
1.253506898815063053e+00
2.217648725922822806e+00
-1.133672234113344945e+00
1.059896682469350537e+00
1.992081402947381008e-01
1.112051509738397392e+00
-2.621604893653950441e-01
-3.627552662633144465e-01
4.657113591508634798e-01
1.625704243296342000e-01
-8.804333696410306942e-01
-2.968931652249482411e-01
-1.788077152938498671e-01
-7.669412080493174244e-01
-4.336243839707156766e-01
-7.614557928248650853e-01
9.533142147982252013e-01
1.293212782267811889e-01
-1.731703566873127542e+00
-4.271062606646705007e-01
-9.342065752707986448e-01
5.931829571799882572e-01
-1.089227149721374577e+00
-1.397881936928770941e-01
9.261258454837220100e-01
-5.475653301059004718e-01
1.398510163837247688e-01
1.680800402431934515e-01
3.319630083476461380e-01
-2.011837148551443022e+00
-4.634917285978081836e-01
1.443822846239736890e+00
2.532002326518796309e-01
1.158323743008866202e+00
4.857485723549901380e-01
4.510159496383590039e-01
-5.622676400977200117e-01
2.047148923654704689e+00
-2.177400110605995920e-01
-1.721659621228443626e+00
-1.953994443216529042e+00
1.673995085388701121e+00
-7.011995819680336695e-01
-2.440170224635052065e-01
1.759587500328509968e+00
-3.174467811440164766e-01
2.038984212643821792e-01
1.747729214643706896e+00
5.402606281596060711e-01
3.752427508488338503e-01
1.342391969667005469e+00
-1.555588034895296179e+00
-3.966410580395294261e-01
2.384172630648562219e-01
-4.664514197613298663e-01
-6.319636696517534347e-01
7.420883774384936515e-01
2.792077149140892445e-01
1.242672669499711446e-01
-1.924909916942678212e+00
-1.240797994165607765e+00
-2.713286677666255642e-01
5.350955842769273829e-01
5.363797494870503613e-02
-2.671283833203110802e-01
2.414420485799906757e+00
3.112783623213761786e-01
8.747310045335430218e-01
3.768637835082255805e-01
-4.780556486895291002e-01
1.929264116747423152e+00
-3.226236447670718377e-01
9.282711440784296997e-03
2.578255126266659758e-01
-2.521428694266516501e-01
1.111140084160897601e-01
-2.831331475549365706e-01
2.803013197932235911e-01
1.380599470410375673e+00
1.631081844219339771e-01
-2.557928654621726139e-01
8.202726246832092727e-01
1.108140538611319670e-01
-9.775426501867192641e-01
-1.450360383234412076e+00
1.619812621388458496e+00
-7.268495621346620084e-01
-6.165074797721450395e-01
2.832434007879331972e-01
8.020043311667981456e-01
-6.431237800390459114e-01
-1.663478929957618924e+00
-1.825207651155431599e+00
-7.210322656274783526e-01
-4.354113837280140231e-01
-1.244196987173085134e+00
9.565400967314818814e-02
8.518971720745804888e-01
1.397895512775580329e+00
-2.762120690686664659e-02
-1.437237985682113361e+00
4.141671293342419347e-02
2.723743829301685793e-01
-7.992057842609234797e-02
6.946753192377750352e-01
