2.322044662043591501e+00
1.220041218928212601e+00
1.476030643950565491e-01
-1.592692766771330870e+00
2.714698681624438059e+00
1.573952223347400370e+00
2.834791335706636772e+00
-4.843523545741579284e-01
-6.642942438525363258e-01
1.188026571002787080e+00
-2.243222924560768217e+00
1.383819900388616020e+00
6.126571879884847860e-01
1.380869379398772523e-01
-1.234278011173497447e-01
-5.820068471370962726e-01
1.895128606813578642e-01
-1.056708134831138679e+00
1.954853933335163774e+00
1.153659571225714942e+00
-2.657043731365730466e+00
1.350704561076523369e+00
2.607990123979306851e+00
3.066952696100644360e-01
7.317902971228518183e-01
-2.185823323290084552e+00
-7.578941090709800932e-02
-2.137376555029805836e+00
-1.030003720501939668e+00
2.103220576976649880e-01
-1.119733684845227284e+00
-3.126960697575018600e-01
1.884209375617196258e-01
2.799214415446103388e+00
-4.180337024597600148e-01
-9.509085294281405254e-01
-7.645396346940653842e-01
-6.652383710994662636e-01
-1.042484840751966679e+00
-1.993319224095242426e+00
2.980448859491948710e-01
3.748452656206460176e-01
-1.703407117347952138e+00
7.616648164272312727e-01
2.302051991318093016e+00
1.654148798876551751e+00
-1.721685506015699918e+00
9.247511641881249744e-01
1.373107512180270717e+00
-3.087883282190558631e+00
-6.023420281289446621e-01
-5.688433205244898261e-01
-8.777250079139928829e-01
6.551078783753379042e-01
2.498108507333443029e-01
-1.336019112442112799e-01
5.133553377523316641e-01
4.881253007205188510e-02
-2.060422430401489535e-01
1.500322059732372537e+00
-3.408772750979949251e-03
-1.874975837211031227e+00
-5.329173177180308585e-01
-1.791358226441115420e-01
-7.103973422840414997e-02
2.239871527052629041e+00
4.472152543562195603e-01
6.502540970569450351e-01
-1.074394334284764163e+00
-1.767178853840440489e+00
-2.293304984761295184e+00
5.839564272485384677e-01
2.045959422604344269e-01
2.629789545379459526e+00
-2.158877377656267083e+00
-5.093241353700932450e-01
1.472772366769028451e-01
1.993637693102891184e+00
1.231464215002375795e+00
-2.625411713207312481e+00
-3.066043496142007996e-01
2.296697199268855627e-01
-4.479019219500148807e-01
-2.178134056276563868e+00
1.452277174665912440e+00
-5.651276912021536702e-01
8.700131876323169422e-02
1.521905231073636955e+00
2.151835963393615714e+00
1.137026448385096700e-01
-1.039958136897555008e+00
-8.616342877189691052e-01
-2.117674511461501652e+00
1.263781356509289466e+00
-1.067836603119758365e+00
3.266131492568540295e+00
-1.038693058052360563e+00
-3.180654572703851546e+00
9.093590856385009857e-01
-1.118566722186606910e-01
5.010727531033136728e-01
-1.961617523317378264e+00
-7.772433378874845644e-01
-3.373267769148159623e+00
-2.420643055047317915e+00
2.223285122918607470e+00
1.064968658108065291e+00
5.215443321421462386e-01
-2.271197283763474850e+00
1.637305495793121679e+00
-1.700930143766585800e-01
-1.518877418452726502e-01
-1.555737286790473739e+00
2.231063502374695418e+00
7.810013193542344467e-01
5.534646840256201017e-01
-7.948729468392539133e-01
1.624182602199901737e+00
-1.101313904259057175e+00
8.907113735731275739e-01
-2.149808034763070808e+00
1.063437237328466622e+00
1.319854837548355420e+00
1.212380283268511327e+00
-2.152470372165685930e+00
6.361737785987457983e-01
-9.352007156599189130e-01
-9.972654957167392809e-01
7.557703453310438135e-01
1.105213156825286092e+00
1.386235556636401967e+00
-1.200238239100494653e+00
-1.375835625927477324e-01
-2.796282734747972398e-01
-7.352001862764048212e-01
1.097474811665328787e-01
1.933719780010587641e-01
-9.377989655523943924e-01
-8.620186408068457595e-01
2.002823670865037542e+00
6.764806924077939598e-01
-4.871635678452150842e-01
1.783451391285993282e+00
1.936341478554087558e+00
-8.065967579919934849e-01
-1.370408515011931616e+00
4.490783155264441717e-01
-7.358409353241501805e-02
-2.460282145797644482e+00
-2.159600018799487486e+00
-6.894503792417605581e-02
1.480513033187400573e+00
1.204969685391380274e+00
9.746533599569184858e-01
-1.022469468110849267e+00
-1.805977840920364841e+00
-8.599275253633305027e-01
7.967648410200034448e-03
-2.688888915500252885e+00
-1.699214144899335199e+00
-1.838664904057504046e+00
-1.629691423809562778e-01
-3.696938428662228660e-01
5.414497626385914586e-01
-3.683698601889791036e-01
1.707522558810060431e+00
7.863083921580589220e-01
6.597672672715795272e-01
7.120422198481684006e-01
8.142146043578843972e-01
-1.558223681671949912e+00
1.165524006962264991e+00
-1.505506387014403646e+00
-3.265299061647027212e+00
4.344990103720096641e-01
2.554445422815526889e+00
4.149018992404130302e+00
-1.087871066714543478e+00
-1.781340868184873472e+00
-3.437086358024624033e+00
2.269877690534594095e-01
2.119249640321299033e+00
-2.455013374484061206e+00
5.277918768545859507e-01
2.394014982038590311e+00
5.457749235025746160e-01
3.573277672027375118e-01
-1.596301707796187408e+00
1.480573106072631262e+00
9.848809577752595246e-01
-1.279105067117522587e+00
8.896065378184729866e-01
9.704855545087207602e-01
-1.144066822165272779e+00
-2.922396761376508945e+00
2.820655003622931645e-01
-1.808033783178096154e+00
9.053290568457512677e-01
5.732127076876967209e-01
-3.197370131578813890e+00
-3.008587732008116689e-01
-7.684240524048142618e-01
1.765941068351502885e+00
5.200855994840498653e-01
-2.584612334124662070e+00
4.988140206934046361e-01
-2.756988540448368497e-03
6.402814907282428081e-01
-1.775176726066242772e+00
9.050351459533709786e-01
1.732033338367858555e+00
-1.719857302518319031e+00
-2.375144298917444274e-01
7.649890252088296094e-01
-1.482282094167397535e+00
2.424285706011355401e-01
1.744237039913861587e+00
-1.574147414381820376e+00
1.890045331685349161e+00
-4.701643524226604143e-01
-7.935145540714447776e-01
-6.754939507845314495e-01
4.650741559717896934e-01
2.802901133994751603e+00
-1.864211801650102363e+00
6.009642559667867090e-01
-3.778207578599439564e+00
2.454711464507521868e+00
-1.141336296653880922e-01
2.004919173122594600e-01
4.492822981142197136e-02
-4.809419678374062812e-01
-1.179257531334228837e+00
8.222495492486885382e-01
-1.347836796466073572e+00
-2.290072544230914886e+00
1.645046133534222577e+00
5.074228535829670150e-01
-3.919536375322190125e-01
3.826985042880064469e-01
-1.763514869577120336e+00
-9.273236222186671540e-01
5.680673666321727211e-01
1.883169436029237254e+00
2.669643127916838665e-01
5.656217655398272370e-01
5.845663351568921584e-01
-1.199146634001752254e+00
2.426952269256449135e+00
6.149300895526419453e-01
-1.641755942761560227e+00
-4.665423084803652642e-01
1.529080936113792255e+00
2.368945795393738507e+00
6.471138492780958984e-02
-3.164007832331137138e-01
8.802977962883860030e-01
3.498678193242712453e-01
-5.504252290698321559e-01
-2.049460880991231360e+00
2.755347964770385794e+00
6.583296115958585659e-01
-5.651447693623445900e-02
-1.517992563919063898e+00
2.035205031945314325e+00
1.618300813439510932e+00
4.640987986277975708e-01
-2.063616652257641348e+00
1.188429042403868152e+00
1.596103859747221243e+00
-1.312552861632607648e+00
-1.404894086358220662e+00
-1.565870159196765421e+00
-5.730285410871367446e-01
-3.545999757852615453e+00
1.294157916555917609e+00
1.349235942726627613e+00
-8.607735216624403662e-01
-7.835991907044945748e-01
7.476314785958404485e-01
1.476315210493792662e+00
1.872066515907677697e+00
1.278334227205704110e-01
-2.618393340389504331e-01
6.693150579480002804e-01
2.279679315022962172e+00
2.151722621379530409e-01
-1.961004220281370447e+00
-2.305142242853467138e+00
6.958247608355963010e-01
2.110934194347756865e+00
2.757721591945205830e-03
1.660505371536538988e+00
-7.717286712669535476e-01
1.291829503619270625e+00
-1.406762129597536770e+00
1.382311039163102606e+00
1.610272484916919211e+00
-1.658527015232256208e+00
-2.697907374174020489e+00
-1.369169670996543076e+00
1.151368548981865914e-01
-1.257441522646668197e+00
-1.342046685597483524e+00
1.752831973608811822e+00
6.954100074264957243e-02
-2.508625226816771914e+00
1.682795681817904843e+00
-2.814052053127423125e+00
-6.323953085948108566e-02
-7.775026647093641330e-01
-2.890591824214281402e-01
9.948052359117118826e-01
-1.534388641977120660e+00
-1.465993550282540525e+00
-5.867460037500604741e-01
7.364774640980229492e-01
1.260960298562689985e-01
2.639819559239521496e+00
-2.816491631696223408e+00
-1.637033670644749694e+00
2.721233351094451969e+00
1.881487935811964718e+00
-9.889424396459336464e-01
1.284610836150610780e+00
-7.750051909935233851e-01
-1.334879645264420489e+00
-1.894509087119289781e+00
-1.552894879426517605e+00
2.259394346533914799e+00
-1.996746113029559400e+00
-1.486440241749734881e+00
-3.339351211032370870e-01
2.329895692820458386e+00
-2.887494765036269229e-02
1.110713404635815138e+00
1.069025876525131480e-01
-7.927019781927580055e-01
6.016558617184299962e-01
1.548858747695672555e+00
5.696904700106832919e-01
-2.681106216826577793e+00
-1.254548069811283639e+00
9.089976242877648716e-01
-6.280697734729470127e-01
-3.436887595433653075e-01
1.486385464639479181e+00
-7.251961659935979299e-01
1.377317109602543610e+00
3.398619781349045965e-01
1.039505572087982443e+00
1.319612485384259237e+00
7.918510822661781745e-01
1.444245017186087665e-01
-4.327027165106756001e-01
-1.131203850713991876e+00
1.544174901415324541e+00
-2.987912107530773298e+00
-5.744686111259333927e-01
-1.744973480269467192e+00
9.549797414402503293e-01
-1.090090447384772787e-01
-6.741304191928616518e-01
2.401323587426562156e+00
1.239956773395480383e+00
-1.405171762559635162e+00
-9.921194501191674675e-01
4.105804373868116031e-01
1.732192135704360147e+00
-7.083076293162786641e-01
-2.012975474372090900e+00
1.853556033486837507e+00
1.612655661200826707e+00
1.310665309668883616e+00
1.686069412568311776e+00
9.221003747183589283e-01
-5.291399060185790759e-01
-2.346891746498624975e+00
-1.523133587743080497e+00
-3.824192800140884696e+00
8.921449107742676077e-01
4.652545269931938066e-01
1.723379658645669110e+00
1.274314890708776460e-01
1.909306495784866442e+00
2.097111245239158706e+00
8.666635394077628618e-01
-8.238120298304068001e-01
-1.587852671609163657e+00
9.887606228193650537e-01
-1.053599212412638764e+00
-2.251680090746045693e+00
6.063928919162417941e-01
3.120886570039596464e+00
2.707051414679142454e-01
1.575336073817634741e-01
2.118119446782866788e-01
2.026338433166703368e+00
4.048154223803486218e-01
-9.833282126462830064e-01
2.049999749636011614e+00
3.845840840277485739e-01
1.930156940247870878e+00
9.195835987970362169e-01
3.105585254329579215e-02
9.054811896378662794e-01
-2.656567019726692180e-01
-5.678004087729968674e-01
1.218211905213737012e+00
3.604708989141116149e+00
-2.074697469537767347e-02
2.435003597568021760e+00
-6.564050339385740784e-01
8.142086231903711280e-03
-2.384469865655534093e-01
-2.545760346514356343e-01
1.167493289998278172e+00
1.947830860864268487e+00
-2.529619883398357416e-01
8.419115181700531636e-01
9.733613349243608326e-01
-8.896545434513072337e-01
-4.566965334991222036e-01
-1.278738138268609159e+00
1.120621216573868040e+00
5.788835676619346060e-01
-1.831769757043152147e+00
-1.262390774829794893e+00
-2.169151720152223017e+00
3.708642330082847494e-01
-9.217984859270496045e-01
1.177494454169814908e+00
1.299786791267257158e+00
5.693755691061328505e-01
9.904564960060335821e-01
2.466816864353589267e-01
1.160694982173284373e+00
-1.783441419049078824e+00
9.197297974570695089e-02
2.142161114678760470e+00
3.767326749443178358e-02
2.703592993175538695e+00
2.627358237539088037e-01
2.142618672708284322e+00
-3.867792397310756414e-01
1.134671904608098636e+00
-5.505742156642838836e-01
-2.411250687332200826e+00
-3.017805447445534028e+00
1.614385598742544836e+00
-5.110090867726100328e-01
1.035860178854237645e+00
3.216331919991580079e+00
-3.214201655812507497e-01
1.475297511529465311e+00
2.053650617794575695e-01
-2.677301373556106867e-01
6.980731354119456000e-01
2.715150631761479971e+00
-2.169614612766657125e+00
-7.430723879028331424e-01
8.982350975101560664e-01
-2.020407670655181676e+00
4.257745085322603984e-01
1.110536646113049031e+00
-6.505317954068647879e-01
2.534579081858048255e-01
-2.023785726815999109e+00
-7.116957268515733404e-01
-3.950839184695640327e-01
1.918976937404507588e+00
3.259460668690072893e-01
-1.261874726443128036e+00
3.035087092166348199e+00
6.110620506312400835e-01
4.967814969602954989e-01
5.751324677894933401e-01
-4.225544621886987429e-01
1.640466357263949071e+00
-1.142982232596701841e+00
-9.806660210986741788e-01
1.554494266857910034e+00
-2.503957813450048420e-01
-1.088852752513718158e+00
2.406719742538143691e-01
-7.425457732192786153e-02
1.025245434182706639e+00
9.535181448409533189e-01
-3.032382732228429134e-01
2.343541836590201655e-01
-1.091422436588542766e-01
-1.698127640274455175e+00
-2.065738303462036907e+00
1.687968935945137972e+00
3.114033378716101197e-01
-9.438456946850966034e-01
1.112132343411023960e+00
-4.420702278478660929e-01
-1.153734052104233854e-01
-2.894849534281668912e+00
-2.861229267274750576e+00
-3.254433428021394903e-01
-2.521157387517058979e-01
-5.552957318972167045e-01
-1.171164213396430398e+00
1.015665089392310705e+00
2.314762922507725307e+00
-1.936446667450484327e-01
-1.458488064204757961e+00
5.763019937793529834e-01
8.778344057252951416e-02
-4.062192122518979431e-01
1.027147362074696701e+00
