-9.364397236766377475e-01
-3.012523365440384904e+00
-5.411302211052451128e-01
1.951990403342729330e+00
-1.373647642082718168e+00
-1.441378447493268489e+00
2.435883540731021313e+00
4.187291842386535734e-01
-1.532827921002937188e-01
-1.285449024708943178e+00
-1.360162328014568267e+00
-3.009248737011906982e+00
2.521271182868049188e+00
3.087256908705890979e-01
-1.280102624389320987e+00
9.967801307237653674e-01
-6.199036010320657653e-01
8.062095510731870363e-01
-1.337892889278483821e+00
-4.119033493794734824e-01
-7.257228461527773788e-01
-2.816087908851214738e+00
5.415427335275300180e-01
-1.715946602903510865e-01
-1.881512965158611550e+00
-8.320321352808628390e-01
-2.286929755145534759e+00
2.620194905238710348e+00
-7.516954839683540612e-01
-3.081548829154337366e+00
1.702323004369476145e+00
4.350253533644474757e-01
2.572588439547951467e-01
-1.099339871745535380e+00
-2.207549201151173257e+00
-1.956673083029683013e-01
-7.059721747747893517e-01
-1.641583860464510991e+00
4.085112735237572679e-02
8.395750765431575502e-01
7.333908928817400863e-02
-1.130905347769139979e-02
4.238357254365272553e-01
-1.224635030362681842e+00
8.147335707762515256e-01
2.681641437980895049e+00
2.721728743962595232e+00
-3.828651173506387728e+00
-1.010659063790810830e+00
6.211511275527925591e-01
1.206821963915381879e+00
-8.781260554614069846e-01
1.858292930036711255e+00
1.328486307862775107e-01
2.250522596021951038e+00
2.068501067703500951e+00
-1.071947399764570541e+00
3.040750648097265696e-01
-9.410841519895294383e-01
-1.552326902784315177e+00
-3.714878158787784379e+00
-7.850883014451905950e-01
-9.101326008159649206e-02
5.673628090135096613e-02
2.829876542491209790e+00
-3.455145424479387106e+00
1.969431013917994022e+00
4.796055322266052912e-01
-4.119060012705650919e-01
-2.832015717813467059e+00
1.714607892039158088e+00
8.802807075724956576e-01
1.640508379885954326e-01
-2.717709646846922844e+00
3.751939963712926485e+00
1.703013304664597882e-01
8.540182419248374401e-01
6.894125327116507052e-01
-3.435029230082813356e-01
-2.605636935829238610e-01
-8.881825474358251427e-02
-1.645436255086196287e+00
-4.044778867991976057e-01
2.535325117200457612e+00
-3.865273762462682505e+00
1.902022049612352994e+00
-2.376156203285706425e-02
7.342843302755746038e-01
5.850043867243561735e-01
5.027748242476430818e-01
-8.051811386204184018e-01
1.154845319921612656e+00
3.138933787144893017e-01
1.575966379433886289e-01
-4.773877676979605411e-01
2.917050344271743256e-01
3.083190435211671243e+00
3.439826416840654488e-01
-2.568325789819954519e+00
2.053468898178973490e+00
-1.900717267727726423e+00
1.524227796167606286e+00
-8.821031615559125072e-01
5.064354691992658530e-01
1.235266008521613834e+00
1.431467895692676962e+00
-1.047656510261726126e+00
-1.843341873991495294e+00
-8.521224581476012361e-01
8.737064124736173554e-01
-1.189164872271089024e-01
-9.588735098377219046e-01
3.556047626913361626e+00
1.578573783437235534e+00
-6.818617892101670463e-01
1.228510132727771875e+00
-6.797413054220058370e-02
2.534344621776494222e-01
-2.311063417270238229e+00
7.640714788546887348e-02
4.257280955346676166e-01
-2.654266298378162858e-01
-2.506847431325471831e-01
4.322168475112704300e-01
1.236288941930294705e+00
-1.687916981673624583e+00
-9.253326130878720690e-01
2.125833356700700172e+00
4.454790835247273151e-01
1.187756121445363355e+00
-7.922011943019757751e-02
8.794410714929075112e-01
-4.290611082724105074e-03
1.301459194774982286e+00
6.939865742220430178e-01
2.365088186394573633e+00
-2.483640871966050767e+00
1.461291655031572212e+00
1.736719848306307767e+00
-5.684220960746664275e-01
-1.341792459472515908e+00
-1.082096410965971423e+00
-8.151517490655901810e-01
-1.745414251305516196e+00
-8.353410058205490429e-02
1.145612363662452893e+00
-1.446158587507833548e+00
-5.531452036896835622e-01
2.399345280663696123e+00
-9.719782123990192702e-01
-1.638460847457409386e+00
1.739679484052412128e+00
-2.931015071197276001e-01
-2.775765383110131879e+00
4.125234325548277070e-02
-6.118494774808969083e-02
3.290844514611137583e-01
3.802548654101315151e+00
1.123149043018635496e+00
-1.941433339169371664e-01
-2.809254361506611453e+00
-1.044804227628297610e+00
-3.696162744856597016e-01
1.367701477974456736e-01
-1.425931600418816725e+00
1.520442983927718927e-01
1.513991747811832767e+00
1.240759641947200009e+00
1.192312361864259707e+00
1.858445022336674413e-02
1.890505120766143854e+00
1.358706246276748075e+00
1.535288888086387971e-01
5.001692955349081871e-01
-7.997937472585023855e-01
-3.276106086232490000e+00
-3.542877705898934693e-01
5.023252546160392740e-01
-3.005145003564466677e-01
1.469298581404904880e+00
1.901692600806713429e+00
1.133260605589874181e+00
5.690969147806121953e-01
9.556936731166025822e-01
1.283389927659481344e+00
9.377298899973443014e-01
1.133783251278092763e+00
4.424367576057992579e-01
-9.555399211892341427e-01
4.871770596578368639e-01
1.192270745278358746e+00
1.328836223961776142e+00
1.169351663524189178e+00
3.718881357327482817e+00
6.304627936756439510e-01
-3.066568362991155539e-01
-3.553219461372729704e+00
-2.894738367316831429e-01
-2.335628392978690293e+00
2.636273915487143960e+00
2.364598516130564931e+00
-1.413878657894835023e+00
-1.104444168907869894e+00
-1.634605043431640592e+00
4.801077909272466471e-01
6.602549556787131735e-01
1.679493702839229385e+00
5.449745399110774713e-01
2.231006973405502691e-01
-1.161452908308650223e+00
1.409215702522423896e+00
5.824995719364043367e-01
1.068158172933824090e-01
1.483908811586776899e+00
-8.533483468993772192e-01
-1.524101480800643671e+00
-1.646759688205449379e+00
5.068782071324973160e-01
5.712824714284359118e-03
-1.503221893428575484e+00
3.316691566466074548e+00
9.552228054233520282e-01
1.469032396318342037e+00
-2.777424125985075154e+00
-4.122025799428641335e-01
1.429002558288980040e+00
-6.104751692744407876e-01
1.657135675762795302e-01
6.165131225963627060e-02
-3.015910908772774235e-01
4.571023419604394178e-01
-1.056040317074012691e+00
-8.202643509491194251e-01
3.385146161307000412e+00
2.493684105885762392e+00
-5.718749903899604803e-01
-4.970977399113154505e-01
-2.242789250555068392e-01
-6.121184036421043473e-01
-1.662245104753852232e+00
-3.562774799573000806e-01
-1.171527108674605966e+00
-2.245857753549097779e+00
-1.633370338351745499e+00
-2.713329875481187425e+00
-1.901765965171124950e+00
-1.295714327333184368e+00
-9.708953433975695546e-01
1.155326129192026485e+00
3.859647141403073078e-01
-4.987328626948839272e-01
-9.505038947947488381e-01
2.365163294101817471e+00
1.034421295968403598e+00
4.442348033278342712e-02
-4.967400450299335191e-01
-2.668622457515332336e+00
-1.793399081641933179e-01
9.266910861555448520e-01
2.461076734805622834e-02
4.228721980007481562e-01
-3.608963764198325208e-01
6.168649091266278361e-01
-1.176577306962747205e+00
6.579458057762384016e-01
-2.293041041061943286e+00
-2.285250409190679566e+00
-9.304003525251545170e-01
1.614669833609497118e+00
-1.841007461903655162e+00
1.529792210163182453e+00
2.033223263325881547e+00
1.254250348721948960e+00
-2.257996659614618373e+00
-2.578159728383146998e-01
-3.894027378042625998e-01
-1.247681125209243458e+00
1.335565916041132617e+00
1.618575002883478220e+00
1.551848881055008178e+00
-1.123121706229266437e-01
-1.148304846749069519e+00
-7.390093415361338458e-01
9.001603681763885589e-01
1.655596434005461859e+00
-3.979969911122873683e-01
5.637494276504284585e-01
-2.931025046516355204e+00
-7.371226370887029589e-02
-7.750609021427550260e-01
9.816218747441087800e-01
1.109456005978465498e+00
2.287764541781522887e+00
-1.357669304247135500e+00
-3.579516750633731093e-01
1.506054585155584213e+00
-7.304015993312660271e-01
8.319641040434611057e-02
-2.236999243899583156e+00
1.030427292250770677e+00
-9.003585914565208626e-01
-2.221295437208185675e+00
-1.714318887992005713e+00
-2.316476196367442952e+00
5.918943506205849303e-01
1.648416079797103251e+00
-3.349739158325677479e-01
2.344224613671043400e+00
-2.539405121111633079e-01
-3.326848063988911974e-01
7.700322949358753277e-01
6.763341665605899777e-01
1.332758835798886210e+00
9.596149068767267920e-02
1.588452639063340222e+00
-3.597550893612729617e+00
-2.098849218690608254e+00
-2.164125776684677760e-02
-5.334285450801079520e-02
2.227958273175882908e-01
-6.325807593438357301e-01
-9.423560862233681945e-02
-1.059320302784083623e-01
1.639862482250668663e+00
-2.104574991109799065e+00
1.375550237303180268e+00
-4.185709911892843138e-02
-2.189178954524569676e+00
-7.710536608793088220e-01
-2.432844895980660560e+00
8.237411264168192915e-01
4.637750572185730391e-01
-7.730052443263879525e-01
-1.019221367447710414e+00
-3.554974546785765188e+00
-7.413160205387612223e-01
1.841276581272999202e+00
-1.468950356158594595e+00
-1.259610303580348756e+00
1.115633752131377499e+00
-7.170686474225460572e-01
1.351474764547866414e-02
1.696487052270994056e+00
-2.139697401242285579e+00
-2.036636750383124195e+00
-3.224095856183675224e-01
-2.097218413570010931e+00
1.973094240704753588e-01
1.173709071756778854e-01
-2.257244286556439050e-01
-3.213976069691763193e+00
-1.600683190906321052e+00
-3.770548934220219195e-02
1.895657284077723936e+00
-1.157390016188328818e+00
-3.591104033332994661e-01
-1.725132268127037349e+00
2.701589712530195975e+00
2.664540741687710934e+00
8.319005294441508269e-01
-7.531899562856221308e-01
-1.209128874424414857e+00
-7.110513160663849419e-01
-1.939679263781857177e+00
3.627379486406923093e-01
1.296093474403469337e+00
-6.126080530397173263e-01
2.273198841152077598e+00
1.814982061740034958e+00
1.513113825874492946e+00
-6.390213672001809897e-01
2.071875875851903359e+00
-1.797097025917696378e+00
-2.358964800729414613e+00
-1.263727947656088091e-01
-2.016947275908866466e+00
-1.111173190556904444e+00
6.088025692663920907e-01
1.358297597545305990e+00
-2.330501461070610958e-03
1.507764032885821059e+00
-9.492683669926140766e-01
-9.237560461440343929e-01
-8.449652472141124804e-01
-1.721928749502441125e+00
-1.632861967073148790e+00
-1.926031517588242536e+00
-5.453021277444856096e-01
-8.128405070387412223e-01
2.122081771894908542e+00
-4.888361788976869349e-02
-6.420483943912476121e-01
-6.966439449323793554e-01
-1.510651947093359926e+00
-9.880112533931351138e-01
1.154584359174704922e+00
-6.420994804082447160e-02
1.281133546808277401e-01
-1.493645076163670815e+00
-6.992873149462299764e-01
-5.726480811174443630e-01
-2.497568037699153365e+00
6.316196163618847947e-02
1.553748136020054460e-01
-1.108796134797715993e-01
2.455312881148778992e+00
-4.483824493079140439e-01
-1.361076433584179846e+00
-3.692816558701212060e+00
-2.140976970958204273e+00
1.234053888464515580e+00
-2.712804516495840979e+00
9.895841837034078381e-01
-1.383125889845806533e+00
-9.718069481985214253e-02
4.428369785346095711e-01
-1.022602291618928128e+00
6.624192395159607116e-01
1.628105013523118316e+00
1.380711950819099698e+00
1.435477005724452582e-01
1.431927402472508604e+00
-7.242092518635576681e-01
8.451468566598503429e-01
1.714015997644398048e+00
2.156356503045850914e+00
-1.480810058616841118e+00
6.006340854932821216e-01
-8.962441522613922018e-01
2.087315635021880666e+00
1.670957162995038381e+00
-2.124506845477754258e+00
5.081235752087227553e-01
3.002029030084646166e+00
-1.594773158324400697e+00
-1.018094109446034068e+00
1.389712496849559997e-01
4.649014692601385335e-01
-8.257772736777742040e-01
-1.204488710661130391e+00
-1.863130690837441872e+00
-1.049143803734713831e+00
-1.503883298638442056e+00
-2.451197457912960509e+00
3.531559175921065830e+00
-2.130144463402942279e+00
8.516718570940469135e-01
2.795169258965413128e+00
-3.870693232874042877e-01
-1.945270041688016427e+00
1.671278836064055362e+00
1.111441560932315831e+00
1.742462318040227665e+00
7.126382430151601000e-02
3.580826750546854953e-01
-2.544623594593685922e+00
-2.962223257859317727e-01
4.630127588474675093e-01
-1.321565053467637973e+00
-1.270373465092780041e+00
2.841565081571841844e-01
-3.936458768110986384e-01
-1.582046638848449316e+00
1.990417375705448855e+00
-1.094423488564557623e+00
-2.763624194014392188e+00
-1.170496731009982749e+00
1.814524597759350044e+00
7.048565285173999939e-01
-4.583149317960346636e-01
-8.848471631681658067e-01
1.216704249088453871e+00
2.100908789602301319e+00
-2.755706690816559501e-01
-1.788193824840980994e+00
-1.501343444826373386e+00
-2.599143962816601316e+00
6.535996110913639967e-01
-1.347859094371759880e+00
1.255626231045045671e+00
8.335203660623360378e-01
1.576312332155437090e+00
-1.174886799321228636e+00
8.198505961331870040e-01
-5.694064098429754139e-01
-1.339995310047330079e+00
-1.029036650075075165e+00
-2.494661431329703305e-02
-8.599180698492903119e-01
-1.697513782282354278e+00
-3.400917667359318664e+00
-1.983291656611796405e+00
1.343658109672328571e+00
-2.595577706242787386e+00
2.347257014282499554e+00
-6.326855688763206587e-01
-5.858277812578291943e-01
-1.807029453807515118e+00
8.864977870904375834e-01
-8.220800572612079193e-01
-4.790863547948305268e-01
3.069545909065343636e+00
-2.345386207000323964e-01
1.439667793439856069e-01
-5.469538346380558025e-01
-2.977682691644583990e+00
3.647494574765577369e-01
-1.571781786319599750e+00
-5.995618716979498330e-01
9.112787282236567421e-02
-1.868645015645732599e+00
1.441094695575140250e+00
1.384569119946906568e+00
