1.562759583467173030e+00
1.580713620637155259e+00
1.470130975004325435e+00
-7.653761328109975892e-02
1.430194374885469522e+00
9.901085824826001414e-01
2.308980625364761785e+00
3.520761823715110594e-01
-5.351171239186465201e-01
1.877925139481141592e+00
-1.639737480367184919e+00
1.421684529095847971e+00
9.758735763433987742e-01
3.837675191264064978e-01
-1.610617814301376072e-01
-1.684250069662058813e+00
-1.391693092155164013e+00
-1.502144209190995561e+00
6.861010878608331254e-01
5.402194621369149630e-01
-2.246060431007333769e+00
1.781952898826899556e+00
2.477544470429069889e+00
-1.624518696363302261e+00
1.299192388345904448e+00
-1.669252924756849943e+00
2.317899342121254591e-02
-3.821956858563699821e+00
-1.767633368655862736e+00
5.895883089375706376e-01
-2.092698568165056727e-01
-1.424590095459736805e+00
1.027643599403452512e+00
3.221530020981040465e+00
2.894971402517576564e-02
1.240377114889090748e+00
-3.531790560146887969e-01
-1.151954405782658064e+00
-6.099410846676178721e-02
-2.177328830357572187e+00
1.403533205423743269e+00
9.658460637612940047e-01
-2.772758138791778126e+00
7.358439350736167839e-01
4.078913574270309539e+00
1.044006545334942970e+00
-2.059503508175435815e+00
9.743091600673858821e-01
1.616174966201167074e+00
-1.779716510274838903e+00
-1.645944866298113318e+00
-2.174151862277794223e+00
-7.888198332270288660e-01
2.125443292716759913e-01
-6.271550768425449007e-03
3.810072900291237019e-01
6.449557694895187154e-01
-4.239340227212862189e-01
8.897032886171718502e-01
1.167597706939505819e+00
4.093945323566394734e-01
-1.371457205494880149e+00
-1.953431407636578410e+00
6.148788104958669010e-02
2.178772957508279262e-02
2.082533360745967066e+00
-4.159834215936548674e-01
-8.311834269220454985e-01
-1.406122442689458740e+00
-1.518303015111889032e+00
-2.038810354979458950e+00
6.433951855284600896e-01
-1.841060007308516155e+00
2.449359082872977211e+00
-1.109050163436382519e+00
-8.299738703595735956e-01
-1.428071006741387095e-01
2.185104604879883894e-01
1.278643865340631791e+00
-2.647346304712527409e+00
4.806348236911626159e-01
-1.725680160413206821e+00
1.403619469519236773e+00
-1.772857906926608162e+00
1.079574739595710042e-01
1.980401748816973395e-02
3.574581867711046357e-02
2.644385884108604756e+00
2.792074701190210284e+00
-1.850018017220014244e-01
-1.430698137991157637e+00
4.734081837927996972e-01
-2.713363913435997699e+00
5.616297082585948175e-01
-8.794550616204022120e-01
2.119743666606119348e+00
-8.784957182939354681e-01
-2.319123744191834646e+00
1.658339738999664803e+00
4.775840347619473292e-01
-8.151725928198958471e-01
4.509036811686293333e-01
6.094330616898897546e-01
-1.900040090971289342e+00
-1.514008345435827074e+00
1.610210342774193393e+00
1.566109617477251525e+00
8.600399864563890162e-02
-5.989371471875664099e-01
1.963479321010410672e-01
-1.470469007388715443e+00
-3.673057162233455131e-01
-1.938819277560043908e+00
7.726839781230099291e-01
7.844263365520003362e-01
1.602321099915712033e+00
-2.085540230371746961e+00
2.540463978921369659e+00
-1.308454439117312518e-01
7.254217173120345308e-01
-4.085038935692173467e-01
1.060438702420793078e+00
3.688325978904067881e-01
1.703747950156705215e+00
-1.107547380111002511e-01
-1.560417265940244214e+00
-3.286717648037935646e-01
-4.546380230921807097e-01
-9.836745935882049707e-01
4.245785063462044207e-01
2.353547603164147795e+00
-5.342603414394515582e-01
-5.888793542364698652e-01
1.307349181270534011e+00
8.807383378432156462e-01
6.617954347560148776e-01
2.236338825082730963e-01
-2.075850215315258041e+00
-7.288766855413610912e-01
1.059430799125683720e+00
-5.525924898791245710e-01
-9.773750562619119009e-01
2.437781431665236198e+00
1.214990145901034602e+00
-1.975136868274617985e+00
-2.812520169017881599e+00
5.259159057066717935e-01
1.712577868216569321e+00
-2.110426641745297704e+00
-2.285844991228997980e+00
-1.454890057798934322e-01
1.380515330721729939e+00
1.010829476692359563e+00
2.848393046095356596e-01
3.531340694322837592e-01
7.827615884996488305e-01
2.642375371940808293e-01
-1.248245450221985298e+00
-1.130915604293822874e+00
-2.371359557088528192e+00
-1.872353253667576212e+00
-1.199606969267108525e-01
5.414757127133249526e-01
1.199347143718958009e+00
-9.916492076966409996e-02
7.042123319451700780e-01
2.079823929333285193e+00
-2.028651957308653664e-01
9.059782598475729642e-01
-3.143660955507314725e-01
-6.113191795164416575e-01
1.331133546934903933e-01
-3.819677711736986225e-01
-2.811013832706972693e+00
6.693420329422981041e-01
1.304031978445675755e+00
3.883472668126229266e+00
-1.400312193289682927e+00
-2.036547248429645407e-01
-2.744628268911109004e+00
-7.842433739513809954e-01
1.170705174218337419e+00
-5.938348475301324925e-01
2.139053932318853768e+00
1.736244378619701045e+00
7.690993009031803496e-01
6.223650093449686338e-01
-3.575528252349512215e+00
-4.274426928628116684e-03
8.233811619149822292e-02
1.906181522160910191e-01
1.948497443078014868e+00
2.283094694160605620e+00
-1.429771210168246043e+00
-2.651773968968475614e+00
8.057512926905197048e-01
-2.590573142166512355e-01
1.238466632812667001e-01
6.378733835959184972e-01
-3.047056678136195185e+00
6.109755793997164730e-01
2.993748538355545108e-01
2.034555326031322942e+00
-9.819973454655706036e-02
-2.220275861148344188e+00
8.322111106814356063e-01
4.702289570899917948e-01
7.136334745515870992e-01
-9.726228814059663108e-01
1.393545339422215257e+00
1.200165519280580462e+00
-1.783142703008151031e+00
1.451335220424216921e+00
-4.793688921410215187e-01
-1.953470755993719443e+00
-1.144643440308396265e+00
1.341923415597243263e+00
-2.042131773336842926e+00
1.490192095973581488e+00
1.159599375007092092e-01
-6.310235694914894111e-01
-2.221043240706679356e+00
6.503069207997409507e-01
1.846084048446952508e+00
-1.308548183833555978e+00
1.625133071536728480e+00
-2.840065946301314703e+00
3.527260669947189342e+00
-2.305140747812908231e+00
8.151263284656788954e-01
-1.283573690909758369e+00
-1.414454678745684646e-01
5.642489991917853942e-01
8.272253407873915165e-01
-5.837406705926087014e-01
-1.080944050810237478e+00
2.737529512431501999e+00
1.526413615561573067e+00
-7.700816093689288877e-01
-2.198571509584290595e-02
-8.091583780191449193e-01
-2.365499228468017634e-01
1.692432924682757189e+00
2.015369625726288305e+00
-4.031428746008636210e-02
-4.623714853566669447e-01
8.483717870192997168e-01
-1.503230003198963161e-01
2.032033465050743004e+00
9.059798130862404264e-01
7.286096932541994420e-01
3.970425414563827360e-01
9.880280204484108708e-01
1.494020214597887808e+00
3.398470666780495364e-01
1.204442282692611776e+00
6.608386258739793462e-01
1.011349038084298435e+00
-3.542904696303121881e-01
-5.721757203758492949e-02
2.338796771985707679e+00
3.709708503702646709e-02
1.276960378509803817e-01
-2.026791688127361546e+00
-2.769031152160366105e-01
2.482803662246269027e+00
-5.683682054291505636e-01
-2.046689114845803292e+00
-6.870384242936742325e-01
1.496658912382651252e+00
-5.525178881710433032e-01
-1.067278933579517641e+00
-1.316539247649705757e+00
-9.464156452813394793e-01
-2.450696942215253138e+00
2.340058529168259405e+00
-4.203260544002613841e-01
-1.137420959082979355e+00
-2.265049966903959877e+00
3.565453856029439095e-01
1.726706690839811209e+00
-1.096310997996490233e+00
1.428710385504761149e+00
-2.141978581611660104e+00
1.638148682259149780e+00
1.450738404097686285e+00
-8.083209046611106174e-02
-1.126987174185622997e+00
-2.350130781408715563e+00
6.458400060957671940e-01
1.457077940997484333e+00
1.043537523587925619e+00
3.420460766945643272e-01
-2.149822584531682068e-01
9.435444005501256726e-01
-1.683318053803604997e+00
2.292581174964035462e+00
3.292350515744910666e+00
-1.506131187375370217e+00
-4.136638722937213686e-01
-1.011522443955099604e-01
3.696346253092563927e-01
-7.344140626201225430e-01
6.603343970162338650e-01
1.232704670711711969e+00
1.886175776280511585e+00
-2.974125297773113630e+00
1.006154575075361990e+00
-1.346390199085134132e+00
-1.043312194434271589e+00
-5.314907609588104265e-02
5.530650508357828343e-01
5.413718155853795011e-01
-1.984731653849817867e+00
-1.027358044211498012e+00
2.117987440765309870e-01
2.893582508183295765e+00
1.783090645124694618e+00
2.349061879405565101e+00
-2.704335634466488614e+00
-5.495067492016953992e-01
2.167992547345813925e+00
2.533490894592027587e-01
-2.871244770052614470e-01
2.293099571257952718e+00
5.232325056018130027e-01
2.922020574841068807e-01
-1.699342473365912376e+00
-3.255234444133527916e-01
1.964380122200539702e+00
-3.217134823586412118e+00
-1.792732804143425618e+00
-1.078783708980237677e+00
2.253541683126655037e+00
9.243648383978602112e-01
5.989084381446039274e-01
8.111879544471349845e-01
-8.540375987194410712e-01
5.086883592884579031e-01
1.671928701053051469e+00
3.328287232784230554e-01
-1.358004725830619375e+00
1.524388045421838811e+00
9.154805541625190557e-01
4.182269692035518460e-01
-1.263617571690129004e+00
2.541472722755672820e+00
5.511462867474996585e-01
4.660359605898021229e-01
2.511317268469808184e+00
2.255561880628302873e-01
-1.352945610614764149e-01
1.541486187223281235e+00
1.040087031339954393e+00
6.037266436812496195e-01
-3.036572794840965983e-01
1.532906702584506675e+00
-3.442864324639471008e+00
7.463125240118912984e-01
1.629253488298783026e-01
1.293894073013332147e+00
-6.037487763936733032e-01
7.035517278699110477e-01
1.649583215994212537e+00
1.128555709172301746e+00
-1.237654909687118110e+00
-7.705865475452213786e-01
-7.769244910466373000e-01
2.039830902841394789e+00
-1.594386683713612030e+00
-2.834280884932326217e+00
9.307090049089792316e-01
1.643170085735139452e+00
2.188690421013483878e+00
1.303907930176677610e+00
2.039157755218478307e+00
-3.951694697659275946e-01
-3.268232868247827660e+00
-3.408279489838736964e-01
-2.004609673137853765e+00
3.316198736561490890e-01
1.056188875458962784e+00
1.664121284561646874e+00
4.199319004073576167e-02
2.521941210940141787e+00
2.662545706405623491e-01
3.126365501626917620e-01
5.095290290245824139e-02
-1.167780151720640092e+00
9.117651040631482573e-01
-2.089578579481662146e+00
-2.078425833766786024e+00
1.180115735546535483e+00
1.169755868646021213e+00
1.029234223602417231e+00
-1.514065552080703370e+00
5.440184698819638953e-01
3.214816353618799027e-01
7.644852482827761975e-01
3.610618987458558138e-02
1.505723161597992465e+00
-7.637088553672608526e-01
1.339867190597132662e-01
3.818135440341920983e-01
-1.041985867956468859e+00
2.962126296436995432e-01
-1.984219596416290088e-01
9.544863808286407902e-02
8.197526220874751246e-01
2.206094310491549138e+00
-5.428699929393312473e-01
2.640815049417702731e+00
6.038472984896277040e-01
-3.979753465366488996e-01
6.995606647090149011e-01
1.828975062935747076e-01
6.976259196180123467e-01
4.107715326240146680e-02
-5.031865819476619706e-01
-5.690491511202120378e-01
-1.005509579808876897e+00
-1.249685738717214445e+00
-9.858245988618721256e-01
3.801240342010938633e-01
2.912130227589816656e+00
-9.860010183287926111e-02
-2.575169349616046155e+00
1.484281582288460299e-02
-1.990913713596804691e+00
3.736130323825239685e-01
-1.454829573681037935e+00
1.106917139161360808e+00
1.692670544512759001e+00
-6.883808535464570610e-01
2.202878042184526208e-01
6.267968786949111859e-01
1.312495302917014328e+00
-2.347705143262794447e+00
-1.044814860951616353e+00
1.217186130453592696e+00
-5.750982095757510848e-01
1.665492009842566290e+00
-4.948061173607758434e-01
1.262723722817740146e+00
-1.417263266918785902e+00
2.245868460921390586e+00
-9.562304896946098864e-01
-1.989041603571447325e+00
-2.220195821631852251e+00
8.038112965921513364e-01
-5.718929377450132634e-01
-1.363437938068853050e+00
3.321851239857128490e+00
3.450583780292113545e-01
-8.237756141771095386e-01
2.109709695909634419e+00
3.568404765823718350e-01
-3.061308130278410644e-01
7.971732211025317483e-01
-2.163456867211986712e+00
-6.510555286185750745e-01
1.290687726007877956e+00
-2.740015230664827328e-01
-1.208306472597628911e-01
9.889900701158413909e-01
3.314765605146119398e-01
-6.403613120093698541e-01
-2.847827417151010287e+00
-1.788887738045623177e+00
-9.763911250317489632e-01
1.439020606121830248e+00
2.301138965871558639e-01
-1.678046412791296405e-01
3.083109428906853466e+00
-2.931156042300457898e-01
2.433864264437112013e+00
-3.487290104080802422e-01
-7.463758383010148378e-01
7.828691932232363371e-01
-9.676572591988366057e-01
-5.883131997136814562e-01
1.663845173287290535e+00
1.389409395623788512e-01
-5.896431667768897711e-02
7.950376234900167205e-01
5.125938753057184272e-01
2.605935235629539548e+00
1.098158349454907423e+00
1.030803592239885269e+00
-5.345215645068055466e-01
-9.388455426159181272e-01
-6.741395295237140317e-02
-1.765764371961395351e+00
3.700300651332444346e-01
-3.799368055263734334e-01
6.536751464978962645e-02
2.438273268270494398e-01
1.102322860805001525e+00
1.644415248261177354e-01
-2.755986267399894718e+00
-2.891749145629582962e+00
3.915788178384236318e-01
-4.423357355623389608e-01
-7.358365344702928468e-01
-1.654862830509651328e+00
6.458291465819110400e-01
1.934000816777707854e+00
4.857437200162699753e-01
-6.036170371065630036e-01
-1.231943488852633273e+00
-5.549776310984482208e-01
-1.026588024013071809e+00
3.643795590364096171e-02
