2.025829919411814117e+00
1.595129689163414355e+00
1.975361201788594201e+00
-2.227965527848339011e+00
1.151507441560946532e+00
2.579469626368771529e+00
2.972733453777456347e+00
1.565348071722016066e+00
-2.146742409124989592e+00
1.039254949596413624e+00
-1.781993629347107255e+00
1.900465259488893999e+00
5.000000000000000000e+00
2.859921288944455853e-01
2.414815946090564935e-01
-1.889418988268245947e+00
-2.320097750769200218e+00
-2.397404185371390106e+00
5.903088129726210553e-01
1.161474753509624591e+00
-1.452617109885704139e+00
6.499840255336071237e-01
3.257830884327066912e+00
-4.316180944513119400e+00
4.722930235170181845e-01
-1.068790971295119352e+00
-1.453165453734206469e+00
-2.874457638949850402e+00
-3.316788821897012518e+00
-1.853373593072187298e+00
2.293077976313623978e+00
-3.382729239506672592e+00
1.979343824762792359e+00
2.040077417256669357e+00
-4.298682156892947859e-01
1.145963278116647110e+00
-3.412153918570126621e-01
-1.899708787306173985e+00
-8.191224478963308187e-01
-1.906063279789400156e+00
3.926105156747166092e+00
-1.752803468300534462e-02
-4.167737369259053359e+00
1.666441497751192102e-01
4.866109810303843375e+00
3.718211656657979702e+00
-1.120854502955146881e+00
-1.297075605174056179e-01
1.920561075843862042e+00
-1.917153463730433494e+00
-2.916650702074238488e+00
-3.353450417503110792e+00
1.027898009271948077e+00
-1.907822676362005865e+00
7.901981590354374418e-01
1.575462399195921570e+00
-2.739823799826677231e-01
-8.989080726643603469e-01
-1.192251523538727653e-01
-6.063442969404784222e-01
1.167989295840110131e+00
-2.167340589277765517e+00
-3.511702055497467612e-01
-9.200167242295176351e-02
2.069424009600568048e+00
6.708253769919103604e-02
-1.181038277569089523e+00
-1.948972126442150454e+00
-3.710909163320561532e-01
-4.563632823837394881e+00
-1.097435413078875488e+00
2.886532975511901356e+00
-3.201460899597954324e-01
1.703217606884650515e+00
1.134459337021326064e+00
-2.175190356876117725e+00
-1.494437168546891570e-02
2.124139103012156582e+00
-2.512163122587365294e-01
-2.610983211368982815e+00
2.565484210597438697e+00
-3.471542872066081031e+00
1.641808194434812407e+00
-1.483165056334153853e+00
-1.897354961316395361e+00
-1.639058138950186816e-01
-1.112175552553195779e+00
3.030657562103957758e+00
3.112608281597983861e+00
5.815925367457941420e-01
-6.113358429425801432e-01
-1.246278198198730536e+00
-1.427128285330328428e+00
-5.892744292562728248e-01
3.963213837843140297e-01
2.047373542120169532e+00
1.458853804855211322e+00
-1.686034626751700127e+00
-5.055408299444863474e-01
4.241672731911849681e-01
-3.122736231169999321e+00
-1.196471008535021419e+00
-2.409195118678644221e-01
-1.329321597276278411e+00
-2.274834032184411825e-01
1.783904001881815304e+00
2.054769691593197223e+00
-2.074943517973593998e+00
-1.970348801417787232e+00
6.278092963203718568e-02
-1.929909291635951707e+00
-5.711155869979762656e-01
-1.245901730959095843e-01
7.855536197272510179e-01
5.013519268762092196e-01
3.864845288627563491e+00
-2.390871483258956598e+00
4.999999999999998224e+00
-9.279737966154204543e-01
3.382733964548997108e+00
8.723057809150809305e-01
1.323690918629205626e+00
-3.688458737983371094e-01
2.445348285179946402e+00
1.345819324961867736e+00
-2.476796416995443728e+00
-1.822630745579827405e+00
4.280062935539428182e-01
-2.522717201281725607e-01
7.545696844076665855e-02
2.404403833324861850e+00
-1.523844192509058448e+00
8.152385070343939333e-01
1.643843158808603100e+00
8.950852166486180650e-01
2.789988989416844589e+00
-1.395300223836497544e+00
-3.476447756825477686e+00
-2.313949276231763719e-02
1.487035890355974388e+00
-7.298261841311513010e-01
-6.620025353044791672e-01
1.340931001854844595e+00
4.824373985912044915e-01
-3.081830831723121555e+00
-4.999999999999999112e+00
1.033083267864719268e+00
5.597098961075310797e-01
7.014040187833074924e-01
-1.904735202242033409e+00
2.540436058844956158e+00
1.072917120377868017e+00
1.678900980878815119e+00
1.600921022778183378e+00
-3.607487883084035118e-01
-4.550665560038540391e-01
1.661433613240427043e+00
-9.339922735836223566e-01
1.092752609637518191e+00
-3.687564950046828827e+00
-2.330661434968322343e+00
-6.083272542092981183e-01
-1.868026399474802979e+00
2.418579351770924646e+00
-1.222511705483174893e+00
6.858101689757303276e-01
2.974744926825582780e+00
2.140829198978082104e+00
1.018799474562666063e+00
7.724622483976997245e-01
7.808821824615108653e-02
1.943872531243863833e+00
-1.842179488797413889e+00
-4.232058739338338427e+00
-8.080867547598842293e-01
-4.991046874491003038e-01
4.555212134841932325e+00
-3.576803487210757027e+00
7.367305393568379657e-01
-8.601350953469744098e-01
-1.488208639346551010e+00
2.889418749936409903e+00
-1.983094065129789030e-01
3.105772839056006873e-01
-4.775852818500325725e-02
-1.814360002067308741e+00
8.601763173795839990e-01
-3.031014153576551351e+00
-1.315447503829329179e+00
-2.173228274277986038e+00
4.800816019335973905e-01
2.835700876440472307e+00
4.696471495891060499e+00
5.863486370110493340e-02
-1.962527738807261279e+00
-1.992482554697129871e+00
-1.236496999404206765e+00
-1.214755395339857102e-01
-3.916974581657477472e-01
-1.075474433791210771e+00
2.580077707930668041e+00
3.583292433105249586e-01
1.541155492438432084e+00
-1.092561697639931051e+00
-2.843287325545531541e+00
1.149912278127906085e+00
4.694984271581081003e+00
8.012108472945378423e-01
-4.998334039148559782e-01
1.082110112318551032e+00
1.528286745216460574e+00
6.100806549551691660e-01
2.103522103424804612e+00
-1.299706119180763508e+00
-2.909915197286423005e+00
-4.234116872515100383e+00
1.220691807524206141e+00
-1.122812462665119249e+00
7.759384506454036767e-01
7.580633659176321260e-01
8.568288914016708446e-01
-3.390747408412062125e+00
7.529198407527815107e-02
3.490232351122600107e+00
3.081656325516330952e-01
2.466794135772826024e+00
-3.914395563038175485e+00
4.067182119485170944e+00
-3.640635224258925717e-01
-3.135977806280116909e-01
-6.415014376017351694e-01
5.106667914238549599e-01
-1.311358302951264321e+00
-3.665800703459334287e-01
-1.382075248618441776e+00
-1.569406149207269507e+00
1.538903006442412291e+00
2.573402231955206787e+00
1.178201114237897862e+00
7.206148990466267890e-01
-1.236890082981132011e+00
-3.030209510643069759e+00
1.224819832620395843e+00
1.584298447804175503e+00
-2.039547907719210240e+00
-1.022232192632472891e+00
4.610566124023076640e-01
-7.316967112705601295e-01
8.400320017273434914e-01
5.753277108642347315e-01
-1.810733665529271619e-01
4.117420770925761531e-01
3.128045947571024499e+00
1.443868177724318080e+00
-1.263935792663520630e+00
-2.324412701626341615e-01
-1.721415429473184489e+00
1.998513896388929290e+00
-1.713280905024024747e+00
8.620215602589276216e-02
2.308723053215913090e+00
-9.062663283965628480e-01
4.213932611311950183e-01
-2.309094515340834874e+00
-1.261454057815782903e+00
4.253449610763727406e+00
3.121633715064415782e-01
-1.294849178230694786e+00
-1.596050947507008377e+00
1.529959036669456651e+00
-1.887841704890588446e+00
-1.454160759492160171e+00
-3.942480609913605605e-01
-1.114676283332547424e+00
-4.999999999999999112e+00
4.492100629628474451e+00
-1.356817467487811957e+00
2.227730785301464067e+00
-2.376954149695867269e+00
9.229033790790284186e-01
8.477574264464049492e-01
2.158958354432165549e-01
-4.472996440162644305e-01
-7.675198824461073599e-01
1.628126564682022881e+00
1.668513063495192128e+00
-2.233733186631543521e+00
-3.657305048225063970e+00
-2.976566810285564024e+00
2.739229004672836254e-01
-1.299754824620306781e+00
2.955842137363923428e+00
3.650622735020487397e+00
-1.526008267554430198e+00
3.517405110340801500e+00
-1.222300186642176989e+00
3.123350466380291124e+00
3.838281222114948932e+00
-3.770578676736853652e+00
-1.080290248991421009e+00
-7.952203184459705199e-02
-9.595390586567020819e-02
-1.566184655803728454e+00
1.745602709261575569e-01
1.334351121343939184e+00
2.010149470390603099e+00
-3.715136415869433772e+00
3.097684670405847385e+00
-7.598411054147620192e-01
-1.439565099463409936e+00
-1.613431701637910720e-01
2.057089220388470530e+00
4.185518198045343752e-01
-1.177756495232344935e+00
-1.768056993062824933e+00
1.490110521641606844e+00
1.761727383677249570e+00
1.140857887260724013e+00
1.034751790752097556e+00
-2.124432451124590671e+00
-1.105224699658343024e+00
1.386422444582486868e+00
-3.320564275650035313e-01
-2.403026173044864322e-02
2.949151380326351379e+00
-8.457173423171848725e-01
7.770150034300451480e-01
-2.194750040039830541e+00
1.033197644054978603e+00
-1.454714885393988411e-01
-5.000000000000000000e+00
-3.866390335204037410e+00
-2.721420620732199147e+00
1.885252562119116959e+00
1.707072569191162792e+00
1.024056028790981898e+00
2.080088422779144963e+00
-2.933028847683214480e-01
7.969114875039284840e-01
5.602698462356858755e-02
1.701266474946452334e-01
-7.830547050364469186e-01
2.605896986354030886e+00
2.097218977258259898e+00
-2.907209174271399021e-01
-1.099893925900343739e+00
1.615504685307131538e+00
1.757382491826533055e+00
2.239041703679345297e+00
1.934322443643648803e+00
-1.823787819875058780e+00
-9.572156960186877228e-01
1.354100636857297424e+00
2.354670141777490677e+00
-8.267337684856101987e-02
-1.775576846495951600e+00
4.205836933163178415e-01
-3.816445266621784960e+00
3.996926325786692047e+00
8.480186555266904236e-01
3.378889928616766625e+00
-1.008530801400659538e+00
-2.233588360164011632e-01
-5.612063704142116194e-01
2.809376462831782995e+00
-5.707782567860100187e-01
-1.452221919287252305e+00
-2.622466422431752875e-01
2.272608393902165957e+00
-1.385994193497269933e+00
-4.348823026585034945e+00
2.115149600952590525e+00
1.054088966643471181e+00
2.554298568277920900e+00
2.660328888277524229e+00
1.456663934585105125e-01
-6.366804242684604986e-01
-2.608734395142336737e+00
5.914052890058272283e-01
-4.295237511568859468e+00
6.167152629067365055e-01
-2.341778143938491041e+00
2.039076459829319177e+00
6.181515005091062775e-01
2.398262621848416210e+00
7.531730138810033282e-01
-1.333691474740386074e+00
-2.630212395013625581e+00
-1.188164702299207676e+00
6.188765824557780348e-01
-2.828645672388051757e+00
-4.323371353583597809e+00
1.880912460510664630e+00
1.074169844231964710e+00
1.860502461485733505e+00
-9.850644021079233426e-01
7.215237835419348045e-01
7.107940461271420318e-01
-1.509885973950724214e+00
-2.403399121159433882e+00
1.216551173319926349e-01
1.796151547955204819e-03
1.219204142487958720e+00
1.368449578730244198e+00
1.188969378044788527e-01
-3.927233796161173629e-01
-4.429176910474019735e-02
-9.510884813018192219e-01
-2.451919762781082923e+00
2.877542898111855152e+00
-2.281479419939635545e+00
2.109680909161964379e+00
-1.352292065612291871e+00
-3.147500266196779251e+00
6.864072859040089014e-01
2.106472374117352331e+00
1.984488274221568815e+00
1.054271733967881985e+00
4.220113989195750648e-01
1.684011949104373684e-01
-3.774063565048806801e+00
-1.191920327996117024e+00
2.062874622313258577e+00
-1.091107488731128949e+00
5.000000000000000000e+00
1.692233320287083842e+00
-3.241415730203232926e+00
6.543297355106147961e-02
-3.987223165915869671e+00
-1.299209448535715961e+00
6.425021102730568145e-01
-1.169047504619482591e+00
2.269717915204429559e+00
4.896735247822174841e-01
-1.610653515823710968e+00
1.092332516930595077e+00
2.805697928001265495e+00
-1.233277494362504889e+00
-3.275269791029265853e+00
1.684268218730306188e+00
-6.704992764746728895e-01
5.528334979714362163e-01
-2.394040144095400890e+00
3.269709969019249485e+00
-9.125909829197231815e-01
-1.028000919539027169e+00
-3.107439433454773692e+00
3.916130675697901964e-01
-3.564925850316840172e+00
6.937163349870800744e-01
7.273215246366371289e-01
-2.733608202072042470e+00
3.616226180668961732e+00
-7.815927544171108465e-01
-1.319179926160416017e+00
-5.084039462265250719e-01
-2.556329371930079475e-01
1.152655485745370356e+00
-1.871885573539959324e+00
-4.372757471076863744e+00
-7.276558849455136979e-01
4.744353191902948907e+00
-1.245792445529114278e+00
-1.586198320432631981e+00
-5.990312027273390072e-01
-2.159996528121239212e+00
-1.069853399863372800e+00
-4.799575552901483633e+00
1.717899346406847272e+00
-4.018652483615635873e+00
5.852588951837800479e-01
-2.316795088676055769e-01
1.600564968233227248e+00
4.733933442423420956e+00
-2.449991489536866851e+00
3.272652141036875406e+00
-6.598949953068364849e-01
-4.776910540033352248e-02
1.722174646155583133e-01
-4.155832270327177724e-01
-1.171606112364575125e+00
1.527470134552743275e+00
1.842263139611514333e+00
-6.001546670149338070e-02
1.183059947597712380e+00
-1.641438508242589744e+00
1.539101980611792264e+00
-2.590734741695364107e-01
1.665620175486410837e+00
-2.661990402672378409e-01
-1.403655689271373852e+00
-1.212046376272701398e+00
-1.012899089962400190e+00
-2.593524165011989346e+00
-1.348384466021488315e+00
4.574651368738731350e-01
2.224407633817985008e+00
-1.319397228449525894e+00
2.165576621729787377e+00
-4.985972981917280222e+00
-2.981215755261258593e+00
2.426629424895907050e+00
2.938043089047495116e-01
-1.087567766138497483e+00
-1.631453412796333602e+00
-3.515004010061648643e-01
2.765067400496877603e+00
1.608623655297112265e+00
-8.470963587324398247e-01
-1.292341730447554848e+00
-1.113685094281695598e+00
-1.286728607686013603e+00
9.551757840323311655e-01
