-3.431884940053258504e+00
5.746345590325452335e-01
3.615823055987640089e+00
4.403129337807856203e-01
-6.515718595412760550e-01
1.233315379952570900e+00
8.225576339367624001e-01
-3.332415920065484372e+00
3.014264116877697575e+00
3.851620840650955557e+00
1.001396268424755931e+00
3.555934058729786074e-01
-1.339433336116812256e+00
3.103398335953357901e-01
-1.524936611904585959e-01
-1.304017075901485967e+00
-7.136748698356676357e-01
5.000000000000000000e+00
3.495204641662093437e+00
-2.341986809037530648e-01
1.580270388557501349e+00
-1.586881775776548764e+00
1.929653174970377805e+00
2.490361874264028330e+00
-1.695162579153535187e+00
2.751026065682584232e+00
-1.251922761104180104e+00
-1.762396083770717325e+00
5.220628214875757678e-01
-2.694315004390475110e+00
1.834168445749142506e+00
3.317644886327757447e+00
-2.707433401453283039e-01
2.940848542407255017e+00
-4.451269453193882342e-01
-9.762022720299778911e-02
-1.557702003994886120e+00
1.308888564103950714e+00
1.165295420296397211e-01
-1.464251272155557615e+00
-6.198015645026515585e-01
3.868936142994101601e-01
6.164650697341844676e-01
-1.444374422665207547e+00
1.919170266164888616e+00
-4.979503380148013747e-01
1.215207573637346883e+00
-1.699668235037424147e+00
-6.801482418848072697e-01
-3.597128588877502864e-01
3.193242782742888863e-02
1.481486023278372421e+00
1.843972840260370560e-01
2.439480346882572981e+00
4.831098221217285271e+00
4.920774100234297066e+00
2.217919415193481569e+00
-2.605524975432338408e-02
1.934539606799551947e+00
8.713783764035891721e-01
-1.513358879363606579e+00
1.229828872238385884e+00
-1.555646580304154369e+00
1.468145402041898251e-02
-9.094709288930244995e-01
-5.213617918856101596e-01
1.888499030637982301e-01
3.745979143153196134e+00
1.516703148778557164e+00
2.200751017644142493e+00
2.485154624261785905e+00
-2.939218816245129595e+00
-1.534085587691251806e+00
-3.191640910892925564e+00
1.080359892525507348e+00
1.358653124582326122e+00
1.524923652851208900e+00
-1.447765451738440401e+00
2.134432332230522533e+00
7.822666539884979287e-01
5.431773747276498199e-01
4.766201404265446584e-01
5.009083859495060409e-01
-8.286297692127311265e-01
1.088361650524193536e+00
3.185446326235719994e+00
1.173954442149735655e+00
5.682783598471328190e-01
1.754979585829264721e+00
9.285872050014027934e-01
1.087425462590671188e+00
5.000000000000000000e+00
6.602059746992132716e-01
2.199775383544445795e+00
-3.482864700806608482e+00
-2.871706184749186264e+00
-1.417276395616797746e+00
-2.780545799110256233e+00
2.341753410780313516e+00
-2.316073455094649347e-01
6.882077312933487789e-01
3.284081640820676995e+00
2.035219047368901357e+00
-3.029688269098071984e-01
-6.094691814140293928e-01
-1.533122577175291656e+00
-3.551296902898441576e+00
1.124119458300219421e+00
-1.176577400904145865e+00
-1.155693108538654812e+00
-1.304531169046881267e+00
-4.332786063610232219e-01
1.370554414282050715e+00
3.526281774482020737e+00
-2.106644955472916081e-01
-1.673355759916388852e+00
3.124251526452773930e+00
1.135947456985878290e+00
2.123596586081522020e-01
-2.965704237934475351e+00
-1.942881215663385674e-01
4.400933391998140820e-01
-2.241378476141786980e+00
-1.658067760984671679e-02
1.371243196086493477e+00
-1.597999534572966063e+00
2.655258760527212658e-01
1.382633758886328224e+00
-3.541372477249014050e+00
-1.477616680692710016e+00
-8.788927258737384562e-01
-2.830522626528599872e-01
8.848350418858172972e-01
-1.435499105346238036e+00
2.451903728791489101e-01
5.022625917549312646e-01
7.537312563495079942e-01
7.335273599213536500e-01
2.718674856905039405e+00
-5.596740934345483254e-01
1.655936225023962649e+00
-2.739339530547479917e+00
-2.960884071463687928e+00
1.401407912752963725e+00
5.492513707963997405e-01
2.290575634563854379e+00
-3.542783172210064446e+00
2.617059409752052090e+00
-2.182913098060408341e+00
-1.550665900528160002e+00
-2.669617702402621084e+00
8.656375041206043619e-01
-2.651792972183516284e+00
1.013294242155707181e+00
6.967734528734048638e-02
2.243043458569031756e+00
2.282904489982710672e+00
3.763303291417248175e-01
-4.464233707863858314e-01
1.542195643611766087e+00
-3.334263081132633477e+00
6.161619079790288112e-01
4.485277466663823986e+00
-1.619964950273654836e+00
2.186081398845729495e-02
8.988025389032650025e-01
3.064645263014291743e+00
-4.017455713166876663e+00
-3.518688260983964256e-01
-2.342753048264794025e+00
-2.036119472705635314e+00
-5.647800947709589181e-01
6.915874676966629053e-01
3.428314081300591454e+00
-1.273232416932840394e+00
-1.504979446466997217e+00
2.339222287164250069e+00
-7.844487153902299781e-01
-8.395382420887109731e-02
2.548439286983017027e+00
-9.693832459925895151e-01
7.783083131355850171e-01
2.093861956196510832e+00
1.491624755659843871e+00
1.134255178147093091e+00
1.923863643204484219e+00
2.641915297529777718e-01
1.132837717785064591e+00
-1.203226079091693101e+00
1.200881321262404988e+00
-2.643141812417215686e+00
-7.404300530805798530e-01
1.933813344925355615e+00
-8.400955990674061624e-01
1.596916732448251608e+00
2.168707775626240064e+00
6.613049811162250435e-01
1.059565577961429916e+00
-7.761926863718375813e-01
1.532812317336970764e+00
-1.305662789822499281e+00
-4.986535224697901114e-01
1.777090360841643957e+00
-2.416231020586554035e+00
-8.199535696064153001e-01
2.082782902851155526e+00
3.979101137916938313e-01
-2.948813531617295425e+00
1.330646017355529231e+00
5.000000000000000000e+00
1.252322023073951129e+00
-2.775420366990698717e+00
-2.660654185302815389e+00
-3.869066053917418202e-01
2.531519725764947104e+00
2.558468683100496577e+00
-1.334869830164845617e+00
-2.048400348849783725e+00
-4.818241712366013729e-01
-2.618705026027603466e+00
2.706860772232619894e-01
2.830392390731568675e+00
3.118061979961158414e+00
-2.118792373877773638e+00
-2.604857733008496989e+00
9.140119063327878379e-01
5.720947836928225172e-01
1.423445130484497057e+00
1.871247782949225780e-02
9.552209135006624052e-01
-7.434665952616956730e-01
1.576132563710599399e-01
1.456509748189228404e+00
1.290649568070540987e+00
-3.443653596520164228e-01
9.224422256809639009e-01
-5.305778322949867842e-01
-1.474892270666416927e+00
-2.112133428255406731e+00
1.471579675730438908e-02
4.443724535596443204e+00
2.842341002636712410e+00
2.889631109309034329e-01
-6.849941075672907331e-01
1.985310515483797111e+00
1.813883922261558368e+00
1.992431265918331640e+00
-1.143174762764997077e+00
2.588222201446477300e+00
-1.389959961523186571e+00
1.337664273655870595e+00
1.402761978858856118e+00
-1.839899634948718443e-01
4.576074101431668595e-01
2.463029764282800294e+00
2.893356881572168859e+00
-4.726484016475129835e-01
1.156001920267440752e+00
-6.377240903702467989e-01
1.446759948158846676e+00
1.628139258104923215e+00
5.000000000000000000e+00
9.789508507190092246e-02
-5.327554105921015193e-01
-5.830892075154174847e-01
-1.166490407073831115e+00
-3.265800038481256440e+00
-2.310588990680375598e+00
3.041245097644981854e+00
8.321729560408090975e-01
4.949689469527866592e+00
-2.793716597795746992e+00
1.675559085852197150e+00
-4.340635185269899665e+00
2.105307472451811712e+00
-2.970331187523576943e+00
-2.605278507505408570e-01
-2.315995555306905374e+00
2.015059956968930699e+00
1.522118385186601586e-01
-8.360620719343438978e-01
-4.064000331272782596e+00
-1.411252776109956031e+00
-3.107027460878706293e+00
1.969114684243848501e+00
-1.662800083831672548e+00
6.187090173895768430e-01
2.506997340019001541e-01
4.155768328016851143e-01
6.555477723202818296e-01
5.761925421720262008e-01
-6.792364255975442688e-01
-6.232879184001349770e-01
4.953736400826667108e-01
-1.672981283459118007e+00
-4.166364931765986768e-01
-2.781146429362046035e+00
2.655758554847778008e+00
2.898219539316650994e-01
-4.162057945697128503e-02
1.620695700470236034e+00
1.140380190069207877e+00
1.623229046709225187e+00
6.822902825349084210e-01
2.065264666567465213e+00
5.000000000000000000e+00
-5.493586221914377177e-01
1.180278819176722394e+00
-1.650310225420670740e+00
-3.651505111531478498e+00
-2.571080646115486701e-02
-1.640558814594514914e-01
6.172265172200841477e-01
-1.294467670285781136e+00
1.311794050753034568e+00
-3.809800515374640817e+00
1.615343225395090343e+00
7.805273621038750775e-01
5.000000000000000000e+00
-3.397482922203213906e+00
-2.304598802044956152e+00
1.685589245966560235e+00
4.465353918404844080e-01
3.231673243189414180e+00
-1.847916232827713667e+00
1.954141423987190151e+00
1.822228588389888770e+00
-2.732583905582863792e-01
-1.359597388472744584e+00
4.977924097545809445e-01
-1.386755526016766105e+00
2.501547482812290113e+00
1.213894250300089794e+00
2.397028920493463389e+00
-3.341795146497826163e+00
-9.165227796510473368e-01
8.230529941806175032e-01
-3.324568885400500662e+00
1.462048446427073323e+00
4.245487554958639720e+00
2.657416440121380674e-01
7.250188486912634289e-02
-3.977909434144013545e-01
-2.508808812073389127e+00
-7.049054477400300556e-01
3.848245497049784802e-02
2.737875411470361620e+00
-2.694388353841870032e+00
-2.608833271043000224e+00
5.383894257441079745e-01
1.793023422760301244e+00
-2.574529773139636823e+00
1.111473539619046491e+00
-2.269139546699917354e+00
-1.998419288712041109e-01
1.271188990406294295e+00
3.383531924450274175e+00
2.756964741692843113e+00
1.332090250978730239e+00
4.039915896455159583e+00
-2.823532093031654533e+00
7.808928136994364166e-01
1.011814474180900980e+00
-9.598409812952981568e-01
-1.388392473044159914e+00
-1.808062577581678099e+00
1.451699948531456563e+00
5.172364423115194398e-01
-4.549128877437329521e-01
3.626709014055053970e+00
-1.930353627113872594e+00
1.312265422924527414e+00
2.376346719840332078e+00
-1.759755847180297650e+00
1.140859707380701416e+00
2.417436246674425249e+00
4.438553505113675968e-01
-4.092859630784734470e+00
-8.142813237699604301e-01
2.448197916912093319e+00
1.721691302783202815e+00
2.255853725516725916e+00
7.647115628757692463e-01
3.074248556953467215e-01
-1.795085848681386764e+00
-3.106421003957182236e+00
6.952188422604352880e-01
3.339233836791937193e+00
5.616958660188275942e-01
-2.022972094409690946e+00
-3.114554461842551358e+00
7.885565755728451975e-01
-4.129879830542334318e+00
-4.324368869644756863e+00
-3.319158896021248140e-01
2.777176803889602752e-01
1.567212290145797660e+00
1.031278663345245761e+00
2.761639306968001861e+00
1.750296528820833863e+00
8.165643411070213631e-01
-3.718450615358146027e+00
-1.722963658978820867e+00
-2.407979516142235266e+00
-3.689422761418541530e+00
2.094768038147380551e+00
-5.366878090057518591e-01
1.046359537272731899e-01
-2.152703084376669018e+00
-3.237627820060113848e+00
2.773218664248213727e+00
6.344342160303684253e-01
4.548027934346075440e+00
-1.210531521200666205e-01
-3.158501542295879982e+00
2.164620057309063483e+00
-1.505922056060007286e+00
-3.556478508840249297e+00
5.772582647678170531e-01
1.226189892472615561e+00
3.358475136246585890e-01
-5.703067643345338666e-01
-4.062882889654034102e+00
5.000000000000000000e+00
-2.115630601347644468e+00
7.068044020660924076e-01
1.405444665068760202e-01
-7.266977374150798141e-01
3.580016530524737561e+00
1.114499181602893074e+00
-1.305017516152603640e+00
-4.756909729549354537e-01
1.528210515458351182e+00
2.270652590551942573e+00
3.346082560264722616e-01
-1.254177903079956913e+00
-2.151639618327596537e-01
2.910218634130286475e+00
3.399226002632735444e+00
-2.089445760824197418e+00
1.114406656823004660e+00
3.719709587799638228e+00
1.383021896031807252e+00
-1.733968903713347220e+00
8.959751861703697529e-01
4.999999999999998224e+00
3.258516432464453771e+00
-1.612905229695212217e+00
-6.712599713571432147e-02
-1.557890307647622041e+00
1.472352722957426252e-01
2.563128773894649548e+00
-2.546506693566614743e-01
3.041890078785797868e+00
-1.598796791494852876e+00
-2.473808325948718689e-01
1.543197081261611814e+00
-2.324833260547888081e+00
1.668393456089345861e+00
-4.649650997334262570e-01
-1.287146115138488423e+00
-3.225607510615198237e+00
-2.022218483928071020e+00
2.412158001400510621e+00
-4.200595094995920320e-01
1.662205930220018502e+00
1.884348449294554584e+00
4.628942611939388385e+00
-2.220806474551225040e+00
-1.711076459275480133e-01
4.562297319038632892e-01
5.830009638479163314e-01
1.419029442008897135e+00
-1.014506394043195314e-01
2.210638948537699378e+00
1.011516932642982702e+00
-1.915037423131475958e+00
-1.624912400159526094e+00
4.050684966952387001e-01
-3.404438860082930063e-01
1.547214426200262061e+00
-1.160124183988297197e+00
2.160980366172626788e-02
5.564216608264462849e-01
-1.025571020969717750e+00
6.088936160376858808e-01
-2.254939196833546156e+00
-3.679296708900938739e-01
5.252091712538762280e-01
-1.261016342914917931e+00
-2.360718060616266101e+00
1.804596400312508564e+00
-6.263183225385491326e-01
-1.923803744769454482e-01
3.362588030778299597e-01
9.180653287429247911e-01
-1.850464103450176090e+00
7.264921476316876792e-01
-2.204771087545698283e+00
7.255173728073209816e-01
-8.632367242076304237e-01
2.074553590085680632e+00
-7.606325417808967870e-02
1.808831246520442804e+00
-2.794616741772084190e+00
-3.311501930846231012e+00
-2.014648349934553995e+00
-1.644658687974700051e+00
8.735393357942102810e-01
-7.987475040630895862e-01
2.812040795247046532e+00
-4.270177567421628240e+00
-3.500754618910118410e+00
