7.851626722799578317e+01
1.440647944501180611e+01
1.440647944501180611e+01
5.943815141535345958e+00
5.943815141535345958e+00
5.943815141535345958e+00
5.943815141535345958e+00
5.943815141535345958e+00
5.943815141535345958e+00
5.943815141535345958e+00
5.943815141535345958e+00
5.943815141535345958e+00
5.943815141535345958e+00
5.943815141535345958e+00
5.943815141535345958e+00
5.943815141535345958e+00
5.943815141535345958e+00
5.943815141535345958e+00
5.943815141535345958e+00
5.943815141535345958e+00
5.943815141535345958e+00
5.943815141535345958e+00
5.943815141535345958e+00
5.943815141535345958e+00
5.943815141535345958e+00
5.943815141535345958e+00
5.943815141535345958e+00
5.943815141535345958e+00
5.943815141535345958e+00
5.943815141535345958e+00
5.943815141535345958e+00
5.943815141535345958e+00
5.943815141535345958e+00
5.943815141535345958e+00
5.943815141535345958e+00
5.943815141535345958e+00
5.943815141535345958e+00
5.943815141535345958e+00
5.943815141535345958e+00
5.943815141535345958e+00
5.943815141535345958e+00
5.943815141535345958e+00
5.943815141535345958e+00
5.943815141535345958e+00
5.943815141535345958e+00
5.943815141535345958e+00
5.943815141535345958e+00
5.943815141535345958e+00
5.943815141535345958e+00
5.943815141535345958e+00
5.943815141535345958e+00
5.943815141535345958e+00
5.943815141535345958e+00
5.943815141535345958e+00
5.943815141535345958e+00
5.943815141535345958e+00
5.943815141535345958e+00
5.943815141535345958e+00
5.943815141535345958e+00
5.943815141535345958e+00
5.943815141535345958e+00
5.943815141535345958e+00
5.943815141535345958e+00
5.943815141535345958e+00
5.943815141535345958e+00
5.943815141535345958e+00
5.943815141535345958e+00
5.943815141535345958e+00
5.943815141535345958e+00
5.943815141535345958e+00
5.943815141535345958e+00
5.339904436408462018e+00
5.339904436408462018e+00
5.339904436408462018e+00
5.339904436408462018e+00
5.339904436408462018e+00
5.339904436408462018e+00
5.339904436408462018e+00
5.339904436408462018e+00
5.339904436408462018e+00
5.339904436408462018e+00
5.339904436408462018e+00
5.339904436408462018e+00
5.339904436408462018e+00
5.339904436408462018e+00
5.339904436408462018e+00
5.339904436408462018e+00
5.339904436408462018e+00
5.339904436408462018e+00
5.339904436408462018e+00
5.339904436408462018e+00
5.339904436408462018e+00
5.339904436408462018e+00
5.339904436408462018e+00
5.339904436408462018e+00
5.339904436408462018e+00
5.339904436408462018e+00
5.339904436408462018e+00
5.339904436408462018e+00
5.339904436408462018e+00
