5.399786708311969363e+01
2.350110243970032542e+01
2.346781875210318091e+01
1.695268927968849582e+01
1.695268927968849582e+01
1.695268927968849582e+01
1.695268927968849582e+01
1.695268927968849582e+01
1.695268927968849582e+01
1.695268927968849582e+01
1.695268927968849582e+01
1.695268927968849582e+01
1.695268927968849582e+01
1.695268927968849582e+01
1.695268927968849582e+01
1.695268927968849582e+01
1.695268927968849582e+01
1.695268927968849582e+01
1.695268927968849582e+01
1.695268927968849582e+01
1.695268927968849582e+01
1.695268927968849582e+01
1.695268927968849582e+01
1.695268927968849582e+01
1.695268927968849582e+01
1.695268927968849582e+01
1.695268927968849582e+01
1.695268927968849582e+01
1.695268927968849582e+01
1.695268927968849582e+01
1.695268927968849582e+01
1.695268927968849582e+01
1.695268927968849582e+01
1.695268927968849582e+01
1.695268927968849582e+01
1.695268927968849582e+01
1.695268927968849582e+01
1.695268927968849582e+01
1.695268927968849582e+01
1.695268927968849582e+01
1.695268927968849582e+01
1.695268927968849582e+01
1.695268927968849582e+01
1.695268927968849582e+01
1.695268927968849582e+01
1.695268927968849582e+01
1.695268927968849582e+01
1.695268927968849582e+01
1.695268927968849582e+01
1.695268927968849582e+01
1.695268927968849582e+01
1.695268927968849582e+01
1.695268927968849582e+01
1.695268927968849582e+01
1.695268927968849582e+01
1.695268927968849582e+01
1.695268927968849582e+01
1.695268927968849582e+01
1.695268927968849582e+01
1.695268927968849582e+01
1.695268927968849582e+01
1.695268927968849582e+01
1.695268927968849582e+01
1.695268927968849582e+01
1.695268927968849582e+01
1.695268927968849582e+01
1.695268927968849582e+01
1.695268927968849582e+01
1.695268927968849582e+01
1.695268927968849582e+01
1.695268927968849582e+01
1.695268927968849582e+01
1.695268927968849582e+01
1.695268927968849582e+01
1.695268927968849582e+01
1.695268927968849582e+01
1.695268927968849582e+01
1.695268927968849582e+01
1.695268927968849582e+01
1.695268927968849582e+01
1.695268927968849582e+01
1.695268927968849582e+01
1.695268927968849582e+01
1.695268927968849582e+01
1.695268927968849582e+01
1.695268927968849582e+01
1.695268927968849582e+01
1.695268927968849582e+01
1.695268927968849582e+01
1.695268927968849582e+01
1.695268927968849582e+01
1.695268927968849582e+01
1.695268927968849582e+01
1.695268927968849582e+01
1.695268927968849582e+01
1.695268927968849582e+01
1.695268927968849582e+01
1.695268927968849582e+01
1.695268927968849582e+01
1.695268927968849582e+01
