1.989033114609809694e+00
1.779257454709412656e+00
-1.060877354886701873e+00
1.641984453593444471e+00
-5.621840662206123440e-01
-5.596376683029449239e-01
-1.547790758270408684e+00
-2.807398660305926441e-01
-3.317521416534834344e-01
3.151859469702314342e+00
-3.191967977125642619e-02
1.659426339908440795e-01
-2.015014594963364658e-01
-1.512136067708897968e+00
3.569956230037778511e-01
-2.643014777780106073e-02
-2.519940871634862134e+00
-1.149458919404890977e-01
-2.120707677194231700e+00
-2.752895998546622813e+00
-1.793605601712701336e+00
-2.947823649322387496e-01
-1.402576011466183825e+00
-9.854683293083299489e-01
2.790273646094270532e+00
-1.953522128402886082e+00
-2.771720056982491798e-01
-2.214963516526329279e+00
8.065819352135505937e-02
2.086929161868551930e+00
-1.977483627865472826e+00
6.937303531462468698e-02
1.265354299908914015e-01
-7.500476978277283990e-01
2.210800363667030588e+00
-6.499979182796655763e-01
1.407471652244516314e+00
1.876563398871064159e+00
1.311047801029419091e-01
9.512267648582151125e-01
-6.071955313426844469e-01
1.534389552530460499e+00
4.395044713022890903e-01
8.898179454883337058e-01
2.009903513051733981e-01
-2.153882567776743695e+00
9.270557793766940335e-01
-1.818481872917728115e+00
1.010662465813796373e+00
-2.252437856906137625e-01
-8.782236958180726916e-01
-1.025667103916256817e+00
-1.141672484759746364e+00
1.060380822355384112e+00
-2.297260286303468124e+00
-2.082587416037990469e+00
4.037927975264130609e-01
1.568386190169879235e+00
-4.590976066101868369e-01
-3.792781114168096934e+00
1.400641416996746713e+00
2.849072028389338485e+00
-1.155441778798700803e+00
7.367286948828635218e-01
4.115449983015508906e-01
5.175531851160588559e-01
1.720469715925093013e+00
2.413341520635325921e-01
8.780991777897195760e-01
-1.806932263640490532e-01
9.380625354138141248e-01
3.102147819642899762e+00
-6.533264699538632314e-01
2.217338758193534431e+00
-1.049762429936537789e+00
9.106253783938509372e-01
2.098601731340981047e+00
7.533943138450238663e-01
2.195792061432831233e+00
-4.555653997190596272e-01
-3.090371651394455910e+00
-1.169586001897616967e+00
1.027420656132117749e+00
-4.176797177667417316e-01
-4.321805658292054986e-01
-2.437745613028829972e+00
-9.555095280614889219e-02
6.983381344415384717e-02
-5.921547662463417794e-01
-4.995684074148778464e-01
-2.346730574101819400e+00
-6.756959795654609024e-01
-1.983894585712552505e+00
7.878134910769940547e-02
2.257463363636398768e+00
4.617611009805164812e-01
-3.836509436570167964e-02
1.524142335281693406e+00
3.853929129475499593e-01
-2.048416562165259691e+00
1.951139694652425760e+00
-7.565581065942081906e-01
-2.090330941037432666e-01
2.575524916712285339e+00
9.887278341443215268e-01
-2.056775880128784983e+00
-2.874129082722829409e-01
1.472179958143033929e+00
2.074940044757710211e+00
-3.204506233813816607e+00
-1.396258951024398343e+00
-4.635503868385182358e-02
4.212775807950288609e-01
-1.511847684304740813e+00
-1.544412299671638067e-02
-2.200848366142453827e-01
-2.526444977486823174e+00
-2.323732185613568646e+00
6.662592814011549791e-01
1.769109702034132425e+00
-3.384546265696086742e+00
-1.936497263543012437e+00
-3.984588929085361997e-01
-3.536303884312807622e+00
9.532755090791589225e-02
-7.938327993592508847e-03
7.574587490284390157e-01
-1.200627097862054793e+00
-3.170114376191577321e-01
-2.720324321792784161e-01
6.355410479429011161e-01
1.272416791110876133e+00
-3.728075681914067019e-01
-4.205026586088411733e-02
6.314751400777884882e-01
2.506276738544910287e-01
-2.048511188777095260e+00
-2.109996668810056875e+00
-1.237542107446932604e+00
-3.755445460318605377e+00
-2.870804082497127929e+00
-3.474807880278942829e+00
4.109195983550616660e+00
-5.099575796549498108e-01
-5.028811316282126853e-01
-5.134910129084770958e-01
2.806431655543031312e+00
1.161128531842280154e+00
-5.757273606565354029e-01
2.283395779324939312e-01
-1.200154899531871600e+00
-2.104057438326271345e+00
3.869893091747046654e+00
9.237276587273157702e-02
8.572862207938847234e-01
1.382636431363617469e+00
-1.614147604750648668e-01
-1.968765313023292940e+00
2.451962596457599730e-01
-1.716661261139631467e+00
1.401338229552964165e+00
-6.943565067781136690e-01
-2.326423300458686505e+00
-1.896630784590900287e+00
1.609286746080211827e+00
-1.725486472724402365e+00
-9.762543983788409818e-01
7.511344360303162659e-02
2.174795090716690638e+00
-1.425221076069323800e+00
-9.846370326930937722e-01
5.616759867404024220e-01
8.463440099224648350e-01
-8.366669830062791746e-01
5.277287320477199728e-01
2.354043787601657556e+00
-4.044789710659664195e-01
3.042334633546804668e+00
2.113519780934927539e+00
-3.031433829475735919e-01
-2.851537032188664611e-01
1.547704410084387305e+00
3.782890154904450242e-02
1.888217250634687261e+00
-1.236320067572927339e+00
4.357421793252324704e+00
-1.070810870459595776e+00
9.695145720529483313e-01
2.593802821922626123e-01
-4.059633424406241531e-01
-9.791802627550545424e-01
2.413665079050879569e-01
-1.213520866875861692e+00
-3.865033105622646126e+00
-1.666707606872182001e+00
2.415457182285631887e-01
1.293844525817387847e+00
-3.942829560946125689e+00
-8.037143855158213057e-02
-1.779868695628484154e+00
7.312807535193801556e-01
1.487592010544380727e+00
-8.890142672050913575e-01
2.825573733385037478e+00
1.924236029367075496e+00
2.511328485140200684e+00
-2.897744341248461808e+00
8.708344153914993058e-02
-3.572419879756960626e-02
-1.797227306586893114e+00
-1.093067745986614270e+00
-2.452378788643550855e+00
1.287748224699869937e+00
-2.392501793386736075e+00
-1.478114335757361175e+00
1.809099759227095205e-01
5.026269890607633073e-01
6.849109672214606093e-01
3.143423308517723669e+00
3.766097793918305570e+00
3.759006026149798174e-01
6.434856116997389464e-01
-8.735737125037399409e-01
-1.000611211908982057e+00
1.781564370875732273e+00
-1.054493349711083994e+00
5.090762069832219794e-01
-2.413321587111113331e+00
1.060489022854618213e+00
-4.055793496525121000e+00
1.207091720334849683e-01
2.720484350532004214e-02
1.445394267862035953e+00
-2.968542266585876277e+00
3.660461650793369159e+00
3.832619715550169559e+00
-2.246360375937960008e+00
-1.040444028936326593e+00
-2.988177507162281810e+00
1.791613045944240312e+00
-5.146198609091223730e-01
-3.278184421226715273e-02
4.103147286444421837e+00
-1.107545552774111819e+00
1.247707578824615027e+00
2.675897553565411258e+00
-1.310152987712530859e+00
-6.964504770318082905e-01
6.941957192080643324e-01
-1.963515392854791042e+00
3.429424656859058729e+00
6.663880754730824307e-01
9.499137882170227698e-01
1.246228334520592895e+00
-1.163067709050456422e+00
-5.098407034871499377e-02
1.401879703387951537e+00
-2.778475840908380956e+00
1.986566523333230805e-01
9.080718714892626053e-01
-1.611993866759411809e+00
8.296902381265791604e-01
-1.099974857184118804e+00
3.521321525066225533e-01
-5.390829886805095228e-01
1.294984996118772713e+00
-1.157600174347527044e+00
4.095058667929309948e-01
-1.627729798142554252e+00
1.171102759609699007e-01
-3.714604892964832317e-01
1.122624870049212298e+00
1.849295543124691577e+00
1.283748721294993622e+00
2.654717920757601490e+00
-1.181532883945930035e+00
-6.719543686853040043e-01
-5.216570351695750674e-01
-1.031461854820225454e+00
7.824997888416742597e-01
-5.838876930941090393e-01
-1.943635584754570544e-01
-6.577929905666071164e-01
-2.726235978813897454e+00
-4.243350787645407962e-01
-2.468803796054390709e+00
-4.419635891177584597e-01
1.157267578226941040e+00
-6.353921057711175990e-02
-1.116320608382673996e+00
8.051539221920940292e-01
-2.743371827921536443e+00
-1.722764200368659182e+00
-1.241308006946786779e+00
-3.020367636897432817e+00
3.432446451638449858e+00
1.379395517248407366e+00
1.935599932545136070e+00
1.627884146309847679e+00
4.932766886542072626e-02
1.129982120879365226e+00
-1.678560022470270141e-01
2.175310800462648686e-01
-1.748055843588624647e+00
4.349833935711044930e-01
1.719745200233751881e+00
-1.088442042118201947e+00
-2.010213272415954044e+00
4.337993030021483065e-01
-9.895710710880143424e-01
-3.212463302216384875e+00
-5.202425081782173777e-01
-8.451594056186637616e-01
3.733991371752480859e-01
-3.054259675223298220e+00
1.713687070219603648e+00
3.009589116903011785e+00
-9.831700215511762764e-02
-1.483749269450976627e+00
-6.963103497642517681e-01
2.696405385939726784e+00
-1.333275904179882065e+00
1.705790944254226282e+00
6.571063342306171506e-02
1.468951751644875792e+00
-2.680119527305233618e-01
-1.079548067698219427e-01
1.311019912730229109e+00
1.065635662142259577e+00
-6.782929862492652617e-01
2.418558770599691599e+00
5.059892396242826607e-01
1.102729573508770322e+00
1.680983883458528894e+00
-2.784792505498048243e-01
1.077139344733737403e-01
-1.282965549285748352e+00
7.852476550576046321e-01
3.074500710356709021e-02
-1.284775357272884833e+00
-3.048943888532666513e+00
-5.981161365790823581e-01
1.008068669073589163e+00
-6.379324860423096766e-01
-1.731518401339038782e+00
-4.561197555561191663e-01
2.344256712937980325e+00
4.073125687925278626e+00
1.107662475955766723e+00
1.167187298662715200e+00
-5.440479359585914665e-03
9.780571282604135774e-01
3.185164346921443013e+00
4.062780759518069829e-01
-8.964363887294375388e-01
4.598909679398150985e-01
-9.730086761246967697e-01
-2.009243099579795633e+00
-1.835318099375919942e-01
-7.874229850648530871e-01
-6.300261826375308516e-02
-8.094975528230978767e-01
-3.416986139174236214e+00
1.766069512206469128e+00
-1.663357579978347545e+00
-1.315751914218799445e+00
1.014842998159703136e+00
-9.829049377962864043e-01
9.195339953562831070e-01
-1.552523787222703788e-02
-5.389674074770134382e-01
-4.694654286952690825e-01
3.193262363779858504e-01
7.493947502141828920e-01
4.218056651233776932e-01
1.676443836398906484e+00
-3.370465146900336606e-02
-4.689223178050383467e-02
-6.528043094823114956e-01
1.680213718271765799e+00
8.107042399206054739e-01
6.073456411089992457e-01
4.961538648953398578e-01
1.236054048267693162e+00
7.508705604990950633e-02
1.565516245405279783e+00
4.223996332911905682e-02
2.494951439695416440e+00
4.734681045224720108e-01
-1.574084388258478739e-01
-1.475065711118619394e+00
-2.545853919094067663e+00
-1.614228696334150115e-01
3.707218488496053510e-01
-3.137758120631293224e-01
8.478731288492644680e-01
7.300286016909875997e-01
-1.695514877999261039e+00
7.735184451326757582e-01
-1.936435117529468730e+00
4.965908906350193774e-01
2.799022196395101858e+00
-1.924578100069020969e+00
-1.818959447726858247e+00
2.743455583810199272e-01
5.662389796319011737e-02
4.763368032252754958e-01
2.466642054553594754e+00
3.073233073209166832e+00
1.109692858981140340e+00
1.343612082917928774e-01
2.444144087802553322e+00
-8.438725747798265786e-01
-6.217006844000128041e-02
1.873275646260643690e+00
3.238711150503021940e-01
-1.857330291947840717e+00
-1.539155276483536561e+00
-8.847072411826504279e-01
-2.320488045573034341e+00
2.020857822025361017e+00
1.638491538611011045e+00
-1.294075760448704315e+00
-1.335903013012148755e+00
-1.071537127088864061e+00
-5.390883364921279508e-01
-2.101245945655781266e+00
-2.771628513878261924e+00
1.483866563017515183e+00
-1.140403865781793868e-01
1.021031482941047841e+00
4.405732241462731125e+00
7.613020272147856815e-01
-1.641286511718234031e+00
-1.300613085895514498e+00
-7.365699571539332524e-01
9.143031675811403858e-01
-1.282533484598746831e+00
-1.640532861145618693e+00
7.276927264037924559e-01
-1.432216322283843102e+00
-2.133480375213969715e+00
1.153814448581361063e+00
8.678838190534960972e-01
-1.759205958366266920e+00
1.207241222155635008e+00
2.219491477691391879e+00
1.872021837093083008e+00
2.127426122858095070e+00
1.879138699789796974e+00
-2.246363105615090561e+00
-5.417439905723284710e-01
1.171584367360797074e+00
1.590853064519123450e+00
-4.692818620441059352e-01
8.631077309074006720e-01
-5.562927546376865706e-01
-1.098909355971902091e+00
-3.370040121745834227e-01
2.936894687242728175e+00
-1.611446267051841463e+00
-9.307753414108326240e-01
2.707013850400056043e+00
1.702240502026947766e+00
9.027850338404892483e-01
2.347374519491484790e+00
-2.116769979651764721e+00
-3.128768401127892673e-01
1.827781989568943999e-01
-1.322553236754628436e+00
1.195021316140431722e+00
-1.046747179256701799e-02
-8.521297233107567592e-01
-2.898994752559463262e+00
1.377285586452420496e+00
-1.337071277934382962e+00
-4.338112599164212213e-02
1.432938671366557060e+00
-3.065237174103137896e+00
-2.777611773370174397e+00
-9.474783895812217693e-01
-3.261979928336247170e-01
-1.329374686118416360e+00
1.890398438225369127e+00
1.222655834354275939e+00
1.040709091465091163e+00
-9.906292042364110983e-01
9.458245107868332724e-01
-8.709002823502585144e-01
-2.250711912782325630e+00
-5.792159080463061827e-01
3.453011181543587327e+00
9.901977950255940186e-01
8.654972279719874706e-02
-8.140801103414618822e-01
1.738072586103047712e+00
9.660729898694251361e-01
3.255562716116060074e+00
-2.700723855357001213e+00
1.836337125663789038e+00
3.331061481281292203e-01
-2.541381817568725054e+00
-5.594076944414840824e-01
-1.686008277680235423e-01
4.950987257902337291e-01
3.420912920598864204e-01
-2.815081664759491176e-01
4.039160157632082360e-01
4.425297971054389379e-01
-3.947208870659677515e-01
-2.008332424701934737e+00
7.254528893899188091e-01
1.123279178153875790e+00
