2.440614740954130113e-01
1.366863329714385067e+00
-2.076689108336288392e+00
1.467760826961526099e+00
-1.342931046306330423e+00
1.589865658726195008e-01
-7.132144749643885007e-01
-1.403911125975823015e+00
4.601491774707957561e-01
2.540594404472249934e+00
-5.745311193468163324e-01
-1.117130680287501843e+00
-1.774797711384827448e+00
-2.728196046678049047e+00
-2.348565682114998054e-01
1.248292571343521118e-01
-6.960290401753663758e-01
2.731166022970032969e+00
-2.357435223698622906e-02
-1.712222405778270229e+00
-1.602376511065910059e+00
-1.370729578677551075e+00
-2.558197183861574686e-01
1.557054906044594844e+00
2.184368014634756605e+00
-2.342707145218656528e+00
-1.250872862233132210e-01
1.090090198819169132e-01
6.574832229761753410e-01
1.436674887284697277e+00
-1.536019439747246196e+00
1.536974958211940745e+00
-5.254818685401891898e-01
-7.231162287644359310e-01
4.657554872259019874e-01
-2.393344780137982131e+00
1.439344517657259459e-01
7.309199783835520492e-01
-6.392043995179452764e-02
5.629546938998579719e-01
3.816764855302245962e-02
7.850104603955347926e-01
2.461950457660595504e+00
1.179256495764073875e+00
-1.503622609415801392e+00
-9.922397486825582646e-01
1.355573239914440009e+00
-2.681040168193317363e+00
1.636730806464945509e+00
-7.417684918439864106e-01
-6.198519840995686536e-02
6.862717553308961271e-02
-1.795102944758317332e+00
2.237066992977894131e+00
-1.121478620448431940e+00
-2.119951050781034407e+00
4.764510554484022720e-01
2.756892860849928795e+00
-7.970211532156632472e-01
-3.551553060348972224e+00
-2.095131999957011715e-02
1.368469585346501205e+00
-3.285854944360941943e-01
-5.592388713064879724e-01
1.091477199195393766e+00
8.324939807168849626e-01
2.540884877200316083e+00
3.486332731507873817e+00
6.784087355376033912e-01
-1.580810160402366105e+00
1.101507528916804368e+00
1.616258839727282570e+00
2.027528702861451926e+00
5.872606107755924398e-01
-1.626716991602993989e+00
7.788656707491456999e-01
2.611211983070842457e+00
1.351361737725338408e+00
2.446525901307559536e+00
-2.318068633589582817e-01
-2.998627812196017484e+00
-1.974825249628198165e-01
-1.427198149842876518e-01
3.308449964038597813e-01
1.286805624523177372e-01
-2.689162204126019695e+00
2.981747068712969906e-01
-7.762004083749864947e-01
5.681504497174341139e-01
8.117834981884373136e-01
-2.844896456024114784e+00
-1.062453572626480991e+00
8.592698349395710977e-02
2.929514725166253442e-01
1.746528245701397530e+00
1.042897837678956385e+00
3.436560145539404587e-01
1.872574940435942636e-01
-1.665735284092008328e+00
-3.291929542972601652e+00
2.108913077590150564e+00
-1.155487924727469196e+00
-1.875223263537573182e+00
2.173641163292991507e+00
-4.653879720336568937e-01
-6.979660356778421004e-01
9.464366339644669779e-02
2.150875683582299303e+00
7.712819262871120074e-01
-1.747803905516879475e+00
-1.077458257929754026e+00
6.650711011546714957e-01
2.251682725711308564e+00
1.234864039657388446e-01
-7.871476458502915108e-01
-2.862061682198757673e+00
-1.575253241990516972e+00
-3.494586730691269238e+00
-1.756348615889395504e+00
1.520093338193609256e+00
-3.888919874616299399e+00
-1.724670836423610965e+00
1.010580692200850450e+00
-3.224582149316907120e+00
-1.491837337403184804e+00
1.827738707280257557e-02
1.698627060695483415e+00
-9.284489826969624104e-01
-1.086657372710993386e+00
-3.736429295203240741e-01
-7.726874230732327931e-02
2.377520907276387874e+00
2.342576416921797744e-01
-1.037842409754314854e+00
6.389211219299166800e-01
1.050664420297911406e+00
-3.278241695827786018e+00
-8.457929928228704597e-01
5.487017619234668686e-01
-1.909969532204534470e+00
-1.727432337208860691e+00
-3.806403658539248003e+00
2.832651388416175919e+00
3.442652323120949376e-01
-1.412555757400118850e+00
6.389403167031462161e-01
7.994574692329710075e-01
2.044456932119773640e-01
-7.743610144873676049e-01
-6.680243798620804085e-01
-1.288648115284076745e+00
-2.368891597823622241e+00
3.578525046932204745e+00
1.162255233500308904e+00
-1.803916944938084299e-01
-9.917471773863795192e-02
-7.015663360990611608e-01
-1.096432555180904433e+00
9.185623429815237273e-02
-9.699742994537530194e-02
4.608208427725308809e-01
-1.610316639930112537e+00
-1.861724897098915310e+00
-3.467651145561428283e+00
1.126854972729447013e+00
-2.041992914757456923e+00
-2.018178854132948619e+00
1.920020759791603027e+00
2.679518475617868489e+00
3.746108084881818456e-01
-1.303848937950278675e+00
9.176722755704700418e-01
-3.743020224799851192e-01
2.562887171832155531e-01
1.160501872467357032e+00
2.672706688500006145e+00
-3.713423057220479606e-01
3.471375105745106993e+00
1.756364039671581168e+00
-2.660707668752504418e-02
-1.147912464536577914e-01
9.564786377666045780e-01
-1.601451284293060162e+00
2.080847431276309223e-01
1.236334502203738417e+00
4.452382950004885487e+00
-1.388621075997038545e-01
2.561495509668811899e+00
-8.172158549564425556e-01
1.423167863571139335e+00
-2.844685165896326140e+00
3.750431435032357541e-01
-1.504829366572323579e+00
-4.027208632496998675e+00
-1.147883389817322630e+00
1.002626937776716076e+00
-2.229830943294714984e-01
-3.102395541720699423e+00
-2.261626108091441267e-01
-8.374198424829772947e-01
-1.984148795776423668e-01
1.915605335694472444e+00
-7.158937670925524799e-02
3.372249275776802335e+00
1.452003274884895667e+00
3.104273765558836828e+00
-3.797715045542894075e+00
-1.387302339045408672e-01
-1.348845998921511580e+00
-1.652996821475811728e+00
-1.544296657604794731e+00
-2.237221167668046018e+00
-2.595712946543375921e-01
-2.922897633192533817e-03
-1.688154167824682528e+00
5.614703807742316144e-01
1.396658933710257955e+00
7.810267705935824978e-02
4.152138166525308094e+00
2.768528191049064446e+00
1.531686358444321883e+00
2.678749357273212617e+00
-1.636627944524860823e+00
-2.044999052526957684e+00
3.286537016304169612e-01
-9.715933530564342391e-01
1.004255762559644438e+00
-2.924922522112416434e+00
2.958642615581362989e+00
-3.021589001426655763e+00
1.894570474208631339e+00
-3.276656818909327029e-01
1.286120232525211904e-01
-2.573519975382525082e+00
2.750192830261848798e+00
3.881378535893899695e+00
-3.040584049079371631e+00
-1.781221161799790842e+00
-4.385272537088377831e+00
1.184652877707474516e+00
-1.391909814038694293e-02
6.545494900301553898e-01
4.381642953616015745e+00
-1.895214427509222865e+00
2.188836895231052182e-01
3.288191758135907250e+00
-3.455749907094718409e-01
-1.909394993670912033e+00
9.999207602918582793e-01
-2.198324009833322101e+00
2.378391635285900030e+00
-1.018025528888060194e-01
2.684931206861707054e-01
2.142585145183442563e+00
-1.857744407380516716e+00
6.659139699433271886e-01
7.262245600408467894e-01
-1.898395755687479092e+00
-1.705757329556387702e-01
-2.072636918374914927e-02
-6.729575725084924187e-01
2.366210039633966922e+00
-1.806222718530972049e+00
4.148023380934855453e-01
-7.731829115545290065e-01
-5.259555201787637913e-01
-1.399003179781710848e+00
-7.767839100268654207e-01
1.232859411901809921e-01
2.302594123612564658e-01
-1.237342537460514702e+00
1.914922382021480907e+00
2.154056635242936224e+00
1.309220252818664498e+00
1.644723260593170977e+00
-3.074573352920921376e+00
9.353241159978056274e-01
-6.604231321613411865e-01
-4.776076463908598413e-01
9.265355361395988254e-01
-2.128573143491969688e+00
1.407677879986644953e+00
-2.262138017533463774e+00
-2.011161662555459806e+00
-3.656864426311781102e-01
-3.004397026621332234e+00
-4.267423838026296323e-02
1.159811636062220153e+00
8.602419437283543857e-01
-2.423477194250800437e-02
1.789992415312813279e+00
-3.439595039056677628e+00
-6.771953944541007075e-01
-3.997598653907381561e-01
-3.297475720491136908e+00
3.579161022214341514e+00
3.373350654065170318e-01
1.126725019376397796e-01
3.779970712470870353e-02
-7.739523645774140093e-01
2.647746873044445337e-01
-3.831517966637552064e-01
4.817607108049877240e-01
-3.222575156405235397e+00
2.328754618402336440e+00
1.371141802393700537e+00
1.599196881050448660e+00
-1.856806321162324025e+00
-1.442412296678559080e+00
2.014492924276076735e-01
-2.560781460390718856e+00
-1.117426861033497865e+00
4.236073659700814176e-01
-3.218246718184047950e-02
-1.907102639868442751e+00
1.111259301081464201e-01
1.143300677819878430e+00
-7.440012034959524456e-01
-4.142576415641929799e-01
-9.768356664661927979e-01
1.673755292171851039e+00
-5.894156713751357302e-01
3.840331751775066138e+00
1.090776994270308720e+00
-3.007622031784551453e-01
1.107553176343518686e-01
3.209931071399907410e-01
8.015831613636894559e-01
8.021620550232011482e-02
-7.399080653644425354e-01
4.550161613860067789e+00
9.533034473421579946e-01
6.325733563244773094e-01
1.765777205851028597e+00
-1.506893742559992866e+00
-1.100473493490819799e+00
-8.288876165745584501e-01
9.772978611554705708e-02
-4.046291318210046839e-01
-7.638646562168887044e-01
-3.412692166743700906e+00
-7.485197177106677202e-01
-1.239872509254250410e+00
-1.409857030897478936e-01
-1.617507577842836053e+00
1.554875782962275466e+00
9.320631492222961612e-01
1.687762697588133243e+00
1.650198027747904916e+00
-1.829011198113761338e-02
-7.003164618705071121e-01
2.062971738434482560e+00
1.265740426851379219e+00
-8.644631877423698540e-01
-2.191375488940148220e+00
-1.229793629592546012e-02
-5.405822283833678910e-01
-1.706277344758726500e-01
-1.400805150906781371e+00
-3.448986035170236164e-01
-1.579460079430431207e+00
3.009922455907680927e-01
-2.905161964295643440e+00
1.660987183985081828e+00
-1.263369447610060980e+00
-3.239922263476525899e+00
1.754136465858660010e+00
8.691178745768333158e-01
1.453022853807619086e+00
5.945521670718889595e-02
1.414515195880068354e+00
2.442008643789792544e-01
1.143504704554975326e+00
-7.499511113365997517e-03
4.591997594484151790e-01
9.814068365656059001e-01
1.555298111037473952e+00
1.165631573481729966e+00
-1.263171369340422068e+00
1.492461467147425225e+00
1.459970293139991604e+00
-2.611726113837873342e-01
-1.097700120631035503e-01
5.851795136295763200e-01
-1.162711875573903431e+00
2.402404246754255013e+00
2.057526435280108146e-01
3.195424339883553344e+00
1.035120038367169926e+00
9.166582044496216497e-01
1.621819727475664052e-01
-1.293731617145669865e+00
-2.309748856855072141e+00
-1.326082113325117717e-01
-1.067831060073162419e+00
1.936697972104870047e+00
7.767917522542724384e-01
-1.269988907097634456e+00
1.351361105102517612e+00
-1.572624416802210767e+00
3.356451035123955151e-01
2.534392334913134093e+00
-8.254539093502888392e-02
-4.531071684036458436e-01
-5.000841525829997636e-01
1.537015231216001254e+00
4.366608207415296761e-01
2.330040203525945763e+00
2.779373183158102556e+00
-4.023452128609825706e-01
-4.496337907149063895e-01
3.512347700538063222e-01
-1.076449206306429041e+00
-2.516338743106167897e-01
3.596089939751712095e-01
-7.467445018227962805e-01
-2.589199840244891693e+00
-8.108112880197371197e-02
-9.335799101233401842e-01
-4.756816298436277179e-01
4.016792115374506977e+00
1.845839906712541278e+00
-1.060418272750896396e+00
-2.263263971753104453e+00
-2.664731912163502692e+00
-5.666342259735479558e-02
-1.524804790226248485e-01
-3.803449688030378528e+00
1.414356059415818656e+00
2.777784918653303237e-02
-6.326661995451310361e-02
3.541440036101535682e+00
2.380692063640744038e+00
-6.437744501301159161e-01
-2.184956511944916357e+00
-8.502407750334999292e-01
3.578712107185753055e-01
-1.216352054476741440e+00
-4.508973962566820148e-02
1.609952771321710330e+00
-1.458989302615436134e+00
-2.298590082937883583e+00
1.313570193192098223e+00
1.159278182017764891e+00
-1.401112597050896191e+00
1.517318349934235755e-01
4.570871875065954271e+00
4.025610333773554927e-01
1.425017838693234395e+00
1.788486835226711591e+00
-1.274223851017266540e+00
1.525276384732649149e+00
7.674465143566173708e-01
1.236180752504778546e+00
7.240499424995707756e-01
-5.436521792776751738e-01
-1.872329414917047963e+00
-1.962676724015742113e+00
1.945971202693021596e+00
3.743568616813274019e+00
-2.151764815404781928e+00
-2.493706614430335478e+00
1.296872284243217877e+00
2.655977769590968762e+00
-5.045422942094202057e-02
2.537097718197967033e+00
-1.795112236190691934e+00
2.534062113705095598e-01
1.340441124911613713e+00
-5.307739112969747097e-01
1.948963184215162237e+00
7.410860919028525728e-01
-6.056324223764750769e-01
-2.629337108592783689e+00
1.129501413742257654e+00
-3.614378691174624514e+00
6.822537440330878056e-01
2.577374560769626122e+00
-1.833282585354767402e+00
-2.777992820538708774e+00
-6.325119689568676762e-01
2.486819950370637855e-01
-1.460862669776758604e+00
1.570949873616520165e+00
-5.419939234177206799e-02
-2.822967691806796964e-01
-2.233687293185577349e+00
3.938941383643355110e-01
-1.557955592794678878e+00
-4.808692035709984935e-01
-3.321998227344682419e-01
3.298510669232811665e+00
1.490487473351786996e+00
3.708602073492039963e-01
1.302855448411920136e+00
-3.419185981911798677e-02
6.204949159329418151e-01
3.282713881319752502e+00
-3.438788379654031946e+00
1.751876003908355628e+00
7.655418154326811830e-01
-1.673846385320520991e+00
-1.445884852884077532e+00
5.870862253858781798e-01
1.020122255682752943e+00
-2.033138771380116339e-03
-3.333604415107247476e-01
-1.248862134925299294e+00
1.073700511195875507e+00
3.092096332679457049e+00
-6.588433508774409475e-01
5.279627634592181096e-01
2.423748363244899728e+00
