-5.974815467568097560e-01
-5.152569889961045035e-01
1.543477575473817254e-01
-1.391599396149029833e+00
1.096205141818938245e+00
-6.425696638811473349e-02
9.230047187664371933e-01
1.119619830349790846e+00
4.252246737104794505e-01
-1.302380797196667217e+00
3.027443601212684854e-01
-1.062956168113848854e+00
2.700852763116543542e-01
-3.125972815101545343e+00
1.765141910532362246e+00
1.634291830918677135e-03
-2.049159808413880679e+00
-8.928418788195626732e-01
-2.944162012236439807e-02
7.102521895207658531e-02
-9.521522769190751134e-01
-2.106722981664572725e+00
-1.376315940891608136e-01
5.351938008937935365e-01
-1.717378124224868685e-01
-3.642545493715214633e-01
9.698286500336728011e-01
3.214597970770924462e+00
-2.848689571554388067e+00
1.447364587727043350e+00
2.722956508373657769e+00
6.374776735508795866e-01
4.199085732408141425e+00
-3.608801500282071029e+00
-3.509743543599986193e+00
-3.535302614475662075e+00
1.182854123414983860e+00
-4.491411368173681140e-01
1.764109709177037466e+00
8.303067517429809641e-01
1.628560048747873523e-01
-4.497609941562643598e-01
3.642880711157420848e+00
4.352972515825618061e+00
2.697258085543818851e-01
1.620338576827563770e+00
1.084916586645566561e+00
-1.565066484249744594e+00
-2.556784716788691902e+00
4.370497312663443878e-01
1.341724897026050911e-01
-7.606631341445888594e-01
8.948723317409514877e-01
9.284226776361057532e-01
1.720662986580748566e+00
-1.573510354400892819e+00
3.420721017306576073e-01
2.667903594379163579e+00
-3.689662461723286491e+00
-1.620488507672146916e+00
-2.152004349388088045e-01
6.889860939530434436e-01
1.061892422671188996e+00
-3.155500872215810659e-01
1.154384703498731568e+00
-8.117052457513986852e-01
4.376247631114598136e-01
4.891797715970085392e-01
1.491318352783341794e-01
-2.088051396072286181e+00
2.969007117814873808e+00
-6.803295469441135168e-01
2.632836992360080508e+00
3.346729774877355013e-01
3.074195708915347325e+00
-4.273016125968000622e+00
3.621425299389049002e+00
1.057422516779640276e-01
-1.293950109430124673e+00
1.807953691722252287e+00
-2.479930075040130966e+00
1.035019996363598871e+00
-3.156906648337256538e+00
1.889799819060630881e+00
-6.992782276450206780e-01
-8.277632644478085666e-01
1.556108508254556710e+00
-2.666554366556766809e+00
5.489695670197729527e-01
2.639274958562380036e+00
-1.024694859307276218e+00
-1.367994903051251931e+00
1.908491575413787444e+00
1.227633387412433663e+00
1.903941718829242014e+00
1.186325618666639770e+00
1.696431558088860925e+00
-1.462666857189515390e+00
-4.831386895503566592e-01
1.133464669946725678e+00
-1.763937811372144893e-01
-1.238893244373373559e+00
-1.346280812928557502e+00
1.137620948867715143e+00
2.487801319369071784e+00
-2.779448526786700402e+00
1.072319872524475137e+00
3.438270734482307134e-01
3.331364353170407355e-01
2.859411994318348249e-01
2.968360487561887417e+00
6.272844333847951148e-01
5.000000000000000000e+00
8.593756129695755419e-01
3.002134353617817553e+00
-1.360499006941520150e-01
2.070400581380820171e-01
2.852962531012748215e-01
-4.217166624686764287e+00
3.219415730288231359e+00
-1.473436492421332566e+00
-4.393768275183224326e+00
6.014796665410315768e-02
8.985466228577791981e-01
-1.882843556254725215e+00
-4.978683431364796519e-01
-1.595783788003151127e+00
1.739157771143123199e+00
4.281876811922549209e-01
-9.331649159395007942e-01
-2.627456859384976084e+00
6.581301758997550877e-01
1.675366076825945072e+00
-1.961720020196544567e-01
1.326905811578042105e+00
-2.282721897891653029e+00
-1.653447053450758375e-01
3.748121751763280329e-01
5.046834924994172411e-01
-1.706489389608831342e+00
-7.983852930712851403e-01
-1.136586223560930087e+00
1.169963261181468539e+00
1.727718377930267835e+00
-2.317835430135650743e+00
-1.753669100712458295e+00
2.311734810082412217e+00
-6.964027604265865534e-01
1.226315919740347482e+00
3.735913438153772859e-01
1.548395162739952369e+00
4.521106913433357022e-01
-1.784667240394490761e-01
-1.922744981471918191e+00
2.210712293907134196e+00
-2.288229573458293142e+00
-6.382050590627219577e-02
1.247157405701933008e+00
-1.949305019504692371e+00
1.234902245870554971e+00
-4.566664875034289750e-01
1.254304416155149760e+00
-3.396081875653521820e+00
-1.070212947379374668e+00
9.012343135291107643e-01
3.248829033368361152e-01
-1.191884351984438872e+00
3.414421661444283274e+00
-6.802479838420651959e-01
1.535836384426296775e+00
-1.014705375762743333e+00
3.441982034156975345e+00
2.508156134128743275e+00
-4.004584678949303367e-01
3.467757567019980058e-01
-1.894298427270646457e+00
1.294709653327608123e-02
1.147610443674760283e+00
1.446451020722298253e+00
5.775653884974687458e-01
1.304690801742496298e+00
2.434204368483009695e+00
1.539023963177291066e+00
-1.505441056138391076e+00
-1.847037737308366623e+00
2.076456917277244685e+00
-6.685169964212329674e-01
5.558549618330186348e-01
-1.733195823589366302e+00
2.013945807976940117e+00
-2.820535936466424864e+00
2.164259651389215833e+00
5.315588314463779440e-01
9.635810818349721529e-02
1.578198760054261740e+00
-2.281436248463834637e+00
-1.166292532338984334e+00
-8.884820079137680793e-01
-3.113096773547442631e+00
2.106715700494213195e+00
2.845032716291145292e+00
-1.271085496545842020e+00
-6.257241318601014513e-02
1.886042665198961465e+00
2.076280990186786468e+00
8.733360730835402208e-01
1.239150278862605425e+00
-2.479691615179850039e+00
3.010756174281103981e-01
5.167938693772811121e-02
6.947419662507092752e-01
1.734483939917729423e+00
3.904077521067383927e-01
-3.831017036059675362e+00
-1.910113453550482454e+00
-6.121256308153633086e-02
-3.331004611778225932e+00
7.995096172176188176e-01
-1.690742706949120766e+00
-1.263761971398732697e+00
-5.799085343962833150e-01
-2.265024316059985221e+00
-4.628487852023677185e+00
2.724305047618891251e-01
1.001620379025500718e+00
-4.519931816509004108e-02
2.264068631361445760e+00
-3.382849699649412845e+00
1.603828837903050974e+00
-2.291094546501761364e+00
-4.998735347580405275e-01
-1.720779174749594631e+00
-2.012408533755487561e+00
9.195319252602729421e-02
1.616421969633624833e+00
8.770714680613416192e-01
-2.732200109990175818e+00
3.706788151126154673e-01
6.229531973622552954e-01
-7.686307935276541770e-01
3.292247431208483732e-01
-2.604209535252000052e-02
-8.662851628109633495e-01
-2.897325583513661762e+00
2.570485297084159626e-01
7.472272428586288484e-01
1.486421736400682647e-01
-4.678475976046305718e-01
-1.624659888264199381e-01
-3.195458431799576005e+00
-2.046693545217101118e+00
-2.624973175901379907e+00
2.847360357801330011e+00
-5.679468499758746347e-01
1.356863889974242454e+00
-4.075729609936509235e-01
-4.836625256808835260e-01
4.735222734863953065e-02
4.475879977712136082e-01
1.941072189957958827e+00
-3.151398845288289063e+00
6.585847322386673142e-02
-2.980168250853063583e-01
1.056514309799789331e+00
-7.838056166843978545e-01
-2.310530027474151371e+00
6.084471508019078101e-01
1.413113306040414408e+00
-1.327170102267836160e+00
-1.200147730294498505e+00
-2.442648425119333666e-01
1.125760394345674875e+00
2.098311456194306146e+00
2.305003418351451394e+00
-1.456281337129667897e+00
6.784007982699264971e-01
-1.214720121346125836e+00
1.504965566458421833e+00
2.870283809498836547e+00
-2.008747995748318971e-01
-3.701091699628774379e+00
2.510264738560703535e-01
-7.126658359871118620e-01
1.291867863982806064e+00
1.370395675789795931e+00
-3.212889356754704551e+00
-1.093230492650802965e+00
-2.171031579759201691e-01
-3.019039607587123974e+00
-3.098419312457613373e+00
-2.820486418235441217e+00
1.187595800615222075e+00
3.262905821928246297e+00
-3.631838552459382363e+00
-1.378669843677523765e+00
-4.667869916747644510e-01
1.385203417393013225e+00
-1.086520113766070494e+00
-3.441837038769589796e+00
-2.535926997401579008e+00
-2.099757886861786105e-01
3.493211952344147164e+00
-1.348339180617355026e-01
-1.629684822618932216e+00
1.100437906230142815e+00
-2.186652554682248617e+00
-1.628199979369957084e+00
-1.873938262487131468e-01
-1.005214541778451931e-01
1.961419173121086601e+00
9.936451459881769921e-01
2.947606422326529696e-01
-2.846241360106314122e+00
2.823044851974856329e-01
-2.614162877836641918e+00
3.224708686591881701e-02
-7.160711539239859036e-01
-8.439920802798583921e-01
-2.995521275538207462e+00
1.483730371545640025e+00
-1.015680901008138015e+00
1.096849235301871062e-01
1.803428449067592254e+00
3.619531795084492742e+00
-2.213280868066132889e+00
1.671133000651032319e+00
-1.891877772997876406e+00
-1.155089219380176502e+00
-8.220966334747323856e-01
-3.358830209654553034e+00
8.773001426761322108e-01
-2.432187403869063846e+00
-1.485410602473849373e+00
4.271737981195116163e-01
-7.148827322333684009e-02
-1.290811464848568679e+00
7.270524361721708573e-01
-8.697588216708700415e-01
-2.350782804461593045e-01
-7.274105723983304017e-01
9.893072537881906214e-01
-2.798254187768944412e+00
-1.643328100005545522e-01
6.305618733493183470e-01
1.516459880249650283e+00
-2.143285639166244927e+00
-2.084879690433733224e+00
2.600213220729676422e+00
3.785099971299908717e+00
-1.234751489975138838e-01
-2.243739218002485103e-01
-1.701747015467073076e+00
6.317370634361569870e-01
3.168014324398082948e-02
-2.398628177992067734e+00
-3.363739138423555985e+00
-1.830329554715762974e+00
5.914409760806096372e-01
6.281140094166657306e-01
2.409517794878004437e-01
3.245890491112113807e+00
-4.318527595825738530e-02
-2.837006038130099661e+00
8.765311030358260425e-01
1.529158737459787254e+00
-1.356597019496670331e+00
8.408393654627088765e-01
3.854581122018233330e+00
2.433335724129701561e+00
3.680791678737982409e-01
3.075595320169819402e-01
2.206067477791612497e+00
-6.611279855211469325e-01
1.632839386401467863e-01
2.723342839272621774e+00
-8.504392838417151879e-01
-9.939250245862831790e-01
2.120945124440600793e+00
5.894665802528198384e-01
-1.737646506702664517e+00
-4.915883875781918988e-01
-3.199198209408250726e+00
-1.682819307157025879e+00
1.632436176583382803e+00
2.735089662153002976e-01
1.868654409836750574e+00
-4.289716754099524465e+00
-7.649300236384615204e-02
3.775278578126684437e+00
2.140680351180741070e+00
1.019375207092966917e+00
-1.362958112125046028e+00
4.784097929088009238e-01
7.371436142496889943e-02
-2.839592827180592582e+00
1.736849187708157771e+00
4.303607961625228739e-01
-2.734499252274168235e+00
-1.534639181988560530e+00
-2.095541709385736695e+00
-1.477994285265087804e+00
9.558068946375222197e-01
1.015769561711692859e+00
1.748023005957382026e-01
-9.070109789629530184e-01
3.012499714418897412e+00
1.503456709861689333e+00
-2.306884263772023935e+00
-1.592867681996564144e+00
1.295017108075455781e+00
-1.175788154555161391e+00
-5.567271018757322665e-01
2.998307627118261820e-01
1.574421314054406551e+00
-1.883299066895769425e+00
1.409086227401847857e+00
3.067453901470024391e+00
-9.475026417264693634e-01
-4.770985286590931906e-01
1.569375920057209939e+00
-8.643577593850082508e-02
-1.742443910283172137e+00
-6.481148414314326089e-01
1.692184660325590784e-01
1.344491073408812909e+00
1.175636192036479066e+00
1.708427286601734707e-01
-1.954452571084688284e+00
-7.553326311861008335e-01
-3.614394696110005967e+00
1.209813888549343908e+00
-1.563600883059891977e+00
3.474975620116147468e-01
-7.490016595667148280e-01
-2.526946158711858459e+00
4.126283884148573833e-01
8.598874776138023535e-01
2.220219048919783944e+00
-2.674553601020381421e+00
5.482132572562905537e-01
6.004583653399464538e-01
-1.912595781099308834e+00
4.564711321925019050e-01
2.120900746154034344e+00
2.059854566474212945e+00
-3.423463172823843159e+00
3.421937887774216591e+00
3.748082458725336963e+00
1.526754982801364235e+00
1.344656412699913872e+00
-2.579615163279957546e+00
-7.174233968265308903e-01
1.639811759891429688e-01
-3.121132985760297629e-01
1.635756925701650211e+00
-2.513615567221414437e-01
-1.482176663607860156e+00
-1.424443710416056774e-01
-2.085571586595791338e+00
1.173834451488902531e+00
7.568495462792190764e-01
2.755827398701189423e-01
5.776035112340753841e-01
-6.282354233768385754e-01
-1.741388163611795825e+00
-3.015258598217608110e+00
-1.522365263610904407e+00
-2.195621855489870100e+00
1.951078841714489975e+00
-1.798738088256596868e+00
-1.743895111557315580e+00
2.874680858660321192e+00
9.420671333478614073e-01
-1.478962569371216063e-01
-1.934294159960722848e+00
-2.342751349027771823e-02
-1.083407910353433312e+00
2.641453804706157982e+00
-2.114090321360402314e-01
-1.394122574678218207e+00
-2.770065799464409562e+00
-1.328650252868047943e+00
3.267706736781656573e+00
3.981292061578400876e-01
-1.844753175887131391e+00
-4.417084092008014551e+00
-1.672016788713699853e+00
8.796111338034284799e-01
2.356192213765062604e-01
-6.636398483116270341e-01
6.278710316645153000e-01
5.948190939247766096e-01
-2.300010307550410360e+00
-2.574063724556074906e+00
1.785373430381266502e+00
5.987048343713317067e-01
-3.358941473270959932e-02
-1.033796738545563976e+00
8.387264057127197248e-02
-2.904529883896658227e+00
-1.154001742083616833e-01
5.983444752582265380e-01
-1.254306000612351646e+00
1.332729209809601301e+00
-3.090284689379920735e-01
-2.229106541377153583e+00
-6.818265547988158204e-01
2.303984352211427833e-01
-1.964887991062912675e+00
1.801784949335868191e+00
1.542951288736337467e+00
1.400394001981110748e+00
1.805518656716587067e+00
