3.334667896978576351e+00
1.897591943732470199e+00
-1.556397654126862484e+00
1.035066050809021476e+00
5.451381382302216139e-01
1.150311319004857502e+00
-6.534782890141386247e-01
1.060557943676291970e+00
1.483388289404165228e+00
3.842456625533868575e+00
4.436874580272300861e-01
-1.082917184019734247e+00
7.547158444901258534e-01
-4.212623981473956114e+00
6.067249515697517026e-01
6.402872739340823571e-01
-4.121309741533942805e+00
-1.231597145220244105e+00
-5.585204798580933883e-01
-1.060960377430086421e+00
-8.055143017485812962e-01
7.746259681400671226e-01
-1.063522675260160089e+00
1.815666511662881177e-01
1.160406157776197489e+00
-2.689827677985578980e+00
2.059309976728915359e+00
-2.020670718404930621e+00
-1.933650967334410886e+00
2.174004895990663044e+00
-1.103118025944990421e+00
1.101510659955384774e+00
2.193968818836815160e+00
-2.694007498538334211e+00
8.001148492101153309e-01
-3.353061185933446264e+00
1.564346342993943040e-01
1.102938465765586962e+00
1.534138297231882220e+00
-7.676256324815602383e-01
4.716408575304820161e-01
1.103154594101031449e+00
1.689776813014452372e+00
3.620198937848121190e+00
6.770375057640274363e-01
-2.873204412533538754e+00
-7.545963538936870663e-01
-1.502943889784329468e+00
8.364253571340114490e-01
1.322270282900872118e+00
-1.141559422730251683e-01
4.309778560196164676e-01
-2.849620872644083036e-01
2.259080297506375956e+00
-1.686924006564155754e+00
-2.461941092903034090e+00
6.228070789453248324e-01
1.134461620252656289e+00
-7.274950663932600037e-01
-4.804647892528226549e+00
8.482761392112276866e-01
2.450997636411549330e+00
6.413228691669150550e-01
2.039153216868844432e+00
1.652468477518662660e+00
7.707656806288571971e-01
1.333211929951873209e+00
-5.149438227459341988e-01
1.376922173740454447e+00
-1.814477390564316117e+00
2.329717911534014974e+00
2.496369870237153066e+00
1.236610752087784704e+00
3.520996198530053078e+00
6.480237711319247751e-02
-6.709399680479553041e-01
5.000000000000000000e+00
5.188639479865813087e-01
2.484418479619954212e+00
3.680252561445591653e-01
-4.910665112803989985e+00
-1.219505293775437593e+00
-1.983394958814737041e+00
-1.822155688865505940e+00
-1.226384596774157565e+00
-3.742825473128519320e+00
8.716136357686465885e-01
-1.817217770457915105e+00
-1.917991891389867476e+00
1.166887484721793378e+00
-2.412014374165765140e+00
-6.611253966857812969e-01
-1.444389518674054074e+00
-2.171774949353117989e-01
2.164195483298250622e+00
1.341920504692676985e+00
-3.890219366703639992e-02
1.868372756640020782e+00
6.869937633389486820e-01
-1.192175614206698153e+00
3.128218862563560521e+00
-2.061724295341209601e+00
-8.698626826086108821e-02
2.172556330419075366e+00
1.897727969797098346e+00
-2.084855135664833714e+00
7.972842751025872587e-01
5.143258244914790112e-01
9.105320508531633550e-02
-2.222092610383827882e+00
1.865386664997359389e-03
2.186278558969689811e-02
2.043411403839087370e+00
-4.809613012904527807e-01
-5.138117598434206457e-01
-1.030296786959601363e+00
-3.276426279161122057e+00
-1.655247862345854415e+00
-7.759454384488266854e-01
3.589799229855012541e+00
-3.568431702277397033e+00
-3.861861410586607590e+00
-1.212103501120822546e+00
-3.290196333656323802e+00
-1.903006854112945234e-01
-7.842775235976047199e-01
-7.710925553324434745e-01
-2.191511562096276400e+00
-7.975481719690593607e-01
-1.317405107200721126e+00
7.795450414277294016e-02
1.197427588089755801e+00
4.208126179494131591e-01
-6.901222822717647531e-01
1.684539602120718627e+00
-1.490864316623210506e+00
-9.301652900554016057e-01
-2.030469544902604895e+00
-1.789427929447509058e-01
-4.221518516096046447e+00
-2.100039349538411315e+00
-3.807578404562903529e+00
3.392309301324399229e+00
-4.852720025918628721e-01
-2.233825363083899340e+00
-1.531935354180996356e+00
3.655647171214555513e+00
1.442602270417333798e+00
-8.977872692407800059e-01
6.455663190898377479e-01
8.651177470457680485e-01
-2.286040305756214863e+00
3.521614487396577786e+00
3.120385910696708009e-01
9.306274577920046198e-01
1.628053799929940482e+00
8.865133005464116422e-01
-8.783741191975806828e-01
-3.455573522924284546e-01
7.117210770709476719e-01
2.894378714898245164e+00
2.787959090772060833e-01
-4.233671385320115554e+00
-3.035860363158023212e+00
1.372136833081436080e+00
-8.734719044996763770e-01
-3.803433987900374902e+00
1.587100552058027247e+00
2.664221028439652805e+00
1.189743012226321284e+00
-1.480419617193817761e+00
1.623241768252851713e+00
2.052551596028635572e+00
-6.870094302408418230e-01
6.062639064653811971e-01
1.259921675861792600e+00
1.919456464548140673e+00
3.608423049784661885e+00
1.913990743713663178e+00
-1.355847495008485559e+00
-2.769187249625488789e-01
6.700817807026950845e-01
2.302974668020318916e-03
8.806954805034994394e-02
-2.185132880250087339e+00
4.966890636605668874e+00
-2.512827701922942136e+00
8.351580866238066392e-01
-8.720445447734981315e-03
2.509594985279415269e-01
-3.054502943811795213e+00
-1.987974702303478836e-01
-4.133000378379794171e-01
-4.370594641920591883e+00
-1.191674286319389431e+00
-4.436328367144959373e-02
1.275320664146509131e+00
-4.629933451368331454e+00
5.035493091611034089e-01
-1.929622972282069249e+00
7.948813212886909341e-01
2.533331778024596304e+00
-1.419947053530582259e+00
3.036877889306182965e+00
2.860409907965067333e+00
2.730856682903408661e+00
-2.934090997659053013e+00
-2.399902234208592944e-01
-1.266060603463762035e+00
1.727757882949543244e-01
6.552466574676074629e-01
-9.685537014448666326e-01
1.140746885234213970e+00
-3.849245154028917870e+00
-2.151641438481828317e+00
-3.125825743613379615e-01
1.116825401651091454e+00
-9.271164313743298635e-01
2.183332027987965773e+00
3.081541340715796551e+00
-7.123258186332970254e-01
-1.715437156410128505e+00
-2.291647437769025686e+00
6.396947139294519857e-01
2.370997259078604813e+00
-1.072009460023898519e+00
2.382352667407654501e+00
-2.973096694485798608e+00
3.897366961838546473e-01
-4.520444631237337418e+00
6.943755149590611353e-01
9.976306113686881361e-01
1.587110678256474117e+00
-3.283037448310386353e+00
3.555473671295146687e+00
3.715227381437477661e+00
-4.017104212777726779e+00
7.717851161836968288e-01
-3.856889717823575481e+00
1.473121640677440780e+00
4.340026892275883341e-02
-9.269381769089157785e-02
4.302587681621584892e+00
-1.443136093812010579e+00
1.979058477551365769e+00
3.663287075732231557e+00
-1.129114593309508141e+00
-1.723450267589950791e+00
-6.154049788280593347e-01
-4.072408167390734413e+00
3.197597879827183576e+00
9.472340233444542790e-01
6.036010507338085418e-01
1.969572960798037009e+00
-1.187944244384356196e+00
2.517078589381327447e-03
1.952244708315400423e+00
-2.245468828766599145e+00
3.866047844043940529e-01
2.326537577027469439e+00
-3.781575476760394849e-01
1.487067821278746926e+00
-4.283934470193475619e-01
-2.432480797395815131e-01
-7.753095927913662422e-01
8.670703385723861345e-01
2.155635067158820917e-01
1.059813859278841086e+00
-2.693712188514871819e+00
-7.010340866647837288e-01
-1.752682880294145207e-01
5.680310161172066330e-01
3.887400135215990815e+00
1.470297766291799313e+00
3.741159211469096135e-01
-3.901293112463211088e-02
-2.872495591480479504e-01
-8.945092782793206965e-02
5.212349822016291157e-01
1.897147291959924154e+00
-3.355347103048360147e+00
-3.977810905924936691e-01
-1.818106713118577744e+00
-1.997814151084982726e+00
-1.225452736102091933e+00
-3.256522644030248603e+00
-9.144133619658454393e-01
1.656206108476496297e+00
-1.511672638902611610e+00
-8.754830928638916987e-01
1.069204612149050604e-01
-2.852545734458693527e+00
-6.969612020581310574e-01
-1.404553061332976860e+00
-2.964627236126515353e+00
2.747165341745474443e+00
2.539479779390292791e+00
1.773310797576645115e+00
-5.880443816161973203e-01
-1.217485187755628750e+00
2.087360761055132130e+00
1.044495586798452003e+00
2.253057481418493602e+00
-1.672240971876505000e+00
7.303388693346519744e-01
6.493633234887248307e-01
-1.912930058097401798e+00
-1.071221781424382957e+00
7.391012451497047664e-02
-1.017244665231595846e-01
-2.129316895523998276e+00
-1.149221475867581610e+00
-1.766052828153699128e+00
1.451476017874466784e+00
-4.899407573948256989e+00
2.372724009193818873e+00
4.186958886264847024e+00
-1.038819484809290206e+00
-1.703825202411106243e+00
2.050844338586896853e-01
1.885617335017883534e+00
-8.299649113234961462e-01
3.033078906853274859e+00
1.657330053134619341e+00
1.111973014448430774e+00
1.635645942719375689e+00
-1.370154494440816162e+00
4.067451604542355881e-01
8.516927099429425496e-01
-9.026889311911290292e-02
3.449621819240666909e+00
-1.638566664772248771e+00
-1.796888232343434311e-01
1.540165928156729258e+00
-7.517679334565698923e-01
-8.393546660783082203e-01
2.088852282638242741e-01
1.717149331141555102e+00
8.150824372889964309e-01
-2.600199091257997974e+00
-1.116051668383106321e+00
-1.453835136874965350e+00
-2.406989912602695014e-01
2.982575011625376860e-01
-1.393182772668002833e+00
-1.841879493912829346e+00
3.529148976477090471e+00
3.459484662617809292e+00
2.751255959038858556e+00
2.055148775936920913e+00
-1.046823586715550647e+00
1.996679287114755397e-01
2.199785540683718565e+00
-1.894491530554836878e+00
-1.981943639514296418e+00
-3.799479148814954854e-01
7.306172697285706619e-02
-1.194962692593104947e+00
1.107681661622201830e-01
8.596282289719354708e-01
1.134442297001667654e+00
3.997418330598243585e-01
-4.425682163984554052e+00
2.639421737581906235e+00
4.932215649524245293e-01
-2.815842071810165770e+00
-1.302897194450949314e-01
9.941054251677750031e-01
1.818429016755987782e+00
-1.110398641317973389e+00
-1.068114211832397853e+00
-5.991038820119936048e-01
-2.157581924522844474e-02
-1.927426517010824014e-01
2.558675487614512356e+00
1.928612580890689543e-01
-5.848734103831212394e-01
-3.407299587339815972e-01
-1.267005184313130250e+00
-8.731469129448488076e-01
1.471139985960670415e+00
1.447899538914354522e-01
5.292127902212087065e-01
1.192582490663465222e+00
5.573875996197719118e-01
3.204234096475531146e+00
-2.495216714181240913e+00
2.747921315849009005e+00
2.730125104292524085e+00
-7.068051627914133661e-01
-5.174114104336693387e-01
-2.997615788600407338e+00
1.104282553588982196e+00
5.884142511968875056e-01
-2.336730318013735541e-01
1.929887500427986957e+00
4.572891831339020996e-01
-2.786117574467215086e+00
1.161982491673798634e+00
-2.793928877515312603e+00
-4.135410715626877121e-01
4.136506022377499647e+00
7.570478327442575761e-01
-1.967516652320568937e-01
-1.758632820935411178e+00
-7.319315907747938610e-01
5.976547356012673617e-02
1.464144670364452949e+00
1.988091371028877674e+00
2.802455521150568174e+00
4.144085466827149844e-01
1.834713355247085786e+00
8.193165782666369523e-01
-1.494097526600910442e-01
1.801088423324812560e+00
1.082301555382899849e+00
7.128488392675871310e-01
-2.307834530676441176e+00
4.618119903248185665e-02
-1.064311105613499286e+00
2.754845121610341785e+00
4.132370226003869718e-01
-1.378790873305274722e+00
-8.368004164670992395e-01
-6.004328067485955600e-01
-1.969574958836154188e+00
-1.400539899170285540e+00
-2.512293685831059609e+00
3.975328119269860849e-01
-3.315175498274077981e+00
-4.451123356168817935e-02
4.206084894693466580e+00
1.158843374508905733e+00
-3.697217303623006934e+00
-2.169972467914681680e+00
1.442623325705362447e+00
1.754692322991266984e+00
-8.569013056741781043e-01
-2.290413550183625357e+00
3.301042268027657656e+00
9.719193073483900491e-03
-1.278956580001384680e+00
9.137799974925373547e-01
2.908432248886985150e+00
-1.757719848818598329e+00
-7.995067821560262189e-01
3.133771640480652820e+00
1.448773230306191095e+00
2.608715880112873364e+00
1.984240266442771627e+00
-4.219759185186865658e+00
1.006602567907322054e-01
1.654990147456471661e+00
5.125154881017905950e-01
-3.151001164149835887e-02
5.030556103040790816e-01
-2.322596903111481481e+00
-1.726072411957905395e+00
1.750908988843633551e-01
2.648120643035656308e+00
-1.985531932789470488e-01
-8.535508732371024365e-01
2.926181146682191425e+00
-1.453567213980013761e-01
-1.232171799751299091e+00
1.212326036177118205e+00
-2.405754546093334501e+00
-1.862472977917653871e+00
1.241737933303403985e+00
-2.707503963968949101e+00
1.359776919030557529e+00
1.844429819532504844e+00
-3.845680254159038469e-01
-3.311558800138711955e+00
7.508954090956674321e-01
-8.196391064799524173e-02
-1.605274257205469013e-01
1.963833071710006095e+00
-3.395061637659576803e+00
-4.435856048664460261e+00
-3.674057627474347054e+00
-8.881834772955397028e-01
6.536177019175370972e-01
-6.490390132796797218e-02
-8.300147415541578866e-01
1.240278708972875066e-01
-6.538878914233343664e-01
6.495568486584151202e-01
2.075422139295368673e+00
-2.234255910111764276e+00
1.404715826978062410e+00
4.710260616616427143e+00
2.703339086586122875e-01
-1.119806804445338422e+00
5.084898563089979007e-01
1.669867957647458212e+00
1.867898962829961818e+00
3.086139524400330458e+00
-2.166904793023716191e+00
-1.321090600567318418e-01
-7.382096859205855566e-02
-1.251619007943195250e+00
-1.312243470662886047e+00
1.778644442147754745e+00
-1.144450055971142799e+00
3.337962007433699085e-01
-7.077087274301323561e-01
1.188600780657617761e+00
-9.242385219402180496e-01
9.077365980264762158e-02
-9.791137396890681188e-01
-5.746731825941404637e-01
1.196081672854749200e+00
