-1.264248206243263617e+00
-3.975695237243126456e-01
1.565298559911777687e+00
-9.518936623144371723e-01
-4.928978734065792011e-01
1.805221095330427517e+00
-4.638229113181679963e-03
-9.604662847137888093e-01
1.018699994970253542e+00
3.778590766496314757e-02
8.527459676956308243e-01
2.652910558900209992e-01
6.528923295927935300e-02
-1.695836473629409369e+00
-1.887984361154371626e+00
-5.490613145285463403e-01
2.344073434568125336e+00
1.797575068105750518e+00
-1.340366559111538791e-01
1.027915358536310997e+00
-5.349775317726983559e-01
-1.334018706673036903e+00
1.419409879343183079e+00
-1.104555923996008104e+00
1.808211569618142889e+00
3.521451287203003488e-01
-1.445262530824686475e+00
4.431883324253460543e-01
9.331275854440157502e-02
2.354971310817934871e+00
1.423211573022164167e+00
8.187721261431697428e-01
-7.061221373198556250e-01
2.146697476049808095e+00
-3.775963833393145563e-01
7.651319836722496603e-01
1.110936665904755927e-01
1.078992549783581723e+00
-7.882149137282503659e-01
-1.198965748826230637e+00
1.108318658340486706e+00
5.090259129826293361e-01
-8.173995418440913596e-01
1.741762843448348974e+00
1.703643723585919645e+00
-1.790399353325742737e+00
-3.412760921304727191e-01
4.845395086216095493e-01
-8.769448426677506347e-02
-1.651802198573167679e+00
-2.816792786316398178e+00
5.250178874915123473e-01
-9.205962230529989299e-01
1.059894027991744814e+00
1.165121857606385980e+00
-8.447978285747792526e-01
-1.296646654261671028e+00
7.422907343014077952e-01
-1.904404144747644523e-01
-1.076735798116089882e+00
-1.568335210340325858e-01
2.481847506185363983e-01
3.583884114932311959e-01
-3.025339664706364395e+00
1.005176145413910760e-01
1.644948885862934418e+00
-4.291263551663373477e-01
1.835546515086628361e+00
-1.267170013518979843e+00
-7.229054509864178968e-01
-6.686205761419179439e-01
-4.145850548993532669e-01
5.251400117993521022e-01
-2.030572054001764659e+00
-1.521140804399836455e+00
4.764475218456878380e-01
-1.179992195602719285e+00
-1.936449486092164385e+00
5.629936942042075287e-01
1.033213866256970093e+00
1.180856058211031012e+00
-8.608627710689225054e-01
1.193725534719622949e+00
-5.626332494179848709e-01
-2.918430844913508793e-01
7.000324224445639842e-01
-3.325497092498972407e-01
7.225654162945289727e-01
1.182414752691908433e+00
-1.361396452600298623e+00
-1.719855276615682715e+00
-4.649759157261721398e-01
1.646689482499994028e+00
-9.034704352263913663e-01
5.993328480106914213e-01
-3.524719095414319270e-01
3.272481610082849102e-01
3.392161474493970985e-02
-3.032949284593913220e-01
-1.880244825447412449e+00
7.120634940214367603e-01
1.181756138389453703e+00
-1.034650545965979163e+00
1.815042330944964810e+00
-2.036569658141169192e+00
-7.561889709748861321e-01
3.053291198137717544e-01
2.114513289242781369e+00
8.383920048535777880e-01
4.808994004876741002e-01
-1.472005927388487123e+00
3.308999552948543865e-01
2.606358224138975999e-01
-1.352509849039837064e+00
5.976976604723418518e-01
-4.191456118633682948e-01
-1.483886066505320400e+00
8.300998948234150632e-01
-2.620323703959055450e-01
9.447533722698233660e-01
2.160931423678515984e-01
1.913985390805126308e+00
-5.026465788885587926e-01
4.208487587005471653e-01
7.850194869656785812e-01
-3.002593254334286144e+00
7.374593650297134317e-01
5.865671468204709527e-01
-1.374468591034612164e+00
-1.371616819898511253e+00
-2.742072172812868303e-01
2.584654520596696869e+00
7.811295617805233960e-01
1.046254623141687823e+00
5.656053610098465967e-01
7.399195247618894911e-01
-2.901973083788522700e-01
-1.121681915050825040e+00
-6.225395734473009313e-01
2.210795935487315234e-01
-4.584173515539626820e-01
-2.159334878841386640e+00
7.100008386721379239e-01
1.558959735631209043e-01
-2.875227026521812945e+00
-1.489259088992096469e+00
9.650061807191301355e-01
-4.797116614256573541e-01
-1.831536689281913599e+00
-2.198879592419136220e+00
1.283160473804461965e+00
1.071855030200650205e+00
-8.795223399563774080e-01
1.747156862637508468e+00
-5.148778805439917505e-01
-2.421012736223992157e+00
2.550418885793009238e+00
-2.391608351185626979e+00
1.294499505053686050e+00
-2.265790891983856525e-01
1.954846308293491930e-01
-1.700472327950647511e+00
1.621582549192693179e+00
2.288301133381400732e-01
-6.419668143128580695e-01
-1.186572758177375508e+00
-3.850503680698649234e-01
1.026286703980883175e-01
-3.895542080456060319e-03
-8.623969014880490391e-01
-1.631337601606213106e+00
-2.410983919244806373e+00
-1.498589145950128820e+00
-5.652197699269798647e-01
1.215879951049593899e+00
1.417994492704426790e+00
-2.283334577327096326e-01
1.439544500102638125e+00
2.100128019646316346e+00
-1.854851700355020228e-02
-1.392811200564169738e+00
-5.165248247375462398e-01
4.385541944416129212e-01
-1.173116019754623096e+00
1.751386389929310283e-01
-2.262293776979804605e-01
1.034176899953180850e-01
5.805764969361177918e-01
-2.919816720313929359e+00
1.419454273909873443e+00
-2.893551676864056788e-01
1.524644395019477905e+00
8.994383160886645356e-01
-2.289040982125130519e+00
-1.428947145284060305e+00
1.159298193199279403e+00
-9.918485056755699247e-01
-3.068548581046739443e-01
1.096225119701279560e+00
-1.193229345926671847e+00
-8.713209460577076015e-02
1.343440805987995645e+00
3.228309938694582826e+00
-2.182394779590204337e-01
2.911140876521391974e-01
2.529476325825533500e+00
-8.151298580095902580e-01
1.025120194595761092e+00
3.749068336088026143e-01
-1.214905389901962174e+00
-1.017002691402741021e+00
-8.718188748330479854e-02
5.634396851047238641e-01
2.808747645152687156e-01
-1.308819735538607532e+00
-5.491558009959138786e-01
1.330802069941183774e+00
-1.534686223538652694e+00
-8.593528285815414947e-01
8.904826902121696364e-01
3.924409277532241447e-01
4.928791543665722585e-01
-9.656081726466618775e-01
-8.624782252582807729e-02
-1.995096123858530746e-01
2.160610486036729228e+00
-1.977909908958086938e+00
8.785322650464983951e-01
1.170494571192829625e+00
2.243478090249382717e+00
-2.951717242838656219e-01
7.804533063839205198e-01
8.928083683905185808e-02
-1.128569665149328216e+00
-2.982205906175844135e+00
-3.487066673224701319e-01
1.744774359293566057e+00
-5.348803121980694186e-01
-2.318137988568755858e-01
-1.622104108318715987e+00
-1.633092561892115047e+00
1.027019324684226298e+00
2.680179442944538692e+00
7.380142417973427627e-01
-8.272358141302538215e-01
1.459777592771640542e+00
8.071924690277620940e-01
-6.744258499767319393e-01
-7.869296726390047070e-01
-1.144466018860923917e+00
-3.775944410274965080e-01
-4.335244776452915616e-01
6.267062496426012430e-01
-5.504477656256270279e-01
-6.363812097817405089e-01
-7.482955171397778216e-01
5.866996923568814637e-01
1.315631260141998382e+00
-6.799327042993574821e-03
-9.103955074474967546e-02
5.615504698286466478e-01
1.395534421901527544e+00
-1.895318911186743449e+00
1.471467596252567844e+00
-1.478919344457599649e+00
1.686431080262980053e+00
8.599436438243310832e-01
-4.147002967898849590e-01
-4.352366196693076006e-01
5.014191318373395490e-01
-4.831556895564750320e-01
-5.142971507635731854e-01
1.055563256479310041e+00
9.123467938746943062e-01
1.086957609715231143e-01
1.756375362506742199e+00
1.839998948647290078e-01
1.307377277265152848e+00
-3.967872059856934364e+00
-2.608636849554851089e+00
-2.206865641710211268e+00
1.675821004199555375e+00
8.094707224028283576e-01
-1.034229667167120503e+00
2.434434904266682409e+00
-5.802029739659033680e-01
-1.278867253278268556e+00
-3.891473072108517783e-01
3.034116899923846589e-01
-1.581058162160626779e+00
-1.968105853204680233e+00
-1.133952376586844224e-01
-1.385116555429473983e+00
1.636137447735968919e+00
3.814622274355361498e-01
-7.583851161523549322e-01
2.827960834080389674e-01
-6.617339643873005883e-01
-6.289470551678739696e-01
-7.776457660506093106e-01
-1.448352488411553285e+00
1.987017394680830051e+00
1.882767509550808960e+00
-7.979914071104428075e-01
7.055185942406190236e-01
-2.290594221765882565e-01
2.249310779194360066e-01
-3.151166667277891520e-01
-2.069618481125178100e+00
3.256421981809118904e-01
-8.217923544591574370e-01
1.727219343114364314e+00
-1.997052384934847602e+00
-1.193705041228451336e+00
3.289224917870825493e-01
1.137966237869204811e+00
2.778787676108898097e-01
4.180052017531634689e-01
2.263884554299313123e+00
-5.192319180149302937e-01
8.214895936864241577e-01
1.203622909387603634e+00
-2.193486069438961295e-01
1.779852535833304827e+00
-9.459105914304721807e-02
-1.268927237678263431e+00
2.013262821385907841e+00
-7.472835216457420771e-01
3.539877559615888458e+00
1.210026254488516528e+00
-1.358464987644704358e+00
-9.443141085951101132e-02
-2.318536693483379540e+00
1.127987858575317581e+00
9.171675384152688792e-01
-5.445940380898797173e-01
1.090418551033617511e+00
-1.059065134665591490e+00
-1.492341216691209560e+00
2.140852667447998847e+00
4.651063015154814906e-01
-6.439804339358454754e-01
-1.420268888384339068e+00
2.839539114813581122e+00
1.797583479699173203e+00
1.306883323785709372e+00
8.941344261667332205e-01
-2.242755874176598496e-01
6.426784176585176311e-02
-1.109359829790998120e+00
-4.220817224333170969e-01
-9.333883081420246697e-02
-1.239032942541035798e+00
-2.449798621451853009e-01
-1.202667480816197454e+00
-8.196259667816301331e-01
1.097926440904682721e+00
-1.328114395217158794e+00
-1.455170436077988239e+00
8.410377685980297002e-01
-6.702279018912875586e-01
-4.476696570569442812e-01
1.271001760109826684e+00
4.760743281512240799e-01
-1.052355936759129307e+00
-2.217313729745137074e+00
-1.189553496999844473e+00
9.887398540647254208e-01
3.310183948439249235e-01
-7.216034950976677464e-01
1.979363368093258302e+00
1.875171667595885161e+00
2.119211464399095135e+00
1.223436557480559017e+00
-8.218382418864589312e-01
2.303032896305531096e+00
-2.136148955022827423e-01
-1.059400973117133660e+00
-2.743055983515454432e+00
5.662000606050376916e-01
1.448202584879609844e-02
-8.119294397076650682e-01
2.158849064298971498e+00
1.314970351733038001e-01
9.181687191742193832e-01
1.419663540460898155e+00
1.776453700684726300e+00
-4.997062421651392583e-01
2.076653577295612507e+00
5.806329512869048415e-01
-7.424046395758363559e-01
1.843375915366465279e-01
-4.119650650299542249e-01
-2.207858260622535873e+00
5.391346747263430217e-01
-5.832731253414404904e-01
-1.586175638188818127e-01
-8.275766571943954375e-03
-2.995957689051538253e-01
2.882229614392901595e-01
-2.141656407612655411e+00
5.934810730158268655e-02
-2.215061792048249600e-01
-3.085363701167249673e-01
8.570837322515689749e-01
-5.718240680844806079e-01
2.545687438427890470e-02
1.081680781026731708e+00
3.075147822654686891e-01
-1.600587939761156875e+00
-1.391758994027650242e+00
5.844673444647288107e-01
-6.415415313830719057e-01
-8.065691973112194546e-01
-1.162201552298813834e+00
-1.115192611980311277e+00
3.741845439864626144e-01
1.826395013421056035e-01
-4.341924852858243256e-01
-3.675915706146337669e-01
-1.934952975162539168e+00
6.901327721359260536e-01
-4.301892175043757760e-01
-5.745572895527493174e-01
1.054852658093297535e+00
-5.266063028837306703e-01
-2.087960114430771341e-01
-9.698920448908010528e-01
-5.402814135631750503e-01
-2.303271671306299506e+00
-1.830740422630530162e+00
-3.757873150915118643e-01
2.129340328158804141e-01
-1.046956313872766220e+00
-5.288665921876116727e-01
3.212766797397479834e+00
5.043123668566940054e-01
2.474377602622634953e-01
5.513937559208876849e-01
-7.022796207958661441e-01
-1.527320882466833840e+00
-2.448508519441899178e+00
8.733220262770267084e-01
9.595951072581208052e-01
-2.855876356858816578e+00
1.462336431020784033e+00
1.588858758781521274e+00
-1.808194454515233751e+00
6.410103179355353120e-01
1.946032278167486140e+00
-6.087731325330807408e-01
-1.983221400668602641e+00
1.518857498919286009e+00
9.914963892176578142e-01
-9.865692222241850828e-02
1.890330773386631691e+00
-2.030852811158916360e+00
-5.706287651568118235e-01
1.383811846774754883e+00
1.923146129574693219e-01
-8.885548346951814835e-01
2.582908785290358722e-01
9.447464873046031997e-01
5.551730931345177922e-01
2.422267250049649157e+00
1.355146681031516032e+00
-1.802764654661483945e+00
-6.619815522294292265e-01
1.260928481923238031e+00
7.213274701890881602e-01
1.811096873855704281e+00
-3.022437161689541352e+00
1.309005907871894969e+00
2.602372440037719059e-01
-3.428037290300065543e+00
-8.642794760262431097e-01
2.662943387420972030e+00
9.875539311047178970e-01
1.683871207515512225e+00
7.597607143320770362e-01
-6.685990279674580705e-02
7.404900848514088807e-01
-1.450873019535636743e-01
7.134106957489620982e-01
1.093481999813674221e+00
1.449423747740401502e+00
2.564292177674367679e-01
3.685717655284310723e-01
8.718892423381223722e-01
2.332207590275339193e+00
-2.876949924378635615e-02
4.445788032461761574e-01
1.156423896956012776e+00
-2.826202907535195763e-01
5.287491659328482640e-01
-7.222451245159566824e-01
9.776674226900574638e-01
1.758039904409747223e-01
-1.993297726153908211e+00
-1.363198176531987826e-02
-4.434964805629801887e-01
-2.199603868796962125e+00
-8.783852973218371218e-01
-4.444945716314903095e-01
2.072624769568358616e+00
-1.800290348723784462e+00
1.049491863729892671e+00
3.130693152010248781e-01
2.276548896550043111e+00
9.786468273902286796e-01
1.706887260552965024e+00
-9.158332479034108076e-01
-1.636669092706100059e-04
