-1.335589538532646614e-01
9.229376663691866156e-01
-1.272443347353892751e+00
2.454238064462233915e+00
-2.938288710151903960e+00
4.701605204931471604e-01
-1.681912542171157821e+00
-2.761263624304939768e+00
1.501324795716364235e+00
3.437322171118900371e+00
-4.459369028787945055e-01
-3.180629205690133077e-01
-1.494782712251044643e+00
-2.797759122896913198e+00
-2.411437845485169262e+00
9.615633265836942556e-01
1.900926652926759886e-01
3.241789978310681164e+00
6.185450738707931606e-02
-4.411965233984549428e-01
-8.143297114021086358e-01
-6.465565766398846392e-01
9.618208562748433721e-01
5.643635352999876176e-01
1.308833268936267835e+00
-2.174617716489213315e+00
-1.287060690043434263e+00
-1.625582289405416603e+00
1.437183178822532881e+00
1.160653339033729026e+00
-1.529000744285949231e+00
1.207564422773510060e+00
-2.641961345623682345e+00
3.931232191648241781e-01
1.332922426622870304e+00
-7.607444298352037393e-01
-4.751410825744804001e-01
5.594012891738664450e-01
-6.185188732613848828e-01
2.638052887866138008e-01
-4.107097279950711055e-02
7.905055197544488266e-01
1.191707578456798089e+00
-1.205132669898292264e+00
-1.144884035380052900e+00
-2.486075753218960571e+00
1.114878254916996880e+00
-1.452877789078085957e+00
2.216542462230033372e+00
-7.672918458211457349e-01
3.244081704730303883e-01
1.005649393703031080e+00
-1.771864077609253130e+00
1.884570132659206365e+00
-1.614971439226327021e+00
-1.957017969375195676e+00
-9.143746317488332664e-02
8.686536021909248007e-01
1.643028147761529389e+00
-3.014278272350801036e+00
-4.878003365384788736e-01
1.470813454770345530e+00
-7.549608880052973703e-01
-1.333995494362372192e+00
1.833739310194724581e+00
-8.054041989473681440e-03
1.871633951652178496e+00
4.519129692329912018e+00
3.135291693867472418e-01
-1.173495962402580250e+00
-5.845854876624372309e-01
2.377973354678262652e+00
9.437237127796809233e-01
-3.674821721315906231e-01
-3.403252667582606250e+00
2.551462063876067887e+00
9.298756824319305281e-01
6.766303203405037436e-01
1.966740663978593595e+00
4.297233248983767240e-01
-1.788900825909180092e+00
-1.996369475458539267e+00
1.228778808286393520e+00
-6.462801353217040301e-01
3.536349346936020765e-01
-1.416700774617991598e+00
-3.288582301314955103e-01
-2.078840533839541038e-01
-2.819873085094748433e-02
5.400145464125927219e-03
-3.583682768692059817e+00
1.346118243753076094e+00
-6.878807562498936434e-01
-1.488385514867590409e+00
1.137197419967912460e+00
6.151008320066040369e-01
8.532987555132907076e-01
1.746135427995678668e+00
-2.221613038489449909e+00
-3.039323281694747969e+00
2.496831728634102632e+00
-2.689835893179441939e-01
-1.494515630777947912e+00
3.004601460450974315e+00
-8.989930288269896153e-01
-1.463612553697481999e-01
-2.012571109622482979e-01
2.355425702369878138e+00
-4.795696454374533957e-01
-1.977293704441311917e+00
-1.157025384815177027e+00
5.168380535724086400e-01
9.246508957277930207e-01
-3.759771528105098071e-01
-2.815754280837575507e+00
-2.226977642982126415e+00
-2.385010920751855501e+00
-2.456279577015924698e+00
7.824297651359612971e-01
-4.022714703312528783e-01
-2.472404939069810403e+00
1.239064500199500429e+00
1.476089802625937253e+00
-2.503610622032645949e+00
3.788304909568251944e-01
-5.449263262991506096e-01
4.165279001313972884e-01
-9.352832655297715903e-01
-1.337220599391224507e+00
-1.564161771144370050e+00
1.186631442287845672e+00
2.212261112880335112e+00
2.587661656758015738e-01
1.491060428782269298e-01
-1.461782925665096045e-01
1.975315852148553653e+00
-3.427116253929221035e+00
5.187608641472607474e-03
6.651184763912540987e-01
-1.541644908108645851e+00
-1.498086836333367700e+00
-3.378283184411885465e+00
1.570201321374358194e+00
-7.573913542476571337e-01
-3.349270126551751048e-01
6.671809077573698232e-01
7.471758984291678729e-01
1.949346598048534496e+00
-1.036694954290313664e+00
-1.530701823338443290e+00
-2.046713346096221464e+00
-2.489593564104521928e+00
2.611463692770414013e+00
2.364278959065087449e+00
-1.812668414159079866e+00
-2.414235388151908523e-01
1.062830145180133634e+00
-2.626615100347700960e+00
1.945809191758989698e+00
-6.458306725089579814e-01
1.932032113768999970e+00
-1.454309984809871281e+00
9.579833441630114521e-02
-2.989935240328172483e+00
9.935257127918575293e-01
-1.726117450026516842e+00
-1.763610289879696147e+00
-3.089500535665665737e-01
2.860563064797614352e+00
-2.555140815242111785e-01
-5.600245011424140884e-01
-7.576466364110538976e-01
-1.890192355704901850e+00
5.422798894694880190e-01
1.594441369481769399e+00
2.767815080333218880e+00
-5.829312400114696757e-01
3.397855247857584970e+00
9.577586905906390058e-01
4.200560753043802720e-02
-2.068735773260993227e+00
-4.081337963886895182e-01
-2.419031944328096984e+00
2.179546359174135972e-01
2.392704610034539492e+00
2.513742719195201758e+00
3.834257211762270856e-01
2.297064991130032041e+00
-7.865894557798105424e-01
-1.658752581138678295e-03
-1.035657788205250007e+00
4.750575206062794820e-01
-1.642883162593574031e+00
-4.498045815729739161e+00
-1.202773719935323893e+00
1.492367288708940976e+00
-5.761447198745166531e-01
-3.656820706024406675e+00
2.905565073332478931e+00
-1.491260857459417721e+00
-1.253630789860742833e+00
1.988227711754676719e+00
4.713415329784425012e-01
1.327978021614020676e+00
7.584590601738430138e-01
1.875728694338095082e+00
-3.965053038563004062e+00
1.895479880571373954e+00
-9.541613419373211613e-01
-1.337663611748143300e+00
-9.485318244874862970e-01
-2.253078608522103288e+00
-1.634419680768232297e+00
2.028536071819902808e+00
-1.697608516819848479e+00
2.191144094226702421e-01
3.221890148432715151e+00
-4.013936795381738420e-01
3.292951744346657605e+00
3.527021388018063419e+00
2.289606124482363114e+00
4.153913402964271029e+00
1.889743260340139841e-01
-2.230905097249957780e+00
-5.693368946630581462e-01
1.977724914377123611e-01
3.511634156156517861e-03
-3.285023892658109901e-01
2.145829214120169581e+00
-7.327876780544038127e-01
1.994888004347119548e+00
9.131613504733486764e-01
-2.600940210564059996e-01
-2.997814845799004146e+00
7.599435099907516644e-01
3.085498501671935401e+00
-4.730635896038997146e-01
-1.063455853060142786e+00
-4.345062194396004607e+00
1.097941807374402501e+00
-9.746661009187125302e-01
1.305374967034575562e+00
5.000000000000000000e+00
-1.191568086357026601e-01
4.473038430035671809e-01
2.514447951411642457e+00
-1.467549373729033491e-01
-2.097086741230926865e+00
3.703398035725218307e-01
-1.105822760614361133e+00
2.331077766128767159e+00
-2.596063006383886318e-01
-7.549602988877683885e-01
1.023329440358744513e+00
-2.836502037081151784e+00
-8.460278642100629298e-01
1.763952459941221740e+00
-1.810963662927846940e-01
-1.725272046934716030e-01
2.207408357703126711e-01
4.120741505114553505e-01
2.222605719274883818e+00
-1.816390484053603149e+00
9.530471263169406626e-01
-2.734708639370246885e-01
9.565194308227598086e-01
-7.063359347236461971e-01
-1.062984439274308635e+00
-1.205524482655810914e-01
1.074726354006383389e-01
-1.060687944741107280e+00
1.092419126373433969e+00
1.716018036342541464e+00
6.581535765973232088e-01
2.714527669680903976e+00
-1.884732534775548363e+00
1.089363315411786104e+00
6.214183536816175746e-01
-2.272626128851916505e+00
-4.315341613289893630e-01
-1.339960713052198216e+00
1.789875355210455155e+00
-1.751785812506633455e+00
-1.847550002381805001e+00
2.955170595852045778e-01
-1.905142054084831837e+00
-1.499088956210314905e-02
5.767467461775073190e-01
2.891605030450136837e+00
1.043905050653428646e+00
9.027228431104150630e-01
-4.454985031781851568e+00
-1.993955713814541397e+00
1.941829011992599163e+00
-3.222151376468153749e+00
3.321191566652766269e+00
-6.983891571889984107e-01
9.522121950252859790e-02
1.625157367210857906e+00
1.300908218685479234e+00
7.806363563553819773e-02
-2.075748088312483475e-01
1.350629190564323068e+00
-2.411095233296622453e+00
1.640807558372435970e+00
1.482087933546496927e+00
1.297124502990012473e+00
-1.925353387538088157e+00
-1.401429565307141800e-01
-2.226943299057011494e+00
-2.387256743352565103e+00
-8.012764020141993626e-01
-6.155169814739540612e-01
-7.855205239869516021e-01
1.956901551195597833e-01
6.968989620348846614e-01
1.151640171324078921e+00
-1.212114457380614851e+00
1.678947749696795277e+00
-9.531290792639275367e-01
2.225035343895857665e+00
-5.257297664198397058e-01
2.456394430554295738e+00
1.846298103302608240e-01
1.710766015339917345e-01
-1.344922217983150148e+00
6.484930582102164109e-01
2.862070377967187440e-01
1.838881767091895547e+00
7.419197225390465888e-01
3.618643749306061252e+00
1.434249104538011466e+00
5.766482157426766619e-01
1.962902058936414562e+00
-1.149554284619572542e+00
-5.271996217985508437e-01
-8.410958784891562345e-01
-7.610909335239099960e-01
-1.153615774752827061e+00
-5.609531386319419610e-01
-2.293861238540162883e+00
5.199524857889787910e-01
-2.001996527817508476e+00
4.357121601315565584e-01
-2.053258756669992913e+00
2.246507563636273019e+00
1.617274538699441599e+00
8.878380885320868998e-01
-1.921795915394000076e-01
-1.242420093953548133e+00
-9.924722432279224904e-01
2.886765052777404250e+00
8.907729092546468053e-02
-1.198108921838488161e+00
-1.134940644693271938e+00
8.666609144106374174e-02
1.368654090651705957e+00
-5.737533076243002128e-01
-1.936284465195989846e+00
-8.519738738756368335e-01
-2.514712884626373768e+00
-6.338292557655655912e-01
-1.284675536106918425e+00
1.647539707115023511e+00
-1.048343209650867358e+00
-2.943289894159085485e+00
1.049110493865436311e+00
-4.519259458112925287e-01
-9.563496298061036072e-02
-6.026441115853060637e-01
1.527333916518564649e+00
-3.603587202935667477e-01
1.213745806414689987e+00
-3.232759314505706527e-01
-9.902920103852199674e-01
1.942821108951660491e+00
1.025026357510804509e+00
-8.497455189164959677e-02
-3.061896025005696131e+00
1.794537727160974150e+00
2.578477563155443519e+00
1.729598886847267813e+00
9.255181503049048075e-02
4.385657013936183901e-01
-2.151300191347843338e+00
1.885479366871944507e+00
2.242413704810612529e+00
1.780120984937948236e+00
1.975403590538116205e-01
1.027765553161323453e+00
9.189076523759194259e-01
1.457167596367989759e-01
-1.288860862800289109e+00
-1.173958871758496336e+00
4.038467859806669225e-01
1.788687356534883754e+00
1.164807700782038324e+00
-3.588253305174236019e-01
1.155274029303724248e+00
-1.563698011940415356e-01
-3.680981685966813188e-01
1.969714929769778244e+00
-6.381701406793505171e-01
-5.442153164872873816e-01
4.198589333790083700e-01
-7.830734636743059696e-01
-7.552436670755877657e-01
3.230808423796139195e+00
2.924309609497609763e+00
-1.671796710145083242e+00
-5.116667364896434478e-01
3.795182791000684119e-01
-1.473371046830022735e+00
-3.872059020650500116e-01
4.287803908241585304e-01
-5.393781148000478254e-01
-3.592649942000736285e+00
4.385347872842544348e-01
7.672951499542435272e-02
-1.635428292834379072e+00
2.157778266036766368e+00
3.148827818567491832e+00
-1.010169033758253399e+00
-2.043127289465767049e+00
-3.607463487958437742e+00
-1.102634116460736724e+00
-7.293658908923053019e-01
-2.672388240105876722e+00
1.030225113473431264e+00
6.364245529481182828e-01
-1.697025059818910719e-01
3.932384776024024475e+00
2.480652093531122482e+00
-4.958144486656914651e-01
-9.584403571660429222e-01
6.018054365331444444e-01
2.877823638582910348e-01
-1.913932714977688576e+00
1.044616100543551696e-01
1.278751276860299768e+00
-2.716054168487177733e+00
-2.359984096410716603e+00
4.673816551866138980e-01
-2.261158802707639026e-01
-3.001878368644284478e+00
1.745703157694538099e+00
2.309427087261612499e+00
-1.294478040348716608e+00
5.294960011016955903e-01
3.101894756959334032e+00
-2.667043844586327594e-01
1.387783546718801553e+00
7.696947638677471559e-01
2.382436816313009409e+00
-4.689974356728781046e-01
3.288973067613909507e-02
-1.965584318210161996e+00
-1.216703054036136322e+00
2.414978530900613762e+00
3.130993603137239845e+00
-2.019703161674505587e+00
-2.392585068517317559e+00
2.261742723478493922e+00
2.074024815041775049e+00
1.319293737698417068e+00
2.957482671269781704e+00
-1.903205901769966513e+00
1.216728788567381869e+00
5.039715556980484124e-01
-1.899988770793576975e-01
3.675961775668961096e+00
-2.312362147902995435e+00
-4.570644466392170813e-02
-2.928304418800951492e+00
5.449223275326300353e-01
-3.867694270681212743e+00
1.604008083275243024e+00
2.239546478247788741e+00
-1.909536711350908078e+00
-1.871879217121203975e+00
1.829310930747984010e+00
-7.226511313374306411e-02
-3.547776998378400659e+00
2.191067877233092709e+00
1.149615855401091125e+00
1.900443997529528417e+00
-8.834159923826110372e-01
-1.450465085308234592e-01
-1.257816721448905106e+00
4.632807173277919688e-01
-1.214254816659457337e+00
1.888909109758020399e+00
2.967094878753220755e+00
4.672819065972344532e-01
1.101536441932447374e+00
-9.289016550325719379e-01
1.006405373984432750e+00
2.849976366491095980e+00
-4.498083617137878853e+00
2.867795961647601644e+00
6.591817318387853675e-01
-2.607764008715603765e+00
-2.224663016174075469e+00
-5.808140655727536128e-01
2.060259876984882332e+00
3.290816371619680325e-01
2.797837679969372715e-01
-1.201502247395962897e+00
2.413833800556064446e+00
1.975716947184936956e+00
-1.327533314096450923e+00
-1.181266221838246810e+00
3.396005027187989356e-01
