-8.839307725852147968e-01
2.342111880067400342e+00
-1.061208533648876351e+00
1.166865722131805505e+00
-3.162122840898036635e+00
1.142191142714208851e+00
-1.004620826325988148e+00
-2.548292527687987530e-01
1.498894829983102639e+00
2.500137173003198043e+00
1.325990039347615834e+00
-3.117697194515258730e-01
-1.014242719241882806e+00
-4.952807823016183164e+00
-1.547387994279305623e+00
9.121639743245424370e-01
-8.738762875350705173e-01
1.606085041663596336e+00
3.556262229930577945e-01
-9.753938850827967855e-01
-4.900979175293613821e-01
-7.832124291486888268e-01
1.266841553253332364e+00
1.144328535683232673e+00
2.040678115656710645e+00
-2.569000937461249467e+00
8.734172187095072815e-01
-6.832568037487014578e-01
-4.627565522280345789e-01
6.419359787937466422e-01
5.448458626926875326e-01
1.401673511667933525e+00
1.026067361194140659e-01
-2.259425296072311795e+00
1.539185645589498108e-01
-2.553813440553271530e+00
-1.421267588433753559e+00
-7.181976192122165870e-01
1.262975659218124491e+00
-1.686105406203738610e+00
2.236792358331866737e+00
-1.680115493912603952e-01
3.355667920086593980e+00
1.312897706657483177e+00
-1.096873679732543572e+00
-1.599740841083431064e+00
-9.576808031155614742e-02
-1.503610324981670132e+00
2.207947868113952161e+00
1.097469466912761149e+00
7.437614539640344802e-01
6.436766440877574880e-01
-2.035385417270715536e+00
2.291195965737199636e+00
-1.341915483908884266e+00
-1.347941653459896472e+00
-6.836274749579480670e-01
2.188195930888905849e+00
7.245702394568453997e-01
-4.784756850689030117e+00
-4.486410830757261436e-01
1.732960975702226847e+00
6.951584999663973363e-01
9.971234034812459512e-01
3.402506724630606882e+00
1.183394744520629871e+00
1.160897475261245759e+00
3.808439251744154319e+00
9.737640825559985558e-01
-1.993632662495219865e+00
1.958130354254592476e+00
1.995803394493382399e+00
4.475353906241739566e+00
5.961191232212081914e-01
-9.188992172365368916e-01
-1.076982947692624037e+00
3.795517478910767295e+00
-5.686245147879009920e-02
1.072583730847137318e+00
-7.257516017603116154e-02
-2.922127758650941765e+00
-1.380632497664302516e+00
-7.811938146334957978e-01
-2.975351350840327314e-02
-9.555234358260200622e-02
-2.563031038010168405e+00
-9.443089757965879016e-01
-1.286316708096352901e+00
3.649114735318557123e-01
1.989191166041800685e+00
-2.930454641236628799e+00
4.784666856373540611e-01
1.072679044815858518e+00
-7.810156319887449072e-01
2.507395598030126571e+00
3.987805999323335016e-02
6.479725126695390358e-01
1.460869412624193231e+00
-2.403586897248462861e+00
-2.915144034341224710e+00
1.869017024985971887e+00
-1.629448705670540676e+00
-1.536061172279477915e+00
1.751976112157165311e+00
3.285382656751156816e-01
-6.443214257374423326e-01
1.199051220998514466e+00
2.425328900907945062e+00
-8.060716294702263696e-02
-1.299357895669839280e+00
-4.144464074132523379e-01
-1.746865814942122341e-02
3.659035732851092959e+00
7.479622516294437418e-02
-1.905296843682735553e+00
-3.786379793498991120e+00
-1.644863910349918523e+00
-1.790888115339326792e+00
-1.914245962599499418e+00
2.687492783046546485e+00
-2.620201558703840305e+00
-2.259883929412084491e+00
4.431541861027206153e-01
-2.539272191209538843e+00
5.707736807135299628e-01
-1.077326279421905397e+00
-7.767851109784462693e-02
-9.971115311711669094e-01
-1.616724281025336385e+00
-2.638220435411284814e+00
-9.721140945708253156e-01
2.335551849302314409e+00
1.951741413808727899e+00
-5.307520738827298246e-01
1.824819359834984667e+00
4.472570335131678121e-01
-2.842519501425633255e+00
7.691943281250059883e-01
1.921494267893254282e+00
-2.545115016922023798e+00
-8.278497741193211468e-01
-3.431603752517875972e+00
1.769964581681460203e+00
-9.910363016282639492e-01
-3.437848051615429945e+00
-5.202469770317179609e-01
1.642204816548391122e+00
1.371457406321340500e+00
-7.404211803364901812e-02
-1.370855441012382769e+00
9.436052403639401120e-01
-3.523298094304676997e+00
3.296194589777730499e+00
2.245429930694101905e+00
-8.941661829841072162e-01
1.330508665825469450e-02
1.388546171675537622e+00
-2.095510743981109592e+00
1.615949439933828558e+00
1.080127785109816330e+00
2.710170397673003606e+00
-1.374118217634092698e+00
-1.766793415636594311e+00
-3.853952062118044530e+00
1.908511425209498569e+00
-2.292463923309224771e+00
-3.571679776516454297e+00
2.255180815006379902e+00
2.603976102408134707e+00
1.278069134121699868e+00
-1.292276498328591039e+00
4.611495784583174995e-01
-2.777870117505258918e-01
1.501235246370510090e+00
1.698788636146223219e+00
2.192345211194934862e-01
3.849847090366695923e-01
3.321613126672160021e+00
2.020402802525039121e+00
-6.070018544182689268e-01
-1.760856897266103616e+00
-4.300177138493417317e-01
-1.287297328011465236e+00
-1.551153087404028685e+00
1.604692321542769307e+00
2.903047598995305734e+00
3.764542107958988026e-01
2.529064116999952816e+00
-1.881890930768945758e+00
7.559429360121816543e-01
-3.760079620469875650e+00
8.226947396719683780e-01
-3.928047514282733133e-01
-4.231670884182761050e+00
-7.051420182419407823e-01
-3.778660320785327542e-01
-3.204018000319592829e-01
-3.646000256911757553e+00
9.062152235296681013e-01
3.973802512750701510e-02
-2.967343447310373250e-01
2.139476066305377344e+00
-4.169288776843593780e-02
2.747608220517411937e+00
2.248950065328122250e+00
2.647117372250430201e+00
-3.075101037866261322e+00
7.803680858197745707e-01
-1.775752093206950377e+00
-6.541052994855833802e-01
1.946562363540689233e-01
-1.957533557238431143e-01
-1.881932786279937098e+00
-2.027131192782167801e-01
-2.280863911390295762e+00
-1.976506417871854993e-01
1.454948639177806591e+00
-8.717382159580147061e-01
2.353783854143709497e+00
2.639454409709227178e+00
1.046298310719921076e+00
1.739349523822046883e+00
-2.780216608111159449e+00
-1.251744398379552869e+00
7.658928984399935302e-01
-1.223155284377464902e+00
2.177169358960922452e+00
-1.429550908664845466e+00
2.324063993523626692e+00
-2.436127778128744925e+00
2.078347641812845481e+00
6.288527768444378552e-01
-1.199242677687626824e+00
-3.727690902978336496e+00
1.509201876872712234e+00
4.738481410141128336e+00
-3.311147378202991653e+00
8.729496842985753347e-01
-4.310987827332102285e+00
1.732836863980319109e+00
3.091463994032164209e-01
1.040814864833339293e+00
4.874769361995170414e+00
-7.597018441528717858e-01
-2.808893409789314788e-01
3.791205505563333134e+00
-9.849992713949653478e-01
-1.301003140164442851e+00
-8.620077969005386365e-01
-2.204164828570815082e+00
2.702895933526978212e+00
-3.542166689301984306e-01
-1.793688830260731670e+00
1.970405471663212893e+00
-3.134388715705870965e+00
2.236567843779617704e-01
4.232259735795764755e-01
1.818372796221234822e-01
-5.289851060035735131e-01
2.387979460894545269e+00
3.285507873515509658e-01
2.573834216808260855e+00
-1.966546740717328490e+00
5.269414061722947906e-01
-2.711953184909689618e+00
2.962552764092833968e-01
-4.087595624593269861e-01
-1.758325247463510266e-02
-2.435740726206396811e+00
5.831931404575296796e-01
-1.374770967143365219e+00
3.059647503899318721e-01
3.679500402401940207e+00
1.066258311834522132e+00
2.987181156934317627e-01
-2.263393299781111256e+00
1.191804683958368472e+00
1.488520124263575717e+00
3.791952481183393786e-01
3.523317598107507109e-01
-3.862800339023130469e+00
4.994550111023920991e-01
-4.105247512047186298e+00
-9.786977316769176483e-01
-1.201763092386836096e+00
-3.724985330006103545e+00
-1.885243777681921973e+00
1.392032988350319300e+00
4.660624558152104413e-02
7.301598336051124960e-01
-5.466253004310344110e-01
-3.453628767631865770e+00
-8.392639228549665376e-01
5.283522483158016314e-01
-2.933424989857346787e+00
2.920493804027486817e+00
2.127966505721915702e+00
-3.626467961759605174e-01
-8.090285714082874335e-01
1.232346383871387729e-01
9.340956231926877962e-01
1.285765520184422250e+00
2.101534626381016402e+00
-1.779482864870150394e+00
1.901114013541320702e+00
4.263858860136062745e-01
1.618100347545787798e+00
-2.062304393492992549e+00
-3.243378937747731783e-02
-8.587170873691141182e-01
-1.201692234853756425e+00
-3.384314555718210826e-01
-1.030713902156781270e+00
-1.554675186726379721e-01
-1.774418572458826837e+00
1.481358753810553708e+00
1.066196276375416474e+00
-1.293540407434761619e+00
-1.219992571444361573e-01
-8.456188827043176204e-01
2.839891549211762012e+00
-7.100203081942346728e-02
5.000000000000000000e+00
2.555429443855952165e+00
-2.854127942501616388e-02
8.940788703399151771e-01
3.959126619322006491e-02
1.006147037537626687e+00
5.474505312169997140e-01
-8.982127576273786218e-01
4.837146701441049856e+00
-2.001332257101111622e-01
-1.051759777155631514e+00
1.875145875365524795e+00
-8.537954859925278583e-02
-2.098093177470036874e+00
-7.192184012408393556e-01
-5.011641902531298598e-01
5.222239465432254590e-01
-1.973429893530421531e+00
-2.403436651370165489e+00
-7.166358258340705945e-01
-1.542632915189593668e+00
6.635257924824138343e-01
-1.309494496918740758e+00
1.905384933294868688e+00
1.804591572914469921e+00
5.194527155217452119e-01
2.073495374823652426e+00
-2.107948205958809496e-01
-1.049658313963793610e+00
1.793213487156480213e+00
2.717248081946754823e-01
-2.474743960347777438e+00
-2.287432137338528904e+00
-1.523702654842633564e-01
1.245139866999992684e+00
9.819075650585595838e-01
-4.776482027972157596e-01
6.398586110093784640e-01
-1.304232522455299303e+00
-3.781005583499137401e-01
-2.393295331454561303e+00
1.552051531346096525e+00
8.363571498814312832e-01
-3.924865823132198450e+00
2.084388461879732368e+00
1.413309738949291905e+00
1.321856466392006269e+00
-1.458641715927404103e+00
2.030637913088304103e+00
-7.859773719846714357e-01
1.153222537481989107e+00
-1.553905367386350100e+00
-2.232825141889271947e-02
1.056964103398467358e+00
6.732025021413310384e-01
1.367254769085599619e+00
-2.106874946987835617e+00
-5.357696717256938967e-01
1.430720025374254689e+00
-2.146431622976852083e-01
-1.553740757106121251e-01
8.321944424331642054e-01
-2.551711892101731216e+00
1.905021170333385250e+00
-2.139543056884776639e+00
3.142730973053197374e+00
2.647476308751746110e+00
1.442953807122320242e+00
2.028487701237077445e+00
-9.071306402755920928e-01
-1.294956081459869068e+00
-1.444588969645366205e+00
-1.295105752037671643e+00
1.376570892831509241e+00
1.697364708770906283e+00
-2.765921621177145795e+00
1.792894258985745282e+00
-1.440346011851305619e+00
-1.263355165222975529e+00
2.497957117483710299e+00
1.156566172324158259e-02
1.052549293459376756e+00
-1.929389700913401562e+00
3.102199883380549750e-01
-5.941969161597002724e-01
2.703737090699590340e+00
1.682716835212120898e+00
-2.485219405029823747e-01
-1.319864118801569397e+00
2.594579550476980856e-01
-1.425407713901921003e+00
-1.305320473679316251e+00
-1.125535381378877098e+00
3.416544788763840046e-01
-9.516927591580639501e-01
-5.512854508610764981e-02
8.401876423249898806e-01
-9.620097546239154696e-01
2.732938286231857639e+00
1.164806496513830503e+00
-1.172280163200855263e+00
-1.246759266993703541e+00
-2.489655554628901868e+00
-1.879551225827439609e+00
1.812409698502489341e+00
-4.059506403568998500e+00
1.066404090492598655e+00
-2.372403941315531117e+00
-3.043718098518635173e-01
3.902731184836666145e+00
3.900971595309819406e+00
-1.738751689434114400e+00
-2.592151991458821136e+00
7.716149388428679146e-01
4.716082946217703409e-01
-5.807193780362984725e-01
-3.754407024336696708e-01
1.622543182191698463e+00
-1.590661915067080212e+00
-2.692189291520514338e+00
7.615244209220897176e-01
2.934725898490853524e+00
-3.050829009804546743e+00
-1.174396115779718919e+00
3.560449248678663636e+00
-1.737750276491043522e-01
1.591287338113192895e+00
2.622060560581740418e+00
-1.635408242795550304e+00
1.891150214449528022e+00
7.904263366784380906e-01
1.433621244943354966e+00
-1.022579096153376277e+00
-6.495179000626842836e-01
-3.842397832971826688e+00
-2.372262832684483680e+00
1.785834151336476161e+00
3.597231031024579195e+00
-1.148277066719431527e+00
-1.303888802123813306e+00
2.968280680862691590e+00
2.174519783447156129e+00
-2.428232547314159717e-01
8.836721807428036257e-01
-1.668298652141927185e+00
-7.604148801495806964e-01
2.280954078010799080e+00
-1.225995323056622510e+00
2.656237416974704502e+00
4.259845714801571148e-01
3.371499395265153964e-01
-2.669993732701032130e+00
2.540212265187431484e-01
-2.326570711876290609e+00
4.146817084053626701e-01
4.202038664928210210e+00
-1.819198443558650347e+00
-4.870279975179078846e+00
-4.420639223448938893e-01
-1.191445648849429162e+00
-5.532852220999089354e-01
6.790315309654424425e-01
-1.009222096104175570e+00
-1.351437520806801906e+00
-1.708921471311782181e+00
8.097536102472222552e-01
1.091432980631640959e+00
-3.974397647242948750e-01
2.012939173414105554e-01
4.609195085713453821e+00
1.165737732436538110e+00
-8.903560053505410465e-01
2.315289458311049486e+00
-1.390788279997925425e+00
7.656062975898301204e-01
3.463839029308594775e+00
-2.324599880006082309e+00
2.045953956843018062e+00
2.269858908687769627e-01
-1.165807153015392394e+00
-2.901533837089049772e+00
2.165403445323899057e+00
6.283705873818838938e-01
5.963582770870212713e-01
-1.612221465278143029e-01
-1.283046245201522328e+00
1.221272248717376385e+00
3.124656936651192041e+00
1.409180870254589379e-01
-1.170011633028456455e+00
1.356661048393560165e+00
