5.597614454846162602e-01
6.005058424482410118e-01
-5.175936281136692685e-01
-3.337985905029405842e-01
6.408480933254399048e-01
9.557665766200962310e-01
1.673512374636754174e-01
-5.859521656513733134e-01
8.191205447759584146e-01
2.138569000327433578e+00
-7.818265517024514111e-01
-7.282654700052058061e-01
-3.873901395441219364e-01
-1.783161836531288902e+00
-3.640772343726697002e-01
-1.006245599546744529e-01
-3.208620456571100732e-01
1.825578705074837771e+00
9.734215552850837838e-01
-1.582296177135038562e-01
-9.219562910889731455e-01
-7.588726622171106939e-01
1.005758032534656010e-01
1.334020139026657503e+00
9.497320846066079625e-01
-7.200974154622556966e-01
1.024081756370893714e-01
1.112948260132782252e-01
-4.264661147077921655e-01
1.115939531947431895e+00
-1.197976080911166807e+00
1.602941082072890211e+00
2.085620460511927732e-01
2.040485676579830709e-01
-3.192933712974888039e-01
-1.625222773210395211e+00
-4.138532293847587695e-01
1.268157300632106299e+00
6.529691108822976986e-02
-2.404539352374710504e-01
1.430653281832752199e-01
-2.376480346146792044e-02
3.130223928567890113e-01
1.596800919802888963e+00
3.034012050096110968e-01
-6.925498828682670194e-01
4.121501178033355473e-01
-1.469629711463611876e+00
2.075468300461347226e-01
-1.219826778815572332e+00
-9.521737289044063246e-01
6.051057466545834984e-01
-4.251659050446905397e-01
2.052098352379041479e+00
4.593201289981996283e-01
-9.975251279575312324e-01
2.782360625354316497e-01
1.297877830489863271e+00
-9.033375415465885183e-01
-2.004089505214332156e+00
2.285674529075221173e-01
7.927907230233923741e-01
3.606562617186099828e-01
-1.120974783378184014e+00
-2.341696415847307478e-01
6.328521490011258521e-01
1.941894311892159664e+00
1.528291871623522979e+00
7.805121289044887334e-01
-1.350977076920252262e+00
6.054563374521215735e-01
7.731533917667965383e-01
1.020771484602274626e+00
2.552570720383551262e-01
-1.204892288263280875e+00
6.246424612200085491e-01
1.903797419282695635e+00
7.359235055247816959e-01
1.549411059971879112e+00
9.880527938922600839e-02
-1.431166139918103930e+00
-4.718722870139409054e-01
-1.076659399726163535e+00
-2.542065655016454429e-01
-2.710521355482544692e-01
-1.374237721543289492e+00
8.010907100575490603e-01
-3.522519137268522726e-01
4.004974102953973158e-01
7.801825645365596529e-01
-1.652540893450891168e+00
-1.203552990676890033e+00
8.440897882616527070e-01
6.744448430402449901e-02
4.212007931328853871e-01
3.771503424777646885e-01
-1.318298449070063327e-01
-3.952403187817381536e-01
-8.448729416783429258e-01
-1.761007456477875266e+00
1.898199299468607215e+00
-9.773851828973088018e-01
-1.665570367358183645e+00
1.352500422647796796e+00
-9.391012320164229266e-01
-7.387607296813882840e-01
3.002281616647639595e-01
1.032637934606644770e+00
-1.144894538518315130e-01
-2.811096537583219757e-01
-8.691166461629249440e-01
5.988509423177754698e-01
6.265443328785895716e-01
4.308397550406208865e-01
-1.638863855723879936e-01
-1.000530529571278748e+00
-1.129979011324801608e+00
-1.474687491275056495e+00
-9.354526477627818082e-01
1.679228767003304590e+00
-2.713157491645072472e+00
-1.054663323052841939e+00
-1.900561061119887540e-01
-1.488116308745967675e+00
-6.169063609019911354e-01
-3.598353994602572214e-01
7.263110540789501357e-01
-4.681757341140038164e-01
-1.282368225679769935e+00
1.026513454402682157e-01
-8.326560461762699816e-02
1.188086702247980853e+00
-1.116717262486925932e-01
3.586302948151853798e-02
-3.871726640022910004e-01
4.049684279948202459e-01
-2.008252631882899486e+00
-1.502207372042170253e+00
-7.486891105926751777e-02
-9.440956077854520956e-01
-8.079385151139710786e-01
-2.436495965563380217e+00
1.548007011106832920e+00
1.103378984144789854e+00
-9.260801640069029617e-01
6.707337809360378600e-01
3.391833548099469908e-01
-6.282875541176613510e-01
-4.880109775362502234e-01
-3.557488985672607740e-01
-4.673073003605221487e-02
-3.857511372656192705e-01
1.452135672976229586e+00
1.418692670009431112e+00
2.580615830885379935e-01
-6.729224737189838379e-01
2.348331643117917977e-01
-4.002577349448230848e-01
-3.477269990564586521e-01
3.077081870824738274e-01
-3.387636659789841076e-01
-1.464006251893904320e+00
-8.708131436586867835e-01
-1.821348059272996700e+00
4.473896472898850618e-01
-1.009585008688393515e+00
-8.658519366543089291e-01
1.018666242682042977e+00
1.471841085944713079e+00
5.524294883183067384e-01
-1.078063511709105526e+00
7.005520352287577523e-01
-3.865686692823819826e-01
6.757818601753395882e-02
3.954084606606862451e-01
2.363291240573497376e+00
9.104658402393202010e-01
2.176211095257594152e+00
1.466399403162253812e+00
-1.489349610393277956e-01
-1.930467802739510574e-02
9.929149039104467889e-01
-8.612215105542064819e-01
-1.463250860892078009e-01
2.375748875730199217e-01
2.844241235956250335e+00
-8.494790507227554244e-01
1.343627869491317739e+00
-1.011681004319108013e+00
9.888121885791614218e-01
-1.315110649671889398e+00
4.797426294228266386e-01
-6.708990918424762029e-01
-3.101699681115797080e+00
-4.675626695776653463e-01
1.268682916245237990e+00
-6.382543742762409877e-01
-1.527426842357182402e+00
-1.266889959497348173e-01
-1.379735421169356879e+00
-6.657315811193900146e-01
1.109478647906318116e+00
1.060783773638665828e+00
1.713253301521186600e+00
-2.025846947704206258e-01
2.930856959010304408e+00
-1.770915533242534146e+00
-7.603990742257646929e-01
-1.272223148685718286e-01
-3.677989702831769847e-01
-9.229818730121133186e-01
-1.537678982052363530e+00
-8.033670081540389418e-02
-3.715571560360748649e-01
-1.215754216714131086e+00
-2.021353433559536228e-02
1.469966738308827736e+00
-7.608167172265982714e-01
1.620503335108800513e+00
1.421652137530000637e+00
8.330168901547807536e-02
1.515730842841810144e+00
-1.239587162905943174e+00
-7.500327702237772343e-01
-2.646913860107957817e-03
3.248774575143720256e-02
-5.893465972583467050e-02
-1.338448586382598116e+00
2.104489383374826161e+00
-1.198557665961126784e+00
1.320258672529154964e+00
6.182803781014545308e-01
3.531804190876748351e-01
-1.118306568506988619e+00
6.163909296431144824e-01
6.443295058544169507e-01
-1.681241292325732051e+00
-1.535791533585472379e+00
-1.813169400375231888e+00
1.921438111050104425e-01
3.648233026498193254e-02
-2.542428431510437292e-01
2.745956016782363562e+00
-1.561229408935616014e+00
7.625039045977244356e-01
2.292965517647588491e+00
1.428227505328987235e-01
-1.973687342053453531e+00
1.194099275560667195e+00
-2.396964997405101272e+00
3.938771201721094073e-01
3.777351482605588728e-01
1.103680723556413668e+00
1.279113242959217800e+00
-1.052920046062794768e+00
1.362036102178896257e-01
9.262533352261996811e-01
-1.019128919023694735e+00
2.368347411739879504e-01
-4.140309523456782159e-01
2.693792508005063979e-01
2.550757851682372568e+00
-3.630184712386199664e-01
-1.488218186547127786e-01
-2.322511992994407137e-01
-1.680144182808485098e-01
-4.192340427390890412e-01
-1.004194040399130738e+00
3.502368451339856747e-01
-5.917755044099060058e-01
-2.827361937947268089e-01
3.944620794266828767e-01
1.128980946307144073e+00
9.010086669599921549e-01
6.366780188943454988e-02
-2.601025623187140923e-01
1.138698604106488155e+00
-3.766595260793712541e-01
-8.090011983447897848e-01
3.749159356688664957e-01
-2.410448260428189826e+00
1.734968557638767450e+00
-1.107614318522792907e+00
-9.701218198440120233e-01
2.949096551739387451e-01
-1.631604739947910332e+00
-1.962847698331904311e-01
4.832447320562005544e-01
-3.858841069089811171e-01
-6.608591962785297369e-01
5.320888763620059692e-01
-1.397654611234868227e+00
1.222887276260102851e-01
-6.035408436810927313e-01
-1.190433413535804785e+00
2.211572411936426619e+00
-6.239637933339761133e-01
-2.836394660630041642e-01
-4.595086185364420928e-01
-1.576757207208856482e+00
-8.009502031727588900e-02
4.441769500839596319e-01
7.662194342352606213e-01
-2.113967740160536568e+00
2.125457326306849026e+00
5.858307325804652521e-01
1.754143897212889769e-01
-2.479201211593116128e-01
-2.161443261115339354e+00
-3.360461282703397501e-03
-1.553423659542510382e+00
4.304219016501953377e-02
-1.958860836426055130e-01
-2.595547498691699317e-01
-1.379799770458313812e+00
-3.462249138706932072e-01
1.373556285403134680e+00
-4.297115662188080165e-01
5.404305933587192357e-01
-4.426514885131522803e-01
-1.649417101153103360e-01
6.063955914128227320e-01
2.084587269269736254e+00
8.292524350488283957e-01
-4.745996205224134457e-01
-4.002733452198325992e-01
1.564490922887218360e-01
-6.236921050002051103e-01
1.545121133724993712e-01
4.079349604574700194e-01
1.626115724373137894e+00
-4.145204756667872914e-01
-4.302591718978483470e-01
1.693549079584101946e+00
-8.834932000922597339e-01
-5.476485800827326500e-01
-3.329394851262179600e-02
-6.251516956521019353e-02
5.638883862912535960e-02
-5.946403722110726875e-02
-1.311963055536811140e+00
-8.459441062504264863e-01
-1.375295701434206652e+00
4.847303960472579831e-01
-7.832969505617883854e-01
4.449071957325765325e-01
7.956362493725706031e-01
9.341713602846599684e-01
8.238544859481065075e-01
3.223340365059268464e-01
-7.314492124687212993e-01
3.341631771083575231e-01
2.342832386154398705e-01
-1.051284668689521418e+00
-1.481885884750349103e+00
6.204592650813633981e-02
3.147537479752475775e-01
-1.056056851601230306e+00
-7.173164125417113013e-01
-4.459422649852129439e-02
-3.963610440629850018e-02
1.082586529589830704e+00
-1.928151400994162490e+00
9.314906579746917714e-01
-1.324375934785926745e+00
-2.218535079883664274e+00
3.343368808362310318e-01
1.342872223397172604e+00
1.664721543036956852e+00
2.334327481846170116e-01
8.372742109049085002e-01
1.211748196421050139e+00
4.644004932742351599e-01
7.263012975846283581e-01
1.281316310615505216e+00
6.455124668100626906e-01
7.729680025264373811e-01
-7.375262566413987031e-02
-1.167205817849347405e+00
1.691744874775302776e-01
1.339973773434351756e+00
-6.151727238394260056e-01
3.543273977007537212e-01
3.572515558125743951e-01
-7.729075890914316460e-04
2.886075462120063051e+00
2.223136417039848212e-01
9.416486042349871965e-01
6.516215560603555446e-01
1.478753576542928272e-01
-5.905901166970206617e-01
-7.708186418839568788e-01
-1.710977741491025661e+00
-1.832638029408339975e-02
-5.616995667341306842e-02
1.907535677106766414e+00
5.739701142263520239e-02
4.112500716854352589e-01
1.092033611794887449e+00
-1.483316721967596230e+00
-5.559203613501484398e-01
1.124365400462997044e+00
8.893532104968517871e-01
1.064810418990429497e-01
-2.431214770392369218e-01
9.957975558836000829e-01
-5.383621885324076928e-01
6.460077316935581848e-01
1.190073001777619766e+00
-1.217609081240818014e-01
3.203075905249166411e-01
9.806043350663173896e-01
2.345785853249591213e-01
-3.591354975443383779e-01
5.569645335513309092e-01
-9.261856248072053432e-01
-7.103190465172923851e-01
-1.254990329471876720e-01
-1.178852927593854183e+00
8.107892878149760563e-01
1.960295273758756451e+00
1.026107924581811659e-01
-2.038672532533798432e-01
-1.233144330596294136e+00
-1.219820453135614269e+00
-2.443511666119491110e-02
-4.458598828209954235e-01
-1.765815431453180651e+00
-3.916921290131041289e-01
-1.293372545670175011e+00
-8.869911026760011197e-01
1.452658991736751837e+00
1.132617382697888253e+00
-1.688535250285498890e-01
-1.113957569242300938e+00
5.775306661798520480e-01
9.431235964210484823e-01
-1.770516194774831575e-01
1.595346703807685174e-01
1.743264428315405290e+00
-5.584243045348937784e-01
-6.890753764033341611e-01
7.803216532817032203e-01
9.776656319726404476e-01
-9.272370600453054834e-01
1.909118522437216470e-01
3.370321036730036468e+00
-4.740179261975363545e-01
4.120515664625603591e-01
1.409816536232186834e+00
-1.210853359222703318e+00
4.788310038256664569e-01
1.112271425341015529e+00
9.097286809498639215e-01
1.310536514248548556e+00
1.941857988975979055e-01
-1.771633669661927257e+00
-1.453723585688984077e+00
1.361257287192959353e+00
1.431609954598832779e+00
-1.302366909899546066e+00
-1.807899855722267191e+00
1.381415954981912719e-01
9.433571980715012018e-01
-8.371917819739582711e-02
1.628302280398815860e+00
-1.668833795696434308e+00
-1.151762737326125219e-01
9.744724130343360713e-01
-6.496801071166666830e-01
1.264228570435563803e+00
1.080838186126067413e-01
-8.449373971215248247e-01
-1.144415641747831280e+00
-2.074153249645336317e-01
-2.087373101008717313e+00
1.586117819296383402e+00
5.086341258397242271e-01
-1.065272403633541032e+00
-7.335344589676466853e-01
-2.067700566335109791e+00
1.228690684550151957e+00
-4.386767156294943959e-01
7.021159604764406481e-01
-6.803998574791503273e-02
2.073456036613006148e-01
-7.527336566366535919e-01
1.142527515039830632e-01
-7.820469942844470168e-01
1.777964456147484995e-01
-2.197329624559429817e-03
1.370918055282450254e+00
1.961772558795633614e-01
-5.488213275182669548e-01
1.145747331039902228e+00
6.911031236181575110e-01
7.208674482059596045e-01
8.442314105748085495e-01
-2.117691088618184558e+00
-6.748867611918782927e-01
1.219108548246596868e-01
-8.357452389479389510e-01
-6.142714137737472768e-01
3.064805267918853104e-01
-5.205815537012421501e-01
-5.945151381415776370e-01
-1.761904807318099841e-01
5.080527578905069674e-02
6.689543679839449197e-01
1.757439377165626482e+00
1.636985648275635086e-01
-4.065213999929131461e-01
1.513626787023336639e+00
