4.849119735836548983e-01
-5.486905480810539970e-01
-7.323403974973086150e-01
3.055634037771284284e-01
-4.602085029860623067e-01
-7.388531676502276824e-01
-4.409716252408886206e-01
-2.992776801211221027e-01
7.982031890059193557e-02
-6.493464872160226165e-01
-7.821602146518111809e-01
-4.913490047982378428e-01
-4.741081452161637344e-01
-2.708652533979352128e-01
-4.707883087491051555e-01
-8.561542020216883486e-02
8.318552299463179978e-01
5.137944631935731366e-03
-8.559250154814765921e-01
-8.436289263202523259e-01
-1.077349537074729469e+00
-8.036784354841861600e-01
-7.470092931946972215e-01
8.036428616217872190e-02
7.129917938859318127e-01
-1.459360234386375410e+00
-5.948055675768930683e-01
9.008472562963190100e-01
7.242810145825373525e-01
1.054412925195382655e+00
9.814430753502634275e-03
-3.904521288204101381e-01
-5.394950695812870123e-01
3.490171495547667035e-02
1.770956653722821628e-01
-3.708443324596242263e-01
1.006736272438413238e+00
3.604955368414923811e-01
-7.250722071772592869e-01
8.257771872770121036e-01
-2.949615100075035912e-01
7.740613711757209359e-01
7.999164556893987310e-01
5.863879382821775010e-01
-8.182719665648363616e-02
-4.208081892987838302e-01
2.783211130276805889e-01
-1.248399393902595023e-01
-2.012159936158059992e-01
-1.223228272230661773e+00
-4.717407105576327808e-01
-4.330359731462678496e-01
-8.462611980784249255e-01
8.427787905905148591e-03
-4.375387896446216729e-01
-1.556208286357945170e+00
-5.474790119149020029e-01
7.773750959017213802e-01
-8.888097311338700734e-01
-5.511432733525500893e-01
-3.213471174597231084e-01
1.000585724119691378e-01
-8.556837790012838951e-02
-9.336875080066722177e-01
1.961532447730611750e-01
4.558291871151620711e-02
2.872753689855986892e-01
4.171795541687162157e-01
-1.109578098251622347e+00
-1.312109196190647253e-01
-2.417489728549941930e-01
1.757511543054661729e-01
-2.171432984708676628e-02
9.005973579386061800e-02
-5.467399395342731339e-01
5.952512101469542571e-01
-1.205820419846679314e-01
1.184288570912750416e-01
7.142128512975016719e-01
2.364721300455290276e-01
-4.790793106682293967e-01
2.278539093219089651e-01
2.668539051619864821e-01
1.628895686571443235e-01
-3.601391894010514960e-01
-1.579100450272870049e-01
-9.995623650472573729e-02
6.799087706223136962e-01
3.306181152814211544e-01
-1.422971889536002621e+00
-1.241467475102483675e+00
-1.014615446102943075e+00
-2.543738845725771469e-01
-3.460694611000807441e-01
8.617105940716198731e-01
8.516876343308759090e-01
7.646557549643437923e-01
2.287620338427185374e-01
1.718612369156513608e-01
-7.302858018695870257e-01
3.349890071587857676e-02
2.108455737442804789e-01
-7.885265647130292876e-01
5.159251347079605310e-01
1.677281105493815261e-01
-2.029884316472108097e-01
1.753697136534793088e-01
6.384714313188180057e-01
7.387299156011559731e-01
2.434260031575297134e-01
1.966710297850653433e-01
9.375944079056344194e-01
3.167862631318483224e-01
-7.850492291859154648e-01
8.677922248196416888e-01
-5.950190493693350291e-01
-4.847115537039137223e-01
-8.583632791644735249e-01
-6.476585541714587890e-01
2.777133678822218954e-01
-6.224494986806172747e-01
2.366862773780331608e-01
7.362356747117466682e-01
-6.298208955172892587e-01
-1.233949913201370485e+00
-3.817265214260228134e-01
7.731110410795825061e-01
-7.238874293177941510e-01
6.475187914923878907e-01
2.616664940872208689e-01
-2.678847159087105467e-02
8.292658811663979890e-01
-9.899909382472493746e-02
6.793373428821158910e-02
-3.465796124079192353e-01
1.810060620879347937e-01
-4.073214079443054914e-01
6.110194985969030768e-02
-9.015031228506744654e-01
2.258588317490843878e-01
-1.340631498641056130e+00
-6.071545498917867434e-01
1.449291442173803901e+00
-3.255720995981068455e-01
-2.520042589777347075e-01
-7.194987964518571033e-01
1.294591971621854576e+00
-5.999505041482731116e-01
-5.763895112252832575e-01
-2.275705590986332183e-01
-5.071646006761989511e-01
5.885841350638187919e-03
3.511522147783860959e-01
-9.545275440208360607e-01
2.780642903935923727e-01
-1.117645115832930358e+00
-5.986206931896962402e-01
3.351206049664146036e-01
-1.708446614896370619e-01
-2.975239791028343461e-01
1.924357150506121883e-01
-5.653696390663096594e-01
-7.865761759284861654e-02
-6.358536153082905429e-02
-8.219971740075848743e-02
-8.079050950504260697e-01
-9.694430466057006868e-01
7.829529940697863566e-01
-4.681606673944909147e-01
-7.185995521787944540e-01
2.956457003940471395e-01
-7.386563403116781501e-01
7.061260906062294396e-02
-9.504137091675337601e-01
1.263238256633901990e+00
1.139489883065553322e+00
-7.036509916684536847e-01
1.389567578664508751e+00
1.718603156269526977e-01
-3.459965934688105094e-01
4.494066754769363570e-01
3.018349305502638913e-01
2.366733320854415012e-01
2.739448864542195494e-01
-8.484047666961291867e-02
6.336642287841556254e-01
4.840048377331429563e-01
1.230580283238218442e-01
-1.614827114728623059e-02
1.460829843544524387e+00
-8.538133456575902613e-02
4.171550571598992008e-01
-6.469073309408281958e-01
5.538011861608538311e-02
-1.294330914996366211e+00
-8.270987829080311826e-03
-2.465959294441617544e-01
-9.249029124686103387e-01
-3.539144236418643175e-01
-2.508944476355265962e-01
2.692381131341337053e-01
4.962358032756242210e-01
1.788270252768375812e-01
1.075714481298525094e+00
7.268198691517300247e-01
4.198685377514763672e-01
-9.275697900765162984e-01
6.547020433989549915e-01
-6.505046398365861293e-01
-1.874346425239094671e+00
-2.256751938089287535e-01
-5.802276650607662845e-01
5.869974473801917725e-01
4.269337189693036549e-01
-1.150730797331674271e+00
6.944520842306722841e-02
-5.034188532293999430e-01
4.645930748241866581e-02
8.741900446222139465e-01
3.848686887931593859e-01
6.463260249334643603e-01
-1.155119886626394532e-01
-8.562195011277404788e-01
-6.465458801314269977e-01
7.564767489887991303e-01
4.144087200056487674e-01
-5.146799241785897649e-01
-1.039917978641160534e+00
1.226860881871800757e-01
-9.218154605613726460e-02
1.077600220864907143e-01
-6.469480349448133438e-01
6.082634592312174959e-01
-5.526544332934957282e-02
7.018725332488005009e-01
6.192051272119281080e-01
5.854501561190605941e-01
-6.003171002840925752e-01
-9.023614533439943131e-01
-1.089778258937397215e+00
-1.563568569674957498e+00
5.497182647510516773e-01
2.817033324933344574e-01
-1.245123520347846124e-01
-5.256254235567059396e-01
-4.019668055048075672e-01
-4.187447241601756076e-01
4.493282834535055059e-01
-7.705720212095013011e-02
4.119105659977417844e-01
1.891235998343097080e-01
-9.366566118382930739e-01
4.771668034845539808e-01
3.909827052767766986e-02
-2.351279191096988797e-01
-4.465346522634581206e-01
2.434852448577640160e-02
-6.636690532610272086e-01
7.979323016761270537e-01
-8.883311902942017113e-01
-8.420595166794582198e-01
-5.869416307634773844e-01
-6.506669789015910865e-01
1.028488695386244878e+00
4.180903638783632914e-01
-7.011480102854559249e-01
3.652755320826113206e-01
4.056876756779885795e-01
4.558815383541485744e-01
9.725345603092261371e-02
-5.726212800311794027e-01
9.497837683923391339e-01
-7.119772616316222269e-02
5.615311510835132580e-01
6.140562069259258848e-01
-3.497913885980539206e-01
-3.178374509941139792e-01
1.483644378116100171e-02
-8.437131819875860472e-01
1.114492348540689903e-01
6.302236477093927647e-01
7.047034639688281032e-01
3.459215721869144389e-01
-4.914506347276050846e-01
6.462014243256497537e-01
-2.545030196803832467e-02
-4.221135182213755499e-01
-1.216334675240551277e-01
1.742529090932976032e-02
-1.099430847877183481e+00
7.282970016282677150e-01
5.868744097902300894e-02
-1.589284919050202305e-01
-3.750714345226056068e-01
-8.866196058155626503e-01
-4.169678327266979068e-02
7.493388640453382266e-01
-2.248299408356668749e-02
-1.817686041276456166e-01
-5.249929912797917098e-01
-6.423542882738324522e-01
-3.478121418840354195e-01
-7.899602807312087194e-01
-1.178520144735105024e+00
-3.698959678276425578e-01
-5.068863360914059868e-01
-1.500321673468540951e-01
-5.250106331390895775e-01
-4.805209000340431302e-01
1.225101694693327303e+00
-5.100274914772100487e-01
-5.885950611089114659e-01
-2.347178911464640194e-01
5.027432470283299537e-01
1.142208499034431668e-01
3.522072549661743324e-01
-6.249515150958213638e-01
-5.776955366396077096e-01
-5.054136754568423484e-01
-7.026395179761113496e-02
3.475611378347061020e-01
-1.606897480398927769e-02
1.035525191270068035e-01
2.295095589090987431e-01
-9.542621286684305204e-02
-2.794537908318446284e-01
1.926113450130548799e-01
2.755146218545645453e-01
7.148571117993647306e-01
-7.221603203965454298e-02
7.156209715115799952e-01
1.132237407988480271e+00
3.545528474363432991e-01
-3.362177728136828136e-02
-8.036424916020656894e-02
1.557124789358566019e-01
3.361127381135453618e-01
6.593754848052588713e-01
-1.760117898158617855e+00
6.858655682589454017e-01
-5.825627921568887757e-02
-6.838226492842220949e-01
-8.984382246947220096e-02
3.734429968801791233e-01
3.304907417022606708e-01
-1.338042353442823185e-01
-3.271062650536098459e-01
6.761906321181694324e-01
8.302523000526136343e-01
-2.822487177165866612e-01
-3.626647330754559917e-01
5.472217785218624897e-01
-1.356488058882421299e-01
8.485434883999722899e-01
-9.860313565822922399e-01
-7.370616585064109216e-01
-1.258128690106983250e+00
-3.586129763422238881e-01
-1.081390485738565665e+00
-6.763804234197152709e-01
-2.187095237556428984e-01
-7.226020464630167339e-01
-3.372188253519112777e-01
5.681179994732037386e-01
-4.479087487105681831e-01
-7.136422714314605287e-02
-7.185770185237014829e-01
1.405455405757543019e-01
-3.705272461609778745e-01
-4.385647394524010423e-01
5.473761975963302717e-01
1.255027565301611858e-01
2.149604240273097489e-01
2.213716807125445385e-01
-1.135012894365568847e+00
9.410512584764774147e-03
-1.733435594119274725e-01
4.181329160042510651e-01
-2.253678793484263920e-01
3.179016674762120687e-01
-8.774162154490561250e-02
-3.975451483266114749e-01
5.985284722682173708e-01
-1.562222295266710859e-01
3.556833614670029675e-01
7.842891664715185840e-01
9.956604209320225607e-01
8.198172057212893549e-02
5.736057673355610120e-02
9.279834631689274360e-01
6.981960578035373288e-02
-3.524963224608406165e-01
-1.984706804535916191e-01
5.569210469370808880e-01
-2.672035592581849528e-01
-1.530393913760965674e-01
-5.940295907899892924e-01
-4.423998479937427675e-01
-3.480857315921381812e-01
-3.103248444421256025e-01
-9.632836142372624977e-02
9.060540437721309459e-01
6.216673379206838490e-04
-1.080516760677160626e+00
1.091857214624095462e+00
3.936694179792352699e-01
6.981521508687995592e-01
8.795351985587700483e-01
1.146793658415528050e+00
-2.614876611315999355e-01
-2.943987385502833121e-01
-2.688338377824814884e-01
-8.546107707412087251e-01
5.293575866857196388e-01
3.870038618976590072e-02
-5.997595594949913789e-01
-2.999452121321741771e-01
9.719175368002090920e-01
-1.367892099328660294e-01
-4.661997726127724562e-01
5.801066764536404463e-01
1.014672244258500555e+00
-3.766248777032563666e-01
-1.010547023000645250e+00
5.064639140590099231e-01
-6.390515663490425879e-02
-4.754499066665598406e-01
-3.706094175533625190e-01
-1.631197632751568705e-02
6.426783601732886098e-01
1.116456013920430479e-01
2.307146975926253063e-01
-5.428635750031993723e-01
-4.951775479093925014e-01
2.320232258865830843e-01
3.188211873067023916e-01
5.813044091914996159e-01
-6.105977346446831433e-01
-1.292898834007161213e-02
-4.267084946258412614e-01
-5.315125072060471467e-01
-1.721696344774083620e+00
6.548407159280600354e-02
-3.781827027304167643e-01
-4.902939659284548668e-01
2.123050950080251909e-02
5.832423977262699566e-01
1.088836774589747591e-01
5.426679031406074216e-01
5.592105400688751615e-02
-8.818896910064228933e-01
-6.066778720215442178e-01
3.568670416451604765e-01
4.311668473722285455e-01
7.470827726930515666e-01
1.200689890771711177e-01
-3.507826026836147193e-01
5.626056044294189817e-01
8.941679188718243410e-01
6.123276949564528948e-01
-4.638251255364238546e-01
-1.771009840671062818e-01
6.179610365546732709e-01
6.645083477451052545e-01
9.017489519790364838e-01
3.105089209409461759e-01
-3.217553694118073793e-01
-1.441926046426704744e-01
1.933477233888325486e-01
4.260897879986931258e-01
3.465100724290328671e-01
-4.188918216299120090e-01
5.724274717334010276e-01
-9.701967324954097194e-03
-9.495174956279264222e-01
-7.445694001665819073e-01
2.090712683488984425e-01
1.060459459535312732e+00
2.106095701264223408e-01
2.729371247358045594e-01
2.254718176529646456e-01
4.694529535223495031e-01
-3.756413378449758866e-01
-2.030156013505131085e-01
7.321462316735951603e-01
3.033522282323408703e-01
-1.216785780770601733e-01
1.581131005805715972e-01
-4.112045944960609489e-01
2.566417617584759725e-01
-1.563499835917543379e-01
-3.730913281050005637e-01
1.261576006019109464e+00
6.726931669113076495e-01
4.533535365473220224e-01
-4.089329744311660519e-01
5.253152809874563900e-01
1.222275719720347098e-01
-9.915359777837746691e-01
7.307319841929587056e-01
-2.565191662614791923e-01
-7.945041817982172461e-01
-2.296744376224664208e-01
-7.887362786823493011e-01
1.522821506773337497e+00
-4.197493571198727125e-01
5.968869587968264057e-01
-6.705707667921547710e-01
4.149271704109525061e-01
8.013752427757667718e-01
-7.420945496968824884e-01
1.668027214142407288e+00
9.171852931680462007e-01
