1.561843029169283525e+00
-5.711860345632349123e-01
7.948402645195260519e-01
7.838836163519147249e-01
4.671737492333605246e-02
2.858848976782981666e-01
-1.287940068391115744e+00
2.314127552717470948e-01
4.445401479089845509e-01
1.524961484250130006e+00
1.432514882949458723e+00
6.694101365692439742e-02
2.107482281064716467e+00
-1.542366915011812001e+00
-3.715556131649879745e-01
7.429982476139258551e-01
-2.265067834326407237e+00
-5.236724320242629460e-01
-1.279043971546989233e+00
-7.770216817682085164e-01
-7.043893839647834554e-01
6.927817444974877503e-01
-1.472817651233619962e+00
-1.863490191974375598e+00
3.410533650355338509e-01
-7.524792708552183740e-01
-3.281007963483979495e-01
-3.239006015559828811e-01
-1.909726537417721914e-02
9.259216695212213466e-01
1.066837403536217366e+00
-3.706904099988683754e-02
6.994601343434929674e-01
-1.231225022664732549e+00
1.262730560082236053e+00
1.432439061054431306e-01
1.304536021335829687e+00
1.929946511609523796e-01
-5.114814285752071754e-01
-5.462524049457879727e-01
-7.396425320468384967e-01
1.151236414263902219e+00
1.434759760422981145e-01
4.411863592689861946e-01
5.744343968790834865e-01
-2.155899791428184997e+00
9.711290318568996938e-01
-4.131826504865987459e-02
6.133400932086141566e-01
1.003427518978354804e+00
4.344439612428407926e-01
4.665568726263193966e-01
9.007281452509623421e-01
7.984450965401421740e-01
-1.232879121325005656e-01
-8.997365941140245127e-01
6.457978041188425777e-01
6.152441732723579193e-01
-5.194204690504919952e-01
-2.569566741142566890e+00
-1.572210622832326266e-01
2.275349168466666683e+00
-2.285765572238203092e-01
8.925172512176864359e-01
1.401230420747719307e+00
-4.225164424279466147e-01
-2.260054396298816215e-02
-8.099755461880526752e-01
-2.596596362112695289e-01
-4.414868734513541781e-01
1.335688640823575746e+00
1.677585524168039299e+00
8.043731458241332177e-02
1.097932533901497365e+00
1.125495590884023400e+00
-2.903549897767687682e-01
1.562101560442521020e+00
-5.696426292576219907e-01
2.948852820500622585e-01
8.000296052321402840e-01
-1.108116338932804368e+00
-1.048380514837330413e+00
-6.868070124266179022e-02
-6.886072233511599805e-01
-7.568244329427882278e-01
-1.001648874604428308e+00
-8.703269819081116410e-01
-9.091902482381977180e-01
-1.548824942532989191e+00
-3.557459275485523875e-01
-1.368825850926551624e+00
4.210036219486754661e-01
-1.128478105274107968e+00
5.163713619023599932e-01
2.163563277710666810e+00
3.456172910986108349e-01
7.588701480348802875e-02
1.776926963069152876e+00
6.842896306636117032e-01
7.813303216348987945e-01
9.337877278886903554e-01
6.836104403108578254e-02
3.448223703889841119e-02
1.094923140875405210e+00
6.078447637158133077e-01
-7.796814359530079841e-01
-7.340019103453139238e-01
3.379551125495625641e-01
-1.157458458392115475e-01
-2.238003156412541550e+00
5.091770429280728649e-01
-7.848445027036499155e-01
1.405203302479925753e+00
-1.127044161277591883e+00
3.451327594859705528e-01
6.732755035105251196e-01
-1.376713056476482677e+00
-5.070215217065516811e-01
3.568427715257982413e-01
1.661936499444490067e+00
-4.637052520450382076e-01
-7.108469924878688673e-01
-1.434379238053090866e+00
-6.312630013630329273e-01
8.191959833080026954e-01
-3.768301715159907417e-01
-5.510487323386641378e-01
-5.470997691110213168e-01
1.352754220834082588e-01
-5.900409345694601626e-02
1.503218398240164788e-01
2.946945373458786932e-01
1.560332561298408471e+00
8.387907330933686012e-02
4.690750516146753313e-01
1.319793624787948261e-01
4.257992958056799893e-01
-7.891342307624977792e-01
-8.611380914340500681e-01
-2.424390289223669726e+00
-1.724895593614355960e+00
-1.231923935534411818e+00
1.174959209260654447e+00
-1.708958330148893090e+00
-2.671984039217303319e-01
-7.554459833306212957e-01
2.493991887102354532e+00
7.294822990278992947e-01
-2.672971691657952675e-01
9.720363932205158264e-01
-6.587507347918464262e-01
-5.844446908614928660e-01
8.883065316413363277e-01
-2.823599996381869204e-01
-1.732933176272757336e-01
-1.089868876308637269e-01
1.182051417245525649e+00
-1.073357103911542598e+00
1.106529516186053108e+00
-8.176389938873143137e-01
1.386393097702972810e+00
7.289637274625455632e-01
-2.178179478514334022e+00
4.397063388544815155e-01
-2.029475193582062076e-01
4.423372924360480241e-01
-1.488700437902566343e+00
1.331105307772162405e-01
5.206855152018068367e-01
-1.045952153579952082e-01
-7.431005492285862601e-01
5.402922899513722399e-01
3.222214787405182079e-01
-2.540127834473446811e-01
-3.080990495661222184e-01
7.981538456586889652e-03
3.741878299211478520e-01
1.121784336603397492e+00
1.161340840513366501e+00
4.991229819320777139e-01
1.115637694761115739e-01
6.138839079357127915e-01
7.796291198285096868e-01
-9.621969892435497940e-01
-1.765134022062455177e+00
1.882370539973237555e+00
-5.761428592253468040e-01
2.116984169108224734e-01
-8.465837676697320902e-01
-4.574781443929190061e-01
-4.020047359499123729e-01
-7.921814680197112324e-01
-8.609699267631549802e-01
-3.827058876217179773e-01
9.440267212292852150e-02
-7.721363283849864700e-01
6.610349362950458385e-01
-1.503548407006358723e+00
8.352623828169960518e-01
-4.401128185901761469e-01
1.210848556563854928e+00
5.169123195500517909e-01
-1.555940990670041657e+00
9.549927107867794973e-01
2.571149682828931304e+00
5.098449340947883712e-01
-2.687636573568363829e-01
4.058637115432839337e-01
-3.419782149629160273e-01
-3.522348598184734669e-01
1.054077890014752938e-01
-7.992824878045041714e-01
7.688208650379984022e-01
-1.895696146167050955e+00
-8.813196108196246215e-01
1.877454623361929364e-01
-6.654587381357490727e-01
9.356355161163287804e-01
2.108670435751047734e-02
2.448759076122276390e+00
1.349249883126546479e-01
-1.463781873409126799e+00
-3.578737793575532677e-01
3.717265655886148323e-01
2.339412010459438918e+00
-2.975240252905644311e-01
5.822787901306494263e-01
-1.451735522950040824e+00
8.196468064962658673e-02
-2.440013251031816210e+00
2.217616054720501495e-01
1.283004662390485606e-02
9.349923789399454677e-01
-1.568011311325734791e+00
1.829792665110621108e+00
1.487825679547142954e+00
-9.803067706802277570e-01
7.494478717150254710e-01
-1.031367877690511747e+00
-6.530768339326442629e-02
-1.267837585481604634e+00
4.192793624777513273e-01
1.379647007906326550e+00
3.954549457555653902e-01
1.397875184210004562e-01
9.469443633842917762e-01
-1.305037051884699650e+00
-1.009485704879025114e+00
-3.036750046147975723e-01
-2.161267957795458550e+00
1.359334061840664631e+00
-1.575976871112283462e-01
8.991242089918962677e-01
7.567726342594607303e-01
8.611012257690138227e-01
-1.375954844860002524e+00
6.005134026989802365e-01
-2.116677942967894577e+00
9.843930655151424958e-01
1.941203905496568183e+00
-1.979129745711354360e-01
1.495687378121104416e-01
-1.183111451811002190e+00
3.606066962629839168e-01
5.493544006139261526e-01
1.186120780552567311e+00
6.491743798359284057e-01
5.560479916584473159e-01
-1.094139071973309285e+00
-8.958731133569743932e-01
3.816596667231415552e-01
2.416251272416065632e-01
1.752538127183974836e+00
-3.300323906225450799e-01
9.361447834583627170e-01
9.839430919624581051e-01
-5.560885991415167595e-01
3.471989059964801783e-01
-1.530765449146844759e-01
3.613509223415274363e-01
-1.085049859648164361e+00
-5.247540685667733129e-01
3.263371961853511749e-01
-5.053253290993104940e-01
6.345530374244638949e-01
-8.640177251552909610e-01
-1.178769317604882794e+00
6.433255102488484312e-01
4.607311698430311964e-01
-9.542296932973055590e-01
-9.139568577140497752e-01
-8.318579821919218631e-01
3.579419894738835595e-01
-2.598713016000910869e-01
-4.370570213776989732e-01
3.375856514918389450e-01
1.315981545043648282e+00
1.347716969200649650e+00
5.245797654471431315e-01
-4.390788382071599827e-01
-1.293783945907973632e-01
4.698055628375339410e-01
9.977361966107887170e-01
-6.372171886996689238e-01
-1.592923917510901788e+00
-7.825977749149792828e-02
-1.787637657737694674e+00
-1.200524717848848066e+00
8.204855534520607563e-01
-7.672482110952234535e-01
-8.610809461917821039e-01
-3.273947536740386965e-01
-1.390617335608482996e+00
2.549113106907388016e-01
-1.667704881682090079e+00
1.161632071671768074e+00
7.678514173484440875e-01
-1.435748139800621104e-01
-7.385423955716117206e-01
3.086635953508807262e-01
1.540677855135388796e+00
-2.826591302509138259e-01
3.447382687244981980e-02
2.127188165084268334e-01
6.306197817008198925e-01
-4.023776376083194606e-01
-4.622283239897555518e-01
-6.497890064470270843e-01
1.729115466789203914e+00
-5.688687568868431299e-01
8.888507600083519478e-01
3.176371691452617441e-01
-7.004996747612679542e-04
-1.030234692716234246e+00
-4.064323320692047048e-01
-6.498865587415405543e-01
2.805973763052671544e-01
1.525527816203773313e-01
3.244452869020086894e-03
-1.113156405080776956e+00
-1.313872785297638401e-01
1.886102142699712658e-01
7.303899818301857749e-01
-1.051714998504133636e+00
-2.228061649290689061e-01
-1.436860925489724217e+00
5.153265843811913882e-01
1.948353756316343777e+00
1.919272711055093339e+00
6.418029253101202869e-01
-5.052451269461188943e-01
1.160729459308722511e-01
2.397076337564836734e+00
1.067430514639520212e-01
-1.709442017693389104e+00
-1.233683249965148221e+00
-1.191085972990090447e+00
-4.377047393791286822e-01
7.866885787681354714e-01
1.227654860076228260e-01
-2.663730720866173129e-01
-2.292924911091702711e+00
-1.990316775947934325e+00
1.058827775519548098e+00
8.596842265458093379e-04
4.062590823001581697e-01
-5.565194268724340532e-01
8.550840153894370133e-01
-4.435292510795214582e-01
2.593529725332341940e-01
-1.019850061069980551e+00
1.097006606925536865e+00
-2.689998386979555178e-01
-3.350588122892474985e-01
7.233272822392784462e-01
1.949550293489412667e-01
-4.236755398925158289e-01
-6.950099547868067162e-01
-3.218812526589314160e-01
-2.261836816170186282e-01
1.274612966547074677e+00
-3.472294778152633654e-01
9.927329760482983545e-01
-2.685078304433234919e-01
1.881213150922311783e-01
9.094575279782022292e-01
-1.561690993075552925e+00
1.072816681316336229e+00
1.508395233876125729e+00
-6.982102764518209881e-01
-2.743832433914068503e-01
-1.804008432222020009e+00
1.732091841993765868e+00
2.025862366586199670e-01
3.546764468081491373e-01
7.074568411716732896e-01
7.085975856029458342e-01
-1.049556544197052244e+00
-1.073811050081494134e+00
-1.355018065272250993e+00
-1.150486925461280840e+00
7.531118274615558050e-01
-1.175347973634926380e+00
-5.425230586321161397e-01
7.072297756794956314e-01
-8.283587081181025269e-01
5.025290080176016971e-01
1.915054997427843020e-01
-9.127464163055485358e-01
1.128404403229321673e+00
7.813662389906381733e-01
8.066321121096686753e-01
-4.850342092889734502e-01
2.458911875034885952e-03
1.007705214156578322e+00
1.325632520302621131e+00
4.749549046942238562e-01
-1.823985573661812687e+00
8.910328048245794719e-01
-1.743018624474317324e+00
-1.772340950748292343e-01
1.084650850056151583e+00
-3.808211049838208240e-01
-9.146013184792325390e-01
8.854484397370967486e-01
-9.356826418497030673e-01
-1.453112612107301249e+00
9.448889739228683027e-02
5.743856671625104937e-01
-1.089308649590172706e+00
7.094678010770323340e-01
1.602749923794609899e+00
-1.779661215558299148e-01
-4.743832326941159749e-01
-1.168453503518736447e+00
1.326743867257479614e+00
7.731728967220661275e-01
3.978221149471448115e-01
-1.034413239751541536e+00
-5.696314942684255200e-01
-3.840677590646670581e-01
-1.044316021912468084e+00
1.563321214518298419e+00
6.828218451795207145e-01
2.216371150565485948e-01
-1.558992149463369614e-01
-2.563796546930081632e-01
1.983136058732176465e+00
1.813981656749028559e+00
2.894226106274002674e-01
-1.728401423482719856e+00
-7.299870951841320732e-01
3.079487469648967135e-01
4.999791731057321442e-01
1.868921947638000347e-01
1.505545146206692664e-01
-1.515834244839888711e-01
6.036834532593395863e-01
-6.448281306013390335e-01
2.201923331661950201e-01
-1.109097823625679879e-01
-2.294091606974966169e-01
9.406375020476342996e-01
5.162141307846859206e-01
7.403219115008408124e-02
1.120161974004938443e-01
-6.790877604714840032e-01
-1.046550280138003330e-02
7.407541220689806138e-01
-7.498534259100102517e-01
8.980570791577342504e-01
2.029464973324461852e-01
1.211992480186516730e+00
-2.135131390842386789e+00
-4.317804489876060359e-01
2.562470225043878003e-02
-4.480928076980328356e-01
1.206370984700644300e+00
-1.251973144257814141e+00
-1.674635986443147484e+00
-2.072530082274202101e-01
-1.614633790923777568e+00
6.734914675139673790e-01
5.467890485802335832e-01
-2.319810248990830104e-01
4.497588859184684651e-01
-8.124969635624248454e-01
1.292711677188012054e+00
1.480118213762953161e+00
-1.744329445823943558e+00
5.817824678793650506e-01
6.557833116410112240e-01
7.530593126188787068e-01
-8.835279908296067575e-01
-1.880944991674091682e-01
-2.873104929897429827e-01
8.596458690981805262e-01
6.168138415793098517e-01
-1.816328479459468070e-01
1.646549254132123608e-01
1.238235649842058805e-01
-1.306302290699341562e+00
-1.127592944036176270e+00
3.834538321428473395e-01
6.000044999543874269e-03
-9.393786442890155186e-01
-7.229404428870473964e-01
1.028944736018486239e+00
6.173238477503701915e-01
-1.019559084904630097e+00
-3.740837934913061602e-01
-2.675019914935266030e-01
-6.539935602680326809e-01
