3.165417054344937142e+00
-1.003485730081727034e+00
2.608257445172181832e-01
1.018948159823237276e+00
1.323476219967972156e+00
1.750765556225625019e+00
-3.511826654253367153e-01
6.883216031721612893e-01
9.961864524169747881e-01
2.938592068299907822e+00
1.004602135202294022e+00
-1.503648445500051167e+00
3.111184273168976944e+00
-2.272490162404263714e+00
-9.383860066925633348e-01
6.755263271787326218e-01
-2.990983214124355527e+00
-2.467695433366063895e-01
-1.158962104775534740e+00
-1.680212396624529703e-01
-4.845302223148086895e-01
1.140882329683440943e+00
-2.342034672917192140e+00
-1.887430145020099204e+00
2.777649869104514835e-01
-1.220748955664030078e+00
5.258587603568587454e-01
-6.572058361269137450e-01
-2.528873627241781108e-01
2.190973787391483185e+00
-2.572155844929522317e-01
6.415899926885826332e-01
5.360143745784515801e-01
-4.830061782081997990e-01
2.323589021954497014e+00
-1.582140986775524283e-01
3.190783461906967489e-01
4.540390501693885028e-01
-6.459916905939655507e-01
-1.769222150624108369e+00
-7.342863080389925301e-01
1.663603880286839143e+00
-1.341468126078630085e+00
1.771777961635645937e+00
1.077775618969182503e+00
-3.647982330319876620e+00
-8.325495885361000603e-02
-8.587485336415392467e-01
1.684459608902604266e+00
1.128730877935649524e+00
-3.757927505119464939e-01
1.707909002839183898e+00
9.713943052068909623e-01
2.618101642573044785e+00
4.181883338618499479e-01
-9.939419764441055349e-01
8.811984123447089701e-01
1.205070807313362025e-01
-7.811096622355604424e-01
-3.793822132082556031e+00
2.116329941312322660e-02
2.507501175650683756e+00
-1.171442572976255647e-01
8.279871786974410952e-01
9.939172505006377278e-01
3.753535608377411847e-02
8.094775033167733724e-01
-2.289497448058034124e+00
1.356855642646079829e-01
-1.861502794240510461e+00
7.756268676259026051e-01
2.066075146362587489e+00
-9.394979024392497990e-01
1.358870050934011253e+00
1.206223282498335436e+00
6.424736811327367292e-01
2.361849111234377574e+00
-4.488434905508125183e-01
1.774912726000997587e+00
6.656676344599432582e-02
-2.212216546897857405e+00
-1.578260397514701374e+00
-1.228579820462231798e+00
-2.141088787111030456e+00
-2.324345104923258631e+00
-1.670639303757257110e+00
1.131917626165623858e-02
-1.181879818743673649e+00
-2.221529297686405613e+00
-1.041873962699078504e+00
-1.818989568374187904e+00
-6.194385333162557572e-01
-1.884152348930689946e+00
7.965570108547384010e-01
2.173155242888388017e+00
7.480024068874691068e-01
-7.354925878260871741e-01
2.556037010037527146e+00
1.031612239116078911e+00
5.278879398966926928e-01
2.761385693361604332e+00
7.850337147882902045e-01
8.697037629372950107e-02
1.991185496005122957e+00
-4.348175881711524582e-01
1.238997690381102856e-01
-5.846218006600958361e-01
-7.160756551813189930e-01
-3.662749610284166124e-01
-2.160887307687909598e+00
-1.384114826107979646e+00
-1.144947187728449833e+00
1.041814568917364348e+00
-1.649585919556353364e+00
1.500084826065393173e-01
1.363808990066790017e+00
-3.952330237163770299e+00
-1.419606884092469379e+00
5.913980812268686549e-01
2.609244110698131891e+00
-1.073774406347032251e+00
-3.393782174944597330e-01
-2.742969662586180135e+00
-1.982636584802440538e+00
1.041877963591027800e+00
-1.270291721380096828e+00
-6.158913933070131463e-02
-1.113858104215839973e+00
-1.092026415478549950e+00
4.555050470594022016e-01
1.330296555655299251e+00
1.305428976739730906e+00
7.285967145682601398e-01
-2.179305007158660601e-02
1.041851477500840062e+00
5.164190615314492305e-01
6.190231664203071915e-01
-3.534814190872570538e+00
-4.423104357701932443e-01
-2.876959449500793742e+00
-2.314237115247034460e+00
-2.411268313194399049e+00
1.643510710010104958e+00
-2.301116232242949700e+00
-1.545720441417693269e+00
-5.632901103579062152e-01
2.692382530541466146e+00
2.570958891507579835e-02
-1.562840871877751336e+00
1.111840791152487462e+00
-3.320326709445362567e-01
2.944198765936878459e-01
1.817117630078380230e+00
3.346323441631877671e-01
3.291002555654820583e-02
6.739711976557938300e-01
1.704172412729686670e+00
-9.049283580958622508e-01
1.753126700827376538e+00
-9.665648116375304966e-01
1.566192709417131290e+00
-6.139889160038816129e-01
-2.965771660499114226e+00
-5.016862302321998257e-01
-2.031182296071694537e+00
-1.035129328715198582e-01
-2.411526139164185789e+00
-3.594750213907982328e-02
1.947483827202681539e+00
2.103096097818504262e-01
-1.225542061286963413e+00
4.840728376574920944e-01
3.674933321536464348e-01
-1.958087630745355412e-01
-1.511897229588519131e+00
1.627480410727248916e+00
1.815957204374482714e+00
2.338977932399862070e+00
2.860871235807103119e+00
-2.924859248903475262e-01
1.103269457074418369e-01
1.825125752301559601e-02
6.391264532550522404e-01
-6.588179087507821663e-01
-2.740075082540652129e+00
3.913955451041925215e+00
-1.638318850943178084e+00
1.745627132048355179e-02
-1.573404182611887858e+00
-1.763119787567424268e-01
-2.791373710134168462e-01
-1.858802764465569801e+00
-1.157077778104493859e+00
-1.900668151159043973e+00
-1.058235760499482314e+00
1.061660490242136490e+00
4.341245233250923263e-01
-1.852699468438432806e+00
1.397576032312474403e+00
-2.696148924329466290e+00
1.147079389779129599e+00
2.430993603826365757e+00
-9.200403146030886603e-01
1.469869037666114764e+00
3.093537255356293869e+00
2.696437724658942159e+00
-1.034025854657618648e+00
4.415436418149152331e-01
-7.572555937365708090e-01
-2.463674699522497846e-01
-4.314504248921515739e-01
-1.862029004003959987e+00
2.791103440268880576e+00
-2.687199390958759260e+00
-1.940805767339224275e+00
-1.282891080860188104e+00
1.385173737596174348e+00
3.927695626161167297e-01
1.209298911669428378e+00
4.075963531685042440e+00
4.735838460129206950e-01
-2.064794789655335361e+00
1.920375865830585838e-01
3.806366957690032748e-01
3.048402981233458320e+00
1.037876218246358562e+00
-1.376309528284807016e-01
-2.277041797379985688e+00
-3.753251469128207063e-01
-2.911415868237809956e+00
2.384997738041629844e-01
8.220861889754447205e-01
3.234331772098839153e+00
-1.665366045504024228e+00
2.306618570121448997e+00
1.438512154864577397e+00
-1.689345953015345181e+00
9.101478491457637432e-01
-2.273983346983159848e+00
-8.403002568232356140e-01
-1.438132667878688764e+00
1.301609276798512127e-01
3.137536721219653657e+00
-7.555431025398284817e-02
-4.955804862460757576e-01
1.801896811263173248e+00
-1.246726414023355378e+00
-2.816886712784793190e+00
-1.079278219982642284e-01
-4.393443489138452840e+00
1.972786314487873227e+00
1.491117881251047272e+00
1.080039061694985314e+00
1.594152690576580156e+00
5.282529660849277775e-01
-1.269426409646890352e+00
1.512098192653460238e+00
-4.004114963241724112e+00
1.664956416268372763e+00
1.202733965581252562e+00
1.183248845641852398e+00
1.467004743155186475e+00
-5.791689913693627290e-01
-1.056190090806047088e+00
1.044629508132598694e+00
1.615562413578133238e+00
1.265666286862838774e+00
-4.069494508441353631e-01
-1.038143131898273452e+00
-2.472961295369650703e+00
3.710365946961600159e-01
9.517903855428659909e-01
2.552108596274777597e+00
1.102252609955103324e-01
5.248142332063530091e-01
2.185383325324603554e+00
4.833241293083512247e-01
-8.287574297168482929e-01
-1.871752381698781331e+00
1.574348732528196848e+00
-2.186001556287728853e+00
1.587879493596675573e-01
9.495489235638139291e-01
-2.236458909041440624e+00
4.795147641812373962e-01
-5.769625669664710799e-01
-3.302264043431479834e-01
5.130492834407016645e-01
4.011300872739962387e-01
-1.021388340519907345e+00
6.258568797355952285e-01
-1.794040957032548178e+00
-3.540428646168791715e-01
7.461960854960434375e-01
1.335046715726351252e-01
1.179028799894947355e+00
1.191066280880203720e+00
1.728226165193383679e+00
2.508090315820776794e-01
-1.306077120030364469e+00
2.708006109157548025e-01
-1.156095647571542706e+00
2.375653259031379250e+00
-1.621786115916688420e+00
-1.252508797923041151e+00
1.341790481424380843e+00
-1.635292961479506424e+00
-8.186835602755540009e-01
-7.609738108129873169e-01
-1.785776096464957163e-01
-1.893537123191844529e+00
-3.451683645448397897e-01
-9.117074716301818427e-01
1.787495629631514760e-01
-3.174954300042402089e+00
8.813622532071372362e-01
2.979834946844048815e+00
1.223186396869124337e+00
-1.148051596263552909e-01
7.303708835812567912e-01
1.522868495670288702e+00
4.249279714495237670e-01
-1.886828980143580026e-01
-2.172312767867605743e-01
1.503413840453888817e+00
-8.255894147854458964e-02
4.372456718059964942e-01
-8.938773058989131215e-01
2.664098305628464836e+00
3.846179938213625249e-01
1.392749923626910302e+00
-2.958447453229453572e-01
-1.076039336318435069e+00
-1.083541777889561963e+00
-1.802779506439490476e+00
-1.685684033298545437e+00
7.961398576802993787e-01
1.359873520498276811e+00
-6.425245252039157862e-02
-1.267937127852911683e+00
-4.945947217862061152e-01
6.738280554228062158e-01
6.446800760900774918e-01
-4.537191468357288926e-01
-9.957989356183913898e-01
-2.040839532047265426e+00
1.698477843859668823e+00
2.570310423726718696e+00
1.613013281920707698e+00
2.506415660655667565e+00
-2.010459467967154357e+00
1.931431672477508243e-01
2.361098380308379596e+00
-1.196572586201547495e-01
-2.195850540605893464e+00
-8.836045123589535422e-01
-1.832863903404775119e+00
-1.354573269303046779e+00
5.073357243852916199e-01
1.005162293897496006e+00
-7.601730187408737294e-01
-1.363295750754311975e+00
-2.094798442686830242e+00
1.606436581334593328e+00
-8.337922826759704975e-01
-4.517067337977387353e-01
-1.929321032349529119e+00
1.355771696831214790e+00
6.913253709822448911e-01
-1.957182866304032487e-01
-1.595026543185649626e+00
2.304472207867367395e+00
-2.118417759818136403e-02
-7.846338161010280032e-02
1.605813400573258498e+00
-2.212391994505296111e-01
-2.829655014989054251e-01
-1.450535534299798535e+00
-1.110502717721068677e+00
-1.096110012644482268e-01
2.188628647092452972e+00
-5.520374808143566625e-01
1.892982442842963131e+00
-1.693198570468959829e+00
1.387781814604776010e+00
2.161337124769287854e+00
-1.361998258284713437e+00
2.037005785880562136e+00
2.396993923805991855e+00
-1.643753615291256409e+00
-1.642263684304344107e+00
-2.578194317173959860e+00
2.188274475798452912e+00
-3.540330725604245998e-02
1.972028122141963991e+00
9.617350281612999652e-01
-1.235387729371764109e-01
-1.583994391854544048e-01
-2.288427746689141173e-01
-2.019435129768685222e+00
-1.400306900133080568e+00
1.144630320949451274e+00
-7.706274981922618394e-01
2.625573625537107603e-01
3.336568011540013146e-01
-1.600649118035529561e+00
5.833443314451400852e-01
5.938615220008758300e-01
-1.148433290131701145e+00
1.601338811177514643e+00
1.173956211952946305e+00
1.189013684715252595e+00
8.876853306207426186e-01
-5.404161345468869726e-01
3.015862376656325949e+00
-1.109265157496750476e-01
-2.162024454282089891e-01
-2.575929054027202625e+00
-3.301379770549761616e-01
-2.363133410552204161e+00
1.190800882471283018e+00
1.651176181337219440e+00
-5.922732511911021902e-02
-1.689092833745520661e+00
2.122721569173403822e+00
-1.420066345409228603e+00
-2.924619188044191187e+00
4.429697290247940344e-01
1.949998540810096159e-01
-1.962589932847248697e+00
-6.373548338193373297e-01
2.119699886501469344e+00
-4.935127063571220773e-01
-1.715459080797169911e+00
-1.862724941587858396e+00
2.696439058508481423e+00
1.749642108229393145e+00
-1.058736844537249144e+00
-5.328598664087556003e-01
7.901452642144235483e-01
2.467581022635814136e-01
-8.591532301105289093e-01
2.730692607789320547e+00
1.034723938876255467e+00
-2.999165732476392066e-01
2.422682684315518031e-01
1.044988270075755565e+00
1.241883766124961319e+00
2.670579412540865505e+00
-1.589426612763018554e-01
-2.303445161112096962e+00
-1.024277188494426394e+00
1.281583348081680285e+00
-2.539272417274611726e-01
7.014354376422984316e-01
1.051061218442751688e+00
-1.154951736882136260e+00
-6.674075008996354086e-01
2.204977433691119870e-01
-3.123543820916001579e-01
2.733248557797001155e-01
-1.136103108618111701e+00
5.485658151850802966e-01
7.714667376906749752e-01
-5.160356477187644231e-02
2.038724825431751597e+00
-1.882925219402108219e+00
-2.171371782168796116e-01
7.828867277730156005e-01
-6.947943535120977288e-01
1.222988034846704153e+00
6.710137677377714382e-01
8.997873405402989633e-01
-3.224528765288829923e+00
-1.071802189287588192e+00
3.054835960221211622e-01
6.002785891682780317e-01
-4.947506103259673438e-01
-2.025125169958017057e+00
-1.918393839750540675e+00
-2.151248050777192500e+00
-4.241664660021458033e-01
8.880662264343843759e-01
1.360535764018901972e-01
-1.535512092390343142e+00
2.295723817346800644e+00
-4.746344272340170534e-01
1.201385853931893344e+00
2.693360063182138830e+00
-1.722131609231026594e+00
9.494438386278876152e-01
1.678011991160992977e+00
1.278278146765642553e+00
-1.781787649021009390e+00
-1.044361895737644375e-03
4.639749523693073030e-01
2.309808515593907430e+00
1.642056370586865377e+00
-7.830902329173197174e-01
-3.404899932779423821e-01
1.054946223703865371e-01
-1.698943302489700713e+00
-1.163405447055676500e+00
1.244275324394905624e+00
-8.397229243022508172e-01
-1.529099855158969845e+00
-7.829967422959525081e-01
2.390560657280125234e+00
5.997373282669897776e-01
-1.549278811907869091e+00
-5.494585886219898185e-01
-8.059695260916637238e-01
3.924651330046149411e-01
