4.380049295254170971e+00
8.114719046294016636e-01
3.662250868006466931e-02
1.482431096007985616e+00
1.687044026722852585e+00
4.683086246966698951e-01
-1.640609768675838964e+00
-9.032388472037089500e-01
-6.252803675963978236e-01
2.833492156407424467e+00
-5.570174143291186653e-01
6.282565424266284282e-01
8.925039270586356821e-01
-1.225966086862715798e+00
3.205826679740786389e-01
-6.519593776299554833e-01
-2.321508155729572476e+00
-1.933276617580979018e+00
-2.404150743865132611e+00
-1.412729527382511563e+00
-1.401140884575927892e+00
1.384908010882210050e+00
-8.776547001173273799e-01
-3.175165899827784521e+00
1.397380655502256097e+00
-1.963647015318760847e+00
-9.758939728650570800e-01
-3.196376061671861724e+00
-1.106324522893297413e+00
3.242825889141661477e+00
-2.499346198613591419e+00
1.474802711838876235e-01
4.039682280866285780e-01
7.853774504779176269e-01
1.298988948808418087e+00
8.257763413059926449e-01
2.248735556456436413e+00
2.161462651244581146e+00
6.543897266915177369e-01
1.653168006939321089e+00
-2.416109045513438858e+00
2.131666867530518594e+00
-2.304064685694189318e+00
1.867534948468846601e+00
2.245610524797583274e+00
-2.854916486511023699e+00
5.053028229960787598e-03
-1.011278214714401713e+00
-2.567069709904323815e-01
-9.368003840672027849e-01
-2.982547456595907143e+00
-1.384981611481168162e+00
2.312218931011855716e-03
2.611910338777203577e-01
-2.245322660715435070e+00
-3.464751126695879258e+00
5.594641978101435598e-01
-6.801998956266244178e-01
-9.346655286153540132e-01
-2.056567622852238930e+00
8.829934463327413496e-01
1.548117224409377712e+00
1.761000526014111500e-02
-1.718028486282021650e+00
-1.876822561079798390e-01
-2.602133732344737993e-01
7.672052930210941923e-01
-1.785848686993562584e+00
-7.112209621549236971e-01
-8.869482135227846342e-01
-2.331002415536049810e-01
3.762138456091193461e+00
-3.898611302729037220e+00
3.202658636305862672e+00
-1.497720729923416094e+00
1.749100464070729721e+00
3.298771189620461897e-01
1.056165814440550577e-01
2.648344703602067085e+00
6.066214782550449769e-01
-2.447810178432663353e+00
-1.613779560075997210e+00
1.926784694325188951e+00
-1.944559070482966057e+00
-2.452527899093874808e-01
-2.230207094595351158e+00
1.497569149113396669e+00
3.457743473596330830e-01
-1.691044684329390257e+00
-1.280649013962190885e+00
-3.263454317963895512e+00
-3.808398875847442966e-01
-3.033902567840224940e+00
-4.381648039385606097e-01
6.023550195866143042e-01
1.764091500807420054e+00
-5.206997491018920954e-01
1.542367335703773712e+00
8.387720155812772305e-01
-8.117427219145847417e-01
2.474711743303572575e+00
-2.795972845102836501e-01
-4.677674077689175647e-02
3.234488834008484304e+00
1.381073785405892984e+00
-2.416165745089495331e+00
-1.080711232642679320e-01
1.251623138638491284e+00
1.490745205044521349e+00
-2.397932503377724789e+00
-1.611592258407050782e+00
-3.020317774405967270e-02
-1.644285138488570386e+00
-1.858131803082680555e+00
-5.483043174928603491e-02
3.418834136710826144e+00
-4.483272902845042651e+00
5.675942650284104829e-01
3.288432549201221633e+00
1.065902141816170712e+00
-2.883825207333798879e+00
-2.114607853237293611e-01
-8.909546148292513124e-01
-2.431177299093320698e+00
4.197805580286413374e-01
-1.243543639589075767e+00
-4.520214173214487374e-01
-1.677116486873698520e+00
3.863833408580008566e-01
-3.187829946879334742e-01
1.309261520425636149e+00
3.194129165471011333e-01
-2.033843167943834018e+00
1.392973990011856955e+00
-1.812504005127557605e-01
-1.166471671260165266e-01
-5.312046477552563317e-01
-2.923216235378814254e+00
-3.458812530796697260e+00
-2.611848816081370206e+00
-2.675079503810982473e+00
-3.515803655155524954e+00
4.303950006147795548e+00
6.512390480382537206e-01
3.114804657534220311e-01
-1.957245523544204335e+00
3.272409893250296520e+00
1.349539672407564339e+00
-1.978543105805485869e+00
-5.973356010316717146e-01
-1.065247444508692354e+00
-5.661402588250918910e-01
2.840826090133006687e+00
-7.356097107521533118e-01
6.568556380274266360e-01
6.184161028928620851e-01
5.932421806727861124e-01
-2.165669624695697237e+00
1.228059289016671940e-01
-2.445055377909754579e+00
1.293717437247366320e+00
4.941600138721735647e-01
-2.272313555589990930e+00
-2.828801154508351345e-01
5.455574426229272689e-01
5.540975862701289500e-01
-1.220654760863766342e-01
-8.951996754326598804e-01
2.464014412436249302e+00
-1.111859651689822037e+00
-9.442170499958875141e-01
2.559667200499369244e-01
-3.319164013008881753e-01
-3.610897508542152412e+00
1.172171595122235566e+00
2.917137497902430709e+00
5.302129430399133980e-01
3.295021935975663396e+00
1.203932783161137721e+00
-1.069583599650670180e+00
-1.112694333921673273e+00
1.768769629855135861e+00
-4.686132982175248429e-01
2.411825952681643237e+00
-2.232245539151913150e+00
3.104486674312777694e+00
-3.461858533370851809e+00
-3.961399931746214520e-01
1.379946507342461715e+00
-1.256201627585814329e+00
1.468640344998264347e+00
6.887290797314848945e-01
-2.486860581466103781e-01
-3.197474983577405006e+00
-2.363557875300536182e+00
-2.412832213971149997e-01
8.311474439574446649e-01
-3.463759091182522454e+00
1.088931349494678180e+00
-3.432551085543721570e+00
1.734563845376215774e+00
1.046794608988490083e+00
1.943694740158790069e-01
1.121910581953857289e+00
4.510201890501575051e-01
9.641896066282553690e-01
-2.548105093819846623e+00
4.668092998763073709e-01
5.253736516503071385e-02
-1.560421597680599071e+00
-1.294342814679882991e-01
-1.934353067164511497e+00
3.165572218482417099e+00
-2.661253672511991297e+00
-1.537795156094210469e+00
-4.503979195667255908e-01
1.552917006905277120e+00
1.089915253041411347e-01
1.447023019482569950e+00
3.345412073714149059e+00
-1.718244485482909312e-01
-6.550352688312708338e-01
3.868188585830703019e-01
8.393523094447310484e-01
9.137044441055035549e-01
7.659872059575594250e-01
-1.781983348729924366e+00
-1.215403827578640517e-01
-6.499327605822031728e-01
-2.572512612565357237e+00
-8.420558522763474940e-01
1.548201053870155164e-01
1.862119879070399442e+00
-2.172463795677738396e+00
2.020301277089685321e+00
2.993303791403096881e-01
9.067795585405189485e-01
-1.319223230178706352e+00
-1.177006504196448589e+00
4.821105019792071289e-02
-2.436114698558615732e+00
-4.416549853111337853e-01
4.037231266880649372e+00
-4.623031853762569199e-01
1.828765056460537330e+00
1.235202864176940807e+00
-6.325213518415822023e-01
-1.096384103245624519e+00
7.605095784409243720e-01
-1.698615255758476827e+00
1.808962130396924550e+00
1.038536739790898444e+00
3.229185341402246223e+00
-2.241454294026636873e-01
-2.035888242625940592e-01
-1.131967171909919578e+00
3.210205482374616892e+00
-1.884638689292297720e+00
-2.906416105318339049e-01
-5.472245428590714056e-01
-1.122252830191744266e+00
-1.396657993211070981e+00
-2.895552732160275866e-01
-3.958827773897732882e-01
9.907592953375319311e-01
2.864492627140219128e+00
-1.842958913723258263e-02
1.639396701422750624e-01
-1.500612741542026729e+00
-6.359706356130319094e-01
-5.512109535589289067e-01
1.689182221788902538e+00
2.128253006944564873e-01
1.845569285099455392e+00
2.293459991263331332e+00
2.352475060975144139e+00
-2.506250379940901496e+00
-1.694274102700088491e-02
-3.323578617060137130e+00
-6.124748823356895855e-03
-4.211489861288191250e-01
2.942090160562074175e-01
2.107921398292637249e+00
-2.695980555603832318e+00
2.068106468565591882e+00
-7.945197453670438392e-02
6.639386708444208196e-01
1.242639765058388690e-01
-2.100336565137617129e-02
-2.779056958550808254e+00
-4.988521181370098034e-01
-2.436233165066429507e+00
-1.828614812384663502e+00
-7.777541134302774495e-01
-1.855069548959565218e+00
1.938960934126034097e+00
4.484220292431118082e-01
2.227924250138380913e+00
1.225167623578185427e+00
4.465065696729553224e-02
3.591704196634060153e-01
8.703084239498846131e-01
9.467756399765381303e-02
-5.560326560466233303e-01
-1.125173125214718794e+00
7.804456540785515983e-01
-3.547268280312217303e+00
-4.856183639894293691e-01
4.606189387198753593e-01
-1.193905139844892105e+00
-3.382583584719166758e+00
-1.016258991686453950e+00
-3.103014109664693265e+00
-5.544254122279967945e-01
-2.366841963142532812e+00
2.002443678365183999e+00
4.041281650936367598e+00
-4.564380753615129294e-01
-1.196576746564764093e+00
1.073698258283997120e+00
1.128164581783791753e+00
-1.087348362849764882e+00
-9.128544503279814037e-01
-2.802317619482437294e-01
8.641426472700981520e-01
-5.685969721319530379e-01
-1.072304652342466191e+00
-1.138451793764778230e+00
3.150893590799244137e+00
1.258235521744862417e+00
-1.074855670403749741e+00
-9.715824368904177888e-01
9.368589591678411210e-02
1.694963560753589782e+00
1.037807739996656764e-01
2.289884468717867883e+00
-4.065254435311906889e-01
6.825702656342631514e-01
-2.721614692876146435e-01
-9.774886806567009145e-01
8.780529534301351191e-02
-1.285105610124248621e+00
1.315434806887778585e+00
9.168913786469881089e-01
-8.307066471441473254e-01
-3.011571547574338314e+00
2.904202053585294152e+00
4.522422337969466355e+00
1.015552528067482640e+00
8.700268082609854403e-01
1.194163069092972762e-01
2.034513691232406885e-01
2.824794075579319497e+00
7.007366869926539010e-01
-3.961683712660750700e-01
-9.792541774466272386e-01
-7.576009019799112565e-02
-3.779557030916274041e+00
-1.049202502297582384e+00
-1.408956833412331022e+00
2.403468464179111308e+00
-8.700825184045939409e-01
-2.636486861522385539e+00
2.516037355986739499e+00
-5.916386723908058087e-01
-2.151693102684575365e-01
-1.455658308713205784e+00
-5.280151604653129382e-01
7.203240265173782575e-01
-1.472393702955405725e+00
-1.603576275075331292e+00
2.833159764250137158e-01
-2.841613975452892404e-01
2.286930857550445673e+00
1.204393715876094006e+00
2.176507362874601448e+00
-1.630706534359629423e+00
-1.491808756771678013e+00
-1.691301538105852487e+00
8.312379726753329479e-01
1.143831566685951984e+00
1.098720118769738185e+00
1.155298447026470221e+00
7.664352580716116137e-01
1.358776582066916205e+00
1.967305417711160409e+00
1.830236283604833147e+00
-2.838679801155858939e-01
7.150085462948441162e-01
-2.111925541291013175e-01
-1.937418403143149614e+00
-3.469798864491810964e+00
2.472731398433351657e+00
1.591844103017606926e+00
3.175321130526809199e-01
7.209763332532537206e-01
-1.775902893101175550e-01
-4.424159141775145798e-01
-1.740412962892317950e+00
-1.263542118185423391e+00
1.324381567050996189e+00
2.663570050142094914e+00
-8.770434785328014016e-01
-2.430190720838222518e+00
2.182336743772074428e+00
-2.135661296942277243e+00
2.259572110569116887e-01
1.225200107184949871e+00
3.215110311665526410e+00
2.425144389367577702e+00
2.019515578839090608e-01
2.308669598271344547e+00
-3.824377998364347775e-01
3.585263537373339915e-01
3.390110522747963984e+00
4.803037629698536648e-01
-2.853377274195807445e-01
-1.454888730880129266e+00
-9.571808759709643510e-01
-2.460346004928644525e+00
-7.896377681378909941e-01
2.229873641433799847e+00
-7.793390567224118826e-01
-1.035891973792670839e+00
7.171054431851136002e-01
-4.190283058487391799e-01
-4.464460836318145276e+00
-8.377485413776888379e-01
-1.349517478985087227e+00
-3.818808676289480175e-01
9.709826746531113884e-02
2.990340257226255183e+00
-1.935261199213144767e+00
-2.770939997805434984e+00
3.078052724573998589e-01
1.513344970323132088e+00
2.032569468987008854e+00
-2.073752051137618402e+00
-3.277157591704740192e+00
1.772142926181537348e+00
-2.176274188676407206e+00
-1.614381779611071988e+00
1.451776373747106774e-01
-3.862993862826140656e-01
-1.841278301519919669e+00
1.693661496826691426e+00
1.048723366366610676e-01
1.533435695442484814e+00
1.182387877694766054e+00
3.020907211607191556e+00
-2.352709602920695087e+00
-2.209222455686795428e+00
2.400643975572652522e+00
3.804170891181328784e-01
9.237853309430956728e-01
2.514961063678434527e+00
1.210445407997379874e+00
-6.865338699452330218e-01
-7.169129699235270436e-01
1.409682226908461011e+00
-1.276974924172659787e+00
6.729591534990309043e-01
2.332764815470516950e+00
-9.948176414907532461e-01
1.599002312425774619e+00
1.626820628077939368e+00
-3.987381775588966892e+00
-1.720962990923309732e+00
-4.955700199613852774e-01
-1.991825594138207922e+00
2.166632879185018901e+00
-2.582660885024001818e+00
-8.581199690483272136e-01
-2.016949879661437350e+00
-1.753712091972428055e-01
-5.790396482285267155e-01
1.601270670059879109e+00
-4.984372728876111935e-01
-2.727763798796631889e+00
-5.036633242678956179e-01
-1.607352076615176983e+00
8.759351395482042335e-01
-2.255483162136966868e+00
2.794998719110607155e+00
2.823780258546051414e+00
3.708747028639983512e+00
1.779637902603208310e+00
1.188249096392626214e-01
-6.921059904072190960e-02
-2.655275112227251100e-01
-4.626259365320102290e-01
9.729639254693829287e-01
8.873029067012332405e-01
-3.783533568805967917e-01
-1.876383059308261547e+00
2.033626731609619043e+00
1.980486871463302379e+00
1.999722290540873360e+00
-3.259262297932312702e+00
-3.062664927623810485e-01
-1.577727349771312682e+00
-3.871174326765720153e+00
-6.588201767476435933e-01
-2.869374257941917250e+00
4.103426067983919623e-01
4.620584496554940301e-01
8.603765305826227561e-01
6.493558329362727477e-01
-1.295138697283899631e-01
-2.334835226904679040e+00
-2.396643453727095974e+00
2.604570178461171892e-01
9.145877931497734536e-01
