2.641228420841437163e+00
9.362488711949081832e-01
5.745935411034608364e-02
5.249443470274179901e-01
1.260546357465949008e+00
9.048099187051494852e-02
-1.170781929114725894e+00
3.017847926981653828e-01
6.108951846805936725e-01
2.696147297417468280e+00
-5.103969121839559975e-01
-9.095648315545723506e-02
6.883189624984664690e-01
-8.874174541020032336e-01
-3.710026689563381552e-01
-3.390141885716797532e-01
-1.309094501966300950e+00
-4.057047212143451986e-01
6.448487099023925140e-02
-8.488333201503523995e-01
-6.075702195224224056e-01
1.714556865524667018e+00
-7.682976902255154172e-01
2.013756834368933823e-01
6.810456203200008218e-01
-1.052702356631569636e+00
5.539917911267808748e-01
-1.713714517738948118e+00
-4.946274857243384560e-01
1.034435584771675742e+00
-2.407697644282851712e+00
9.293118485173792465e-01
3.574316077876282804e-01
1.960382692864195420e-01
3.025703519645634998e-01
1.599724105046540501e-01
4.198036022835189840e-01
1.341660699696482162e+00
9.187075719368049675e-01
-1.755616014019762972e-01
-7.507449065863474047e-01
3.221918738365125989e-02
-1.732013373770700415e+00
1.208002183443611877e+00
1.689636135488708391e+00
-1.567496693192845125e+00
3.000998644831032180e-02
-4.986982619405946338e-01
-1.292496868342087879e-01
-2.116639248669223150e-01
-1.178725783652515346e+00
-3.774666252994407500e-02
6.731028252380308885e-01
1.255842829509460579e+00
-1.098785039983899203e+00
-1.515115001303225739e+00
1.754466500090146042e-04
-4.254307540690138723e-01
-5.998048400048219264e-01
-1.611347899767209491e+00
4.605087338410251974e-01
1.285926219589645925e+00
8.392347057017595091e-01
-4.452620012411010464e-01
-2.990067616434926023e-01
3.567585904655592444e-01
1.733945064302831796e+00
-9.928490715123405863e-01
5.637652488412765450e-01
-3.554125553212594824e-01
8.161489123283551805e-01
2.160630635258438126e+00
-6.271226733831705147e-01
2.207077120860105879e+00
-1.175449766554963915e+00
1.555656689105628487e+00
1.194261696008867446e+00
-2.621691926105498283e-01
1.150849935997927176e+00
3.634326699887155954e-01
-7.583662694864719001e-01
-1.738469953120617362e+00
-1.140371510661157828e-01
-9.484606921858844686e-01
-4.543599474601496269e-01
-2.178357241411838174e+00
8.035364260917017276e-01
3.467732334312243481e-01
-1.146519282667223472e+00
7.755447427745076894e-01
-1.866225527200644940e+00
-7.460298192915448823e-01
-3.006234449300171363e-01
-4.805929683679597275e-01
1.295261453725000678e-01
1.271398797872702602e-01
-9.306748748318014464e-01
1.180802075265644291e+00
-5.844060360023926037e-01
-2.050145747953422415e-01
1.449384221835030573e+00
-1.172923971288244438e+00
-1.148489346906007569e+00
9.909590348514463187e-01
-3.000091497287149522e-01
-5.173248996682824341e-01
8.529721829848755377e-01
8.243844974848766327e-01
1.201103869821746883e-01
-7.439226085456516202e-01
-6.212125806087094304e-01
3.618420564625228764e-01
-1.964631733026362070e+00
-4.089001522016957324e-01
-1.151851859925574040e+00
6.957689282486914095e-01
-1.789252148222131744e+00
-5.938611156050184192e-01
1.584900276478111714e+00
1.672428635585450962e+00
-2.555459966851824749e+00
-1.162007458792519987e+00
-9.678578360024676641e-01
-1.531143371356765925e+00
9.107882639322228968e-01
-6.775807809715317376e-03
4.307034051855733736e-01
-1.834753831159755322e+00
-9.658932114265992297e-01
3.925823929257195033e-01
8.423275308444821974e-02
-2.807841341116859013e-01
-6.971148179290649338e-01
1.729358633249135302e+00
-1.335481121773152147e+00
3.425278698373954711e-01
-1.464797122644323490e+00
-1.412324465280196506e+00
-2.155856680330541231e+00
-1.253673461580597781e+00
-9.107731478196132713e-01
-1.701287007887285263e+00
2.261682754550616181e+00
4.113218248858094839e-01
5.773877149060702152e-01
6.742214668924368937e-01
1.079213200705867237e+00
-9.518930561292737735e-02
1.305010509396087315e-01
8.372330833377077397e-01
-1.959680185468997138e-01
-1.042009943229772695e+00
1.393819964162692493e+00
5.794366937358050862e-01
2.532019853449654079e-01
6.817477942998548812e-01
5.915416270286666389e-01
-6.539677962388514842e-01
2.302714198429622883e-01
9.646052131531135387e-02
5.454545435493542982e-01
-8.557281128776974555e-01
-1.030532803686127430e+00
-4.915310693814536336e-01
1.345586758697956853e+00
-1.058784779500019368e-01
-1.005508431770488098e+00
4.125293964287957138e-01
1.500992148507164003e+00
6.452653252957532004e-01
-2.043900777361518095e-02
1.660040071539761186e-01
-5.897443219844547002e-01
-6.181394589507327453e-01
1.266100964361484671e+00
2.165624687379679614e+00
1.284389335803227894e+00
2.434665682611102611e+00
9.321154115580316812e-01
-5.438067302889066923e-01
-3.618625085603515146e-01
2.117073352783540585e-01
-6.678821714957381417e-01
4.763995718618172504e-01
-4.469787782987735270e-01
2.207648427762531895e+00
-1.975511678525123216e+00
1.380443408225628943e-01
7.328080158819716416e-02
-7.130507529033556224e-01
1.062086347584348722e+00
1.493872693936069140e-01
-6.582266436405515009e-01
-2.382377756818161441e+00
-4.726549003401441240e-01
9.099634296685010781e-01
5.319640441405670828e-01
-1.783556116582091455e+00
8.222266784027256747e-01
-2.162916816624165683e+00
-1.148941248368935408e+00
8.558054592367110303e-01
4.829676709458130546e-02
1.238853152544550085e+00
-7.014615279324631913e-01
1.462062032441466819e+00
-2.110527846320068512e+00
-1.688135705383420060e-02
1.921496981209633859e-01
-3.927698102981738160e-01
-4.680096352011116068e-01
-1.142291886444095628e+00
2.925284536663150803e-01
-2.931172922633589195e-01
-6.342070500377419151e-01
-2.772712644509942592e-01
1.662965936273483436e+00
-1.197247819316473727e+00
7.900381295829328465e-01
2.112380372263686468e+00
-1.350216202270480892e+00
1.794780056427400794e-01
-5.525668684448286072e-01
6.630003191284394859e-02
5.256717165206756803e-01
-1.050936789661361281e+00
1.411797710457651789e-01
7.609806096341920068e-02
3.554284006376740024e-01
-1.279626503289580164e+00
1.621343467880631550e+00
1.626963613365932204e+00
1.464320299434187511e+00
-8.372969381529218325e-01
1.212980985682560409e+00
-4.859874305898541635e-01
-3.292386541999219318e-01
-1.149598501155255637e+00
-9.420356643037344213e-01
-9.692353090461480747e-02
-5.343191971522802675e-01
-6.824160040697266894e-01
2.644412051160419885e+00
-1.038926107401420662e+00
1.691860675841696526e+00
1.192810777250158161e+00
-9.616936920508454278e-01
-1.583209530172367430e+00
1.442799787880721496e+00
-1.412306465515448917e+00
1.339978081021967249e+00
1.045964767414112373e+00
9.466023351193753044e-01
1.202528150774729632e+00
-1.182621904195177986e+00
-2.414606712046847292e-01
1.893198327234426159e+00
-1.336495098596839348e+00
4.710372042010231297e-01
5.483301605146984059e-03
9.276854713173765532e-01
8.147899705653252056e-01
2.029569184560298112e-01
-1.107610104886451730e+00
2.168018553580433050e-01
1.090569922905003430e+00
-3.332630117849593177e-01
-7.290895838708983945e-01
-4.583190869704543147e-01
-9.676162873751605886e-01
1.671879924451449284e-01
4.839063090465867134e-02
2.503632305234537725e-01
5.570340512063260974e-01
5.006602124379835317e-01
1.563141405944898921e+00
-1.597751863704210962e-02
-5.916050746654999415e-02
-1.121134793100874827e+00
5.418757812107921623e-01
-1.703201280185131949e+00
7.513458260724714677e-01
9.921231141365982609e-02
-5.440189601798719465e-01
-5.453502339398585974e-02
-3.418329669521851244e-01
-5.791922948663836834e-01
1.545238107389634408e+00
-4.265765763329003590e-01
-5.351242321830600446e-01
2.951558939932805714e-01
-9.583977154533060983e-01
-6.200400850820191323e-01
-8.588331923612315677e-01
-4.072131749523961730e-01
2.417303492760709105e+00
-4.641576494913000062e-01
2.134319669435651434e-01
8.974464261269767817e-01
-5.733378020733717051e-01
8.851684938435333549e-02
4.993036767487071259e-01
8.445896917497162093e-01
-5.769554593381887031e-02
2.474263826494302876e-01
-1.398431636320722760e-01
-1.101032997758299992e+00
-5.380150788267465956e-01
-8.010184670732343193e-01
-8.361037006850793318e-01
-1.484265166790699197e+00
-5.523178365719392247e-01
-8.435126699467812017e-01
9.121184466295417792e-02
-6.497566074572773687e-01
6.003580836756157169e-01
2.717537758713010732e+00
-8.301464584342763686e-01
-2.746236877390035858e-01
3.954864876951491581e-01
4.349586741316127103e-01
2.849214411312308570e-01
1.104131564198480575e+00
-3.684794126013226645e-01
-3.281981997263363482e-01
-3.515002696705131768e-01
-1.247581643729724910e+00
-1.591515363982346720e+00
4.783260385958278960e-01
1.639506142764561858e+00
6.258583544926938913e-01
-6.476951884902817369e-01
-3.691725808004875375e-01
8.240299058873024052e-01
2.879533096635586986e-01
1.201471106198158445e+00
-3.018954518636105533e-01
2.263733795432028018e-01
9.664639331563567026e-01
-1.244663121959861396e+00
-6.033287983577402258e-01
1.965356213908009408e-02
5.400053172718521921e-03
-3.584192564806363279e-01
-6.906920682098149911e-01
-9.620000541371886982e-01
1.549627580328765575e+00
1.135620364229355417e+00
8.034177297792250982e-01
1.010183322572317799e+00
-5.424943659858243450e-01
-3.726563288603905733e-01
1.044261043217272089e+00
-8.291961729917716184e-01
-4.673295697279868932e-01
1.179245035348575499e+00
8.180532800104707292e-01
-1.689543370098900876e+00
-3.992990821652835365e-01
-4.555336746158928918e-01
1.023753554271777055e+00
6.344036081251562820e-01
-2.313943764801055458e+00
8.512676570849473379e-01
-9.618481631760396056e-01
-4.916109837966642360e-01
-3.657192279796364076e-01
4.383720662188022033e-01
8.883319964595459695e-01
-6.554123564535423441e-01
4.479763648966015310e-01
-3.189335166047548853e-01
-1.527854264352787261e+00
8.807028935565108796e-01
1.460444187910743707e+00
8.622122990172442769e-01
4.335520261524372643e-01
-8.259558651630367621e-01
-1.092371083694594347e-01
6.722634063796917303e-03
1.120899675248940852e+00
6.315279378193121573e-01
6.892338654263943098e-01
2.173966376480862550e-01
1.614436807049566269e-01
3.058659217521542573e+00
6.781933147938179474e-02
2.594180854981367190e-01
-4.363345519828483177e-01
-7.020787078984227492e-01
-2.131608191831908528e-01
-1.134116733259922238e+00
-1.566248316291254383e-01
1.111001631091832920e+00
9.257913583143118075e-02
2.050006418290162280e+00
-5.255909534478151457e-01
6.646333088508162845e-01
5.943622225758327104e-01
-1.117934513336535041e+00
-3.570527857658607473e-01
1.025244020817615898e+00
1.001200990200139529e+00
2.573583225886117987e-01
4.875625581835327793e-01
-9.152024196216839158e-01
-2.057180595548668389e+00
5.868240383718124065e-01
1.763548044588385544e+00
1.069703980408163169e+00
1.751308240069795019e+00
1.616184777170373010e+00
2.883007086203708269e-01
-7.655943362604382685e-01
2.934306069621744228e+00
-6.644173691999553100e-01
4.643359843175884905e-01
-5.113074036981837267e-01
-3.779543436986401161e-01
4.861529614732837956e-01
8.174745069495727989e-01
-2.039575413499026268e-01
3.630675130483904667e-01
-7.778289785859877625e-01
-6.357851331098327563e-01
-1.206031431876626758e+00
-7.452317036324878075e-01
3.999409975520649141e-01
-1.618727778303714615e+00
-1.214032304843243537e+00
-1.024504292534380578e+00
2.030555725055609884e+00
1.938126442028842433e-02
-8.005973916760256159e-01
-7.747247443052174276e-02
1.200277227491931775e+00
1.293105209116856891e+00
-5.111425109871392536e-01
-1.085855021907224049e+00
2.169195713445231988e+00
-1.397770047243080960e+00
-4.098598654889720194e-01
-1.760414925316613477e-01
-7.589656692631940871e-02
-1.353618556467726997e+00
3.150530545092866674e-02
8.847305565554801632e-01
-2.008766847078202744e-01
2.883474846881703968e-01
9.993629813373612336e-01
-1.533523764988746763e+00
-3.493383364643953826e-01
1.523276270584084990e+00
8.104415701191216570e-01
1.535166252759092131e+00
1.052301885791098179e+00
-7.845309948655021515e-01
-1.332513820571056051e+00
5.088352392808159763e-01
7.019722219346320458e-01
-1.292027256072956654e+00
-1.188792055392136060e+00
9.003684620025751428e-01
-6.561347431119779472e-01
9.269206825909570568e-02
1.493100832826419477e+00
-2.263622418219695565e+00
-1.008088277420587708e+00
6.142247253541199825e-02
-1.029525974853516601e+00
1.574801076237967834e+00
-7.032292021723556275e-01
-1.712884117796400485e+00
-1.246304655045288534e+00
2.169220719871454151e-01
-1.490418422788308828e+00
2.131682911991873652e+00
-1.495429723459373861e-02
-2.389915542254725356e+00
1.136270815243811683e-02
-2.632584137899272925e+00
1.781020817989472427e+00
-1.274000627278142339e+00
1.065818511437543137e+00
1.138354472747547419e+00
1.716122538963150923e+00
1.613078918942147943e+00
5.462294919008492400e-01
-6.259795134704226882e-02
-2.630768887364602904e-01
3.349015363415075441e-01
1.028329223398623427e+00
1.551454285877253980e-01
-6.471792057251466446e-01
4.714868112944090583e-01
8.524868978505697470e-01
5.463583995950678229e-01
7.501567163625031398e-01
-8.785129774830862104e-01
-9.459955525995393799e-01
-4.185914878693370866e-01
-9.381763473477171544e-01
-2.533183285146431984e-01
-1.305235700143486888e+00
-1.819825909778928441e+00
1.072253819682380538e+00
-5.586243870682121582e-01
3.887758572737531892e-01
7.283001299416458352e-01
1.024438119443216166e-01
-1.124762571215975893e+00
-2.381327490981908213e-01
9.777509633687744284e-01
