2.445380149448519447e+00
2.809198242764098907e+00
-2.037982730600193193e+00
-9.356716475693520607e-01
3.788465215383318707e-01
1.090754924880000587e+00
-1.829797353809778926e-01
2.140433096461652696e+00
-6.260261364281181073e-01
1.432658668987592421e+00
3.044358344312882991e-01
4.375750321876310522e-01
-5.365556152780293075e-02
-2.266869848617139027e+00
1.052913279802968560e+00
1.186066234454745683e-01
-2.254198638017177014e+00
-2.705914968242704610e+00
-9.760907903497226812e-01
-2.027122307170925009e+00
-5.610138295744393488e-01
3.353642127872014100e-02
-1.531968460250293873e+00
-1.861181744953919193e-01
2.167472980457747056e+00
-2.183064872151956770e+00
2.760905770712238194e+00
-1.670390349786939233e+00
-1.596663418227544540e+00
1.623815250144891031e+00
-1.356188726579461434e+00
-2.514593060146932402e-01
1.752373741396448636e+00
-2.114718898009517734e+00
2.156934202179805027e+00
-2.439271813161624003e+00
-6.162770105571961921e-01
1.273688770321131258e+00
1.147926972229759812e+00
-6.304960763038280902e-01
1.557367916826349230e+00
1.425895891555430950e-01
1.304053836103892472e+00
2.718906073213234187e+00
-6.756341039020359318e-01
-1.523305985168439403e+00
-2.699733625666102199e+00
-3.641730455887755014e-01
1.332484605440632741e+00
1.714975680413850512e-01
-7.915878953519861483e-01
-5.506029458566699120e-01
-2.472416895261237979e+00
2.995186520622317161e-01
-2.201538705601761237e+00
-1.858566739038179705e+00
7.477067141159476904e-02
1.135487088395265687e+00
-5.518650282570733978e-01
-3.865428675540436565e+00
2.158132506582484567e+00
1.500291248101798480e+00
6.207563364745238843e-01
2.530028682105360360e+00
-1.330094946243880472e-01
1.611226173521494331e+00
3.400527819938243823e-01
-2.276157792237563982e+00
1.387244705857463956e+00
-8.895693883806901070e-01
6.547889652575271668e-01
2.056583963715182151e+00
1.110611257076802083e+00
3.814631460135748497e+00
-4.206949063437175340e-01
-1.543431498902942955e+00
3.637372852503531817e+00
1.500230163632927827e+00
2.360211868984460892e+00
-2.115884982619042898e+00
-4.254820106409512803e+00
3.915760209563003968e-01
-1.805658829963178391e+00
-1.512739994235106522e+00
-6.579571488824189629e-01
-2.886878668249199809e+00
-3.273448796487441470e-01
-2.556106004037399515e-01
-6.723022967135685590e-01
-6.195742658574658890e-01
-5.189394049547395582e-01
-2.675463244617606762e+00
-9.536854971589825425e-01
-3.468615868773881061e-01
2.378910276193797912e+00
3.326868962203501923e-01
-1.016207312551016262e+00
7.659417699995998419e-01
1.606643576447213562e+00
-2.631330473168391748e+00
2.560718824456619025e+00
-2.616323840588574257e+00
5.758954159724982702e-01
7.500438811289678043e-01
2.048967863303054138e+00
-1.922211233912873851e+00
1.194669848336343598e+00
-5.240982209366995548e-01
1.510984499543481796e+00
-6.396013481863800365e-01
-1.641146370394118925e+00
-2.252878184566666775e-01
9.054698036662749416e-01
-1.455017859143781234e+00
9.431422268420943666e-01
-8.923184506056642817e-01
-2.232293408604206775e+00
-1.084314468063661607e+00
-5.978658090798738556e-01
3.583822945087009160e+00
-2.748484635440212820e+00
-3.652759795297570999e+00
-1.057352321025675668e+00
-3.651184262165871441e+00
-1.048120423880288143e+00
-1.125938225965530393e-01
1.006849803592171355e-01
-2.240114462410074836e+00
2.190113692979522853e-01
-3.357902114451274400e-01
4.071172108696234915e-01
3.250425337991789121e-01
-1.007891021733123615e+00
-1.860859673304302575e+00
1.710283678201173885e+00
-2.105449867529685104e+00
-6.761809362625115227e-02
-2.358208301237235016e+00
6.545286335103650543e-02
-2.792867017953612585e+00
-1.783707964716824801e+00
-1.791238070474991950e+00
3.177410946094241240e+00
-8.669417657796785193e-02
-2.626712339654717177e+00
-1.941537491079390332e+00
3.109689021684969745e+00
-2.850176878908712297e-01
-7.424512499224604767e-01
7.735643820251070224e-02
2.656982025783629631e+00
-2.115360363113491182e+00
4.542557280123471486e+00
5.815640587775234849e-01
1.791912293846534610e+00
1.743031421251695079e+00
-9.462538049922430972e-01
-4.774247127601629614e-01
-8.607363723807832656e-01
-4.073342252581477752e-01
2.921896234133498638e+00
-7.497265395340271255e-01
-3.405719405625625917e+00
-2.537189991581264792e+00
6.609430786595069662e-01
-2.081583964176341617e+00
-2.677838527455334017e+00
1.161460953392479567e+00
1.313647243341549142e+00
-8.307394876575280307e-03
-1.278921442449249213e+00
1.211485565923789309e+00
2.458451371415347531e+00
-1.078087646251246756e+00
-4.868046402526591265e-01
1.513184767027069277e+00
1.163942642744457245e+00
1.935485304685633068e+00
1.781876949564928481e+00
-2.440398964494198797e+00
5.891131522210990568e-03
1.197075846689883427e+00
1.341212148209889321e-01
6.410509108690938262e-01
-2.815927249720684422e+00
3.061979815243567771e+00
-1.757477203062853821e+00
2.455151044523766757e-01
1.294606117357015584e+00
4.055465714058259508e-01
-2.764224244533713737e+00
-6.545205693903186628e-01
-5.531884148872601159e-01
-3.425906378255404228e+00
-2.381521413634652085e+00
-1.148237436684899748e+00
1.578127502952364480e+00
-3.162210272355765017e+00
-1.242308281188073238e+00
-1.977225835389446740e+00
7.768010768491304674e-01
2.647803022004048046e+00
-7.112648756482355950e-01
3.574863484571297434e+00
1.764548926992898004e+00
2.672355326173223133e+00
-1.244496794271175766e+00
-7.848288441131021642e-01
-1.352573250461106547e+00
-9.985759997030685398e-01
3.548392815473002671e-01
-6.859354738829335218e-01
2.232931685375973530e+00
-4.237660710333316594e+00
-1.937198437612945412e+00
-6.829597015237292013e-01
4.862320222680143189e-01
4.118575355326434817e-01
2.541232200524640383e+00
2.061868436931994175e+00
-8.879308955494344957e-01
-1.854041270673451258e+00
-2.569909789363475028e+00
1.025085581690527547e+00
3.113303104319793846e+00
-8.698113889530754150e-01
8.547873731722983592e-01
-2.911170785426758556e+00
-1.355789703683836223e-01
-4.384950961689804139e+00
-8.888976788024374187e-01
-1.859593917948654251e-01
1.430925763820695806e+00
-3.523498311839281971e+00
2.770362782315461736e+00
3.406123149664798788e+00
-4.081347495275022830e+00
1.163667080767787354e+00
-1.974184244129209009e+00
2.482387784563719890e+00
-4.921801685344817656e-02
-1.379782748283816751e+00
2.845961659744799199e+00
-4.490112999014534978e-01
4.635898070733244225e-01
3.065504249196084885e+00
-1.036524322970807432e+00
7.903458421965527947e-01
-1.510906873538186090e+00
-2.203680796133422604e+00
2.508275223344530680e+00
1.844901555506335278e+00
-5.245237948405501172e-01
1.490375164175303802e+00
-1.583996314252746895e+00
7.208042049502356718e-01
3.300613771615292791e-01
-2.464254045086815559e+00
-9.912087422963189454e-02
4.660434042873697891e-01
-1.238870696078824274e+00
6.378865727990143952e-01
9.807885563230458459e-01
-2.146228045013556240e-01
-1.364226076292286649e+00
5.429382715386257274e-01
7.073215219260209352e-01
1.334135088018033599e+00
-3.277752278889408899e+00
4.238604687921165848e-01
-1.693358060099293461e+00
2.071167699210327839e-01
1.756209343997539030e+00
2.157801631552523247e+00
-1.017956840393234419e+00
-7.533127076919603482e-01
5.147700115898290463e-01
-1.092514216277936434e+00
5.077963570431549556e-01
2.626604664835985758e+00
-9.695184374914269654e-01
-1.475756369831255910e-01
-2.395469275872578852e+00
-2.117657116721632704e+00
-2.830027188695334317e+00
-1.633337070700203952e+00
-7.435447998887125820e-01
8.881774827730488653e-01
-2.988019030771970286e+00
-1.188717518386327221e+00
6.671260641310441386e-01
-1.569148755409538687e+00
-1.004613264944494766e+00
-1.489287501270046832e+00
-1.930645030724933431e+00
1.934200626922014443e+00
3.361848853780445623e+00
1.404145478313476580e+00
-9.140595147258272490e-01
-1.482753682999603306e+00
2.848548673845835211e+00
-5.156210685271842564e-01
8.529008689080352923e-02
-9.938710998778486072e-01
9.156115045684209974e-02
6.572833776920505855e-01
-9.311123275520882814e-01
-3.498566056324143858e-01
-1.060521601189741148e-01
1.341255671650817050e+00
-1.944520825985518897e+00
-3.958187379080539969e-01
-4.434004941042424264e-01
1.595769151545455955e+00
-4.999999999999999112e+00
2.651991258198878043e+00
2.801699482819421938e+00
-4.473380965127127240e-02
-2.764018063188309338e+00
2.535145258078541630e-01
1.383601681506401171e+00
-6.442728616953257159e-01
2.500911796713095825e+00
1.253620806678910071e-01
2.918468894003261482e+00
1.273685110505994089e+00
2.677947125647204274e-01
3.174702964029705754e+00
-1.458726320478627159e-01
-4.735369158847984039e-01
2.330461999879539725e+00
-1.460584061693644298e+00
8.160729516564302344e-02
2.004504118620360487e+00
8.437666406828547849e-01
-1.193601783258001703e+00
-1.077318004134274254e+00
3.638109699380967399e+00
1.016753319751528828e+00
-2.703554840042816654e+00
-1.537435479621137802e+00
-1.843672420794532307e+00
7.884069341115225171e-01
1.360324603139902777e+00
-1.520945661715935593e+00
-1.344253853360706241e+00
3.176889260300065132e+00
3.189680340133323355e+00
1.595702320263238327e+00
2.670401405373972636e+00
-2.232449302233812105e-01
5.254129248817012154e-01
1.525030576395205451e+00
-1.233242011936281024e+00
-7.665527855741745000e-01
1.734315085186866057e-01
-1.058212392087687803e+00
-1.964740485629208333e+00
1.365700438858663546e-01
-2.216744536457433412e-01
1.901695240254110963e+00
9.543624185609882460e-01
-2.717062109008153925e+00
2.023451695679016282e+00
-2.805691032464174839e-02
-1.481340168474421404e+00
2.596677693821112243e-01
-4.183901504043605613e-01
1.556649134686320046e+00
-1.991029889406001896e+00
-1.244415232983491215e+00
-1.456720293557569157e+00
1.016320390793696404e+00
3.847691531845427448e-01
3.259363103153205543e-01
-9.580672200730724342e-01
-1.113944183124510712e+00
1.017634363345109705e+00
-6.765106186254108422e-01
-1.693434783933891907e+00
-2.570218640786690045e-01
-1.181647475563425420e+00
6.411475572348273033e-01
4.753529782946035454e-01
1.079046424412991811e+00
1.517789617838762872e+00
-1.610039452548236660e+00
1.926479150239339688e+00
1.617084459846703126e+00
-6.193770422542366205e-01
-1.074776153530719647e+00
-3.030001495469172301e+00
4.274876106361986672e-01
1.811722001828011130e+00
2.244415001796395970e-01
-9.408210354420205590e-01
-9.847622672372224883e-02
-2.467404915674310750e+00
1.738194195335904801e+00
-3.034708220348977914e+00
7.762722706669036299e-01
4.102397140927550367e+00
-2.916581224429828367e-01
-6.557104516462910482e-01
-1.022928296560421391e+00
-5.169936430274200134e-01
1.283229655360545785e+00
1.692737841798416909e+00
2.642360345975138358e+00
3.249654769329856308e+00
-1.176239427810510385e+00
2.450466774957151372e+00
-4.670820460419928821e-01
-2.123472586004151452e-01
8.542355631396247873e-01
3.711767798449674416e-01
-5.539212756801159543e-02
-3.672261220487511579e-01
-1.090120350720722442e+00
-2.052066813318460525e+00
2.775346584591753540e+00
-4.531909373269993324e-02
-4.786245873832681852e-01
-1.168539230687702712e+00
3.170600855461023215e-01
-1.238553093381621117e+00
-5.690685741312702106e-01
-3.041417703504989412e+00
6.857039096495558539e-01
-2.171856369571845136e+00
4.038314433655765257e-01
3.779677854959071936e+00
2.817078926481038081e-01
-3.736689359288099865e+00
-3.906002627669016292e-01
-3.814450364272818916e-01
1.602298123118116813e+00
-1.375576479715518996e+00
-7.531096701989739017e-01
2.242814762843112320e+00
1.915511425977816096e+00
-6.182514821882181266e-01
8.560926863892381888e-01
3.974425809780345986e+00
-2.260419088695713175e+00
-1.050880979772751189e+00
1.893279599875777208e+00
7.908629312118744537e-01
1.750626578916354426e+00
9.888700664409446617e-01
-2.939202193769057558e+00
-3.768924526660164531e-01
4.775293707942127597e-01
-8.600700782222272522e-01
-6.800132453491096740e-01
3.159344097296701293e-01
-1.646337425308768143e+00
-1.403667577594409632e+00
7.429120610445494322e-02
2.534745090800234024e+00
1.601944000584785144e-01
9.905803884833090933e-01
2.305045459997044688e+00
4.717586711623784623e-01
-6.545963371283658461e-01
8.962604031160186224e-01
-9.951612047972266950e-01
-2.061061349997098446e+00
1.114908534469172707e+00
-1.866844644012805698e+00
1.181323331150432310e-01
1.895480505749054245e+00
-1.115320977809060921e+00
-1.619746375656183623e+00
1.383690679860896999e+00
1.809570368245100092e+00
-8.652977237321470838e-01
2.897251166801897426e-01
-2.174011980052410475e+00
-4.492495438652718498e+00
-3.541669017428894950e+00
-3.298759785197091787e-01
1.609388056713473958e+00
-1.806931167817300565e+00
-7.735257084902587010e-01
-5.127488609610537651e-01
-8.634810885506354339e-01
-7.036126319655178207e-02
1.677741990056890842e+00
-1.920679078639465409e+00
1.413396309576510745e+00
4.362093350048699136e+00
-4.595951125872836940e-01
-1.132322231219786701e-01
-6.121856553420048641e-01
2.398118535048652689e+00
2.261231602790509498e+00
2.604124337845101778e+00
-8.308206952866434847e-01
8.245364735994629157e-01
-5.896280126649022790e-01
-1.312611497698398466e+00
-3.139642466272096755e-02
2.341491404197944881e+00
-4.371723667151545811e-01
1.315522652880114052e+00
4.145189211808357754e-01
1.000145701919185726e+00
-1.807978777463268738e+00
-2.853372542154000158e-01
-1.343667548864255767e+00
6.245963818206234919e-01
1.779808774896088686e+00
