1.134350694267112658e+00
9.199526378714439900e-01
-1.600479265965104592e+00
2.835239660628968039e+00
-1.643346679361281648e+00
-1.454267874347980438e+00
-1.679080032905442277e+00
-2.228678396201344558e+00
1.026790627172773362e+00
3.134147025623301275e+00
-1.504373723865668477e+00
2.538123895488091364e-01
-2.052885106676491933e+00
-2.243126678032922872e+00
-2.001787176793549783e+00
7.311539820897845487e-01
-1.516144736030621054e+00
7.311990856700090191e-01
-6.629135987107117600e-01
-1.895766864147207631e+00
-1.588140212212416635e+00
-3.605620330860759282e-02
-1.254645857483955851e+00
7.459414953614906807e-01
8.500263037868460714e-01
-2.879693754973040587e+00
7.830738433911239582e-01
-2.068040960956309071e+00
9.982526030397442796e-01
2.508716221037792238e+00
-3.112002652073535547e+00
1.049950218484466902e+00
-8.249270241921440316e-01
-1.521012532295511477e-01
1.213630710336571994e+00
-4.556765804405724651e-01
4.035594596608564899e-01
6.169324299840788228e-01
5.468772513720212558e-01
1.597333414605176749e+00
-1.905338438649006871e+00
2.673659368147340842e-03
1.353595906067976529e+00
-5.399565773109999967e-01
-1.282214922666247148e+00
-2.186854023334221520e+00
-6.400460558423937130e-02
-9.098020734052782998e-01
1.430988829563128562e+00
-1.341165649846815633e+00
1.351873315579549484e+00
5.171833754979449083e-02
-2.680879756577003725e+00
1.413002148764199717e+00
-2.146897935293615056e+00
-3.679497970317315847e+00
1.160787282888703587e+00
5.427040268822000968e-01
5.861127821600042864e-02
-2.498930301844903390e+00
-6.627845678694654907e-02
2.475777521140481774e+00
-1.462999142743319769e+00
-8.805117588982174226e-01
-1.797365880735863897e-01
-7.434714724301816346e-01
3.285472686258705366e+00
1.800317694287580039e+00
3.309411345100885526e-01
-5.132567828795373543e-01
-1.284677078091852387e+00
2.828370582138662215e+00
-1.059057853613449840e+00
2.698740060444213995e+00
-3.580597334876721938e+00
1.727589490512263737e+00
1.611633717357076279e+00
1.271783195039621894e+00
2.065594857125745420e+00
-7.267478723669160701e-01
-3.897930764135399961e+00
-1.731238683529742417e+00
-3.048157354481437764e-01
-1.944665937648810683e-01
3.539080738745914445e-01
-1.949749493355317220e+00
7.466810818015687801e-01
3.210910728834139860e-01
-2.811188068718371014e-01
-2.040887343798356568e-01
-4.538479985472288369e+00
7.041584363366490962e-01
-1.952809114951984171e+00
-1.031520541882711139e+00
1.548564228467634862e+00
1.122377352794842409e+00
-5.129270075934995177e-01
8.000436582889118853e-01
-1.002511495538817243e+00
-1.424609489847424193e+00
3.306522804209462763e+00
-1.001277169070999840e+00
-1.078560201671647345e+00
2.950895773836979430e+00
5.664506766060570797e-01
-9.221526909381694281e-01
6.657210700121627411e-01
9.769405478405301935e-01
9.401381449485857189e-02
-1.029115505243693551e+00
-5.461103621213734272e-01
4.976516954633680712e-02
5.728237445885753232e-02
-1.316772196403459105e+00
-1.298207241467804529e+00
-7.743728301311856299e-01
-3.105809045298316029e+00
-2.497423595051913914e+00
1.406928147581394839e+00
-6.229956639862255230e-02
-4.296921779427474775e+00
-1.010943870404572120e+00
1.532942001490900097e+00
-2.843412357200455709e+00
-1.059896057436614747e+00
8.618183491179829403e-01
6.331462925014097465e-02
-1.037310503376087656e+00
-9.590307292938060613e-01
1.272858296642329634e-01
1.887678181220911355e+00
4.061791455879690815e-01
-1.989189645622981395e+00
8.468675128302045607e-01
-8.139000366987261259e-01
1.988111084754073943e-01
-2.736681080892126694e+00
9.967778487920142538e-02
-4.082865584656598656e-01
-1.958178263149056519e+00
-2.534087443228161263e+00
-2.188592219675184580e+00
3.179226269327005028e+00
5.238068675278260145e-01
8.714709281103765193e-01
9.524784704146016523e-01
2.088232117012875477e+00
1.650774618626201118e+00
-5.631347963326573947e-01
-9.260360722411622447e-01
-2.534962650273345552e+00
-2.263084716384208939e+00
3.956882442422601898e+00
-3.699912418549011761e-02
7.726562736349631422e-01
7.760423302383987476e-01
-7.043195188587558775e-01
-1.560838084840873385e+00
1.833545036918238225e-03
-1.936390464882182805e+00
2.168623429784828360e+00
-8.686850741645084639e-01
-7.297972943162074344e-01
-3.165041876771603757e+00
1.222373023246767332e+00
-1.396279338613313215e+00
-1.366670138547245283e+00
-9.033533704703486933e-01
2.181471435901849887e+00
-8.265071321599348764e-01
-1.658848996488684335e-01
1.428589912121223549e+00
4.685573007292109793e-01
-4.245182682475867608e-01
1.326671412355172386e+00
3.592003017866394643e+00
-2.118388673445954495e-01
4.209927507974676075e+00
7.084567320502443977e-01
-1.374030429025309807e+00
-9.376040765820432554e-01
9.034338678688982327e-01
-2.309963833407030265e+00
1.972192772719773224e+00
1.362397849971030972e+00
4.099232246582243278e+00
-4.622786359277659685e-01
2.155855163423261445e-01
9.535606179228972579e-01
7.002088751257176114e-01
3.173626989640885299e-01
6.268537667019513648e-01
-3.503869709298693458e+00
-4.324461299087625221e+00
-1.646295181130899898e+00
7.525422254298899105e-01
-7.201095190391804124e-01
-3.739651594642804611e+00
1.441762230714167536e+00
-3.032683245152674179e+00
-1.014088048140410869e+00
1.430421995380046774e+00
2.444643786753655235e-01
3.215138637461143034e+00
5.501039822566671234e-01
1.463507458337689471e+00
-3.897451210222154572e+00
7.452513788157197894e-01
-3.823449103560356832e-01
-1.900904660885271547e+00
-6.166469941078940309e-01
-3.070727787165784761e+00
-3.658101586970037289e-01
7.145622870310042174e-02
-2.675255721974074685e+00
7.351426285210385103e-01
1.932538065690032170e+00
1.328909710677615763e+00
3.550217430779085248e+00
3.058401994024197990e+00
7.262146300076022243e-01
3.025096044370595649e+00
-9.686865465832523725e-01
-2.999371643447688918e+00
8.312175506560315341e-02
-5.242856471823209574e-03
7.546673761318523077e-02
-1.358014288040347406e+00
2.295650440776828560e-01
-2.173317467621899812e+00
3.218766797791348111e-01
-1.068097137810346542e+00
6.729688692625757085e-01
-1.998131785419796635e+00
3.228123169414427451e+00
1.975493674069165095e+00
-5.213205448616919924e-01
-4.904635320232797469e-01
-3.231042715085925554e+00
8.559041422368363072e-01
-1.793910898320553393e+00
6.408631087524527814e-01
3.513759577146425173e+00
-5.513859865670953653e-01
1.040890300415844294e+00
1.537216823212903094e+00
-2.760802216435340739e-01
-1.394759508199897802e+00
1.861689531724478819e+00
-1.646797360251806452e+00
1.460682683028144524e+00
-9.093634394521235009e-01
1.043872280398927543e-01
1.005196491453411944e+00
-1.502692533512556494e+00
-9.153262510821473796e-01
1.999551804438597813e+00
-2.182396838868237765e+00
1.051329057600441708e+00
-7.473325169406219715e-02
-1.442723200813498252e+00
1.310285881585353529e+00
7.007429354332543880e-01
-1.049399595118849504e-02
1.576886849044221606e+00
-6.232019323924600229e-01
-5.479613103349176839e-01
-1.777607172724722240e+00
-9.792720976308810776e-01
-1.530816676149826527e+00
-1.553485358251317727e+00
2.296467046162144143e+00
-5.292601861421646348e-01
2.329053325417334008e+00
2.453305338735113139e+00
-6.187318984864011995e-01
9.059631966070682552e-01
-1.471173774432557035e+00
-1.072924230206369955e+00
1.365701009966171497e+00
-9.647848346684551046e-02
1.297556389492502404e+00
-3.156082528826669176e-01
-2.108949677219577712e+00
-1.528742198642163430e-02
-7.660789948208064359e-01
1.299017239749495900e+00
1.050504434061208414e+00
7.344624580464289565e-01
-3.498401745003221208e-01
2.039335234097229943e+00
-3.867898739162318744e+00
-1.373867001385632669e+00
-3.576498540359160927e-01
-4.233526514292988097e+00
3.279447272595817253e+00
-9.995495903369580049e-01
-1.560806477895688715e-01
1.388432594654663177e+00
9.860106281991338761e-01
1.066936969648186739e+00
-1.746115036745008453e-01
-7.389758310092062743e-01
-2.044463547701026229e+00
4.018894477274077559e-01
8.471444157715097845e-01
-6.491446698813954086e-01
-2.045111023262882188e+00
1.234652097533386339e-01
-1.561395344884836334e+00
-2.141605778216319145e+00
-1.626717550958518999e+00
-1.669733065699352537e+00
-1.131520995038099109e+00
-2.584730805006190124e-01
3.297820757843261674e-01
1.876425850342466894e+00
-4.486973070058279944e-01
-3.570236830639954562e-01
7.737615752808704173e-01
1.000305866471583371e+00
1.344854675928264243e-01
2.596479062511580338e+00
-1.650468188777719725e+00
5.573971627548743868e-01
-3.576539694014968518e-01
-5.898060488446246197e-01
6.895063264989342855e-02
-1.482285369444964473e-01
3.530307900352642747e-01
3.609383112980172115e+00
9.950008600475346299e-01
7.808780779196613508e-01
2.655808906752124443e+00
-5.929951488922080571e-01
-6.062167561017091089e-01
-2.423176404188872368e+00
1.504337774020907403e-01
-8.269836357622413203e-01
-1.716280043575543424e+00
-1.720538536236909444e+00
-2.401053649640747523e-01
-3.674488135773401609e-01
-2.318038048754509362e-01
-2.565573244868464720e+00
-6.876070395865498952e-01
9.206259611324405512e-01
3.027093226567657780e+00
1.890354918691006247e-01
6.161538643360398027e-01
-2.242480696641271365e-01
2.238251420473796216e+00
1.582479285858411799e+00
-6.644985283633637607e-01
-1.270276860985681822e-01
-4.219946702129560023e-01
-1.831139376867243485e-01
-2.406701434924944483e+00
-2.790713192806342668e+00
-3.096466922181263293e+00
2.390761190252206347e-01
-4.916420520876050304e-01
-1.904205367075655797e+00
3.669919463087033762e+00
-1.607597582204619791e+00
-1.320478274867777024e+00
1.461920430924883441e+00
5.221335228408197082e-02
8.207853592519853692e-01
-1.529416655738602415e+00
4.951101428328508192e-01
-4.671954859674709581e-01
-1.234372539210104591e-01
4.104165866506059857e-01
-9.554136981990044575e-01
5.439411699184582005e-01
-6.830966341549249421e-02
8.694501924908344392e-01
-2.145950224171587983e+00
9.590744950980312211e-01
2.332167954887749417e+00
1.814847548900670127e+00
-1.196239211576823003e+00
-5.848756427834977956e-02
-1.422472944670001738e+00
2.288929257587632549e+00
1.706806183093534379e+00
1.351227241728620854e+00
-3.158230441765743635e-01
1.911079138833359892e+00
1.397123442214737388e+00
-1.933153420881756901e-01
-4.728974869173976359e-01
1.594796068607186257e+00
-3.256595186227526639e-01
1.309655791221563170e+00
1.602187984063219162e-01
-9.074519881695151113e-01
1.417557451968038507e+00
-9.484046959735827897e-01
7.262744637247040558e-01
1.686860014139536013e+00
-1.434552448386257506e+00
-1.179362150347672333e+00
1.575958024342286379e+00
-2.563864002114932816e-01
-5.842276980482852267e-01
1.446513779134249944e+00
4.054628824785313057e+00
3.618585496959081382e-01
3.525158407392758875e-01
1.815720859589745828e+00
-1.176339194028184654e+00
2.245243471089919396e+00
2.133229993302176553e+00
-5.504134576987258498e-01
-3.693624060796282915e+00
1.078190261656924775e+00
-1.361911683560276920e+00
-2.316950066357121418e+00
3.346475258369938643e+00
2.454206051794709964e+00
-1.757927762494210455e+00
-1.880264613680333596e+00
-2.545954516212842300e+00
-5.255541381622492736e-01
-2.203587795899211166e+00
-1.906561670790551943e+00
2.600510963077500293e-01
1.235176077903641811e+00
8.086994324346701291e-01
5.000000000000000000e+00
9.451782268259476538e-01
-1.226566699959852347e+00
1.036006316035851249e+00
-8.365401544426536162e-01
9.412779813391525252e-01
-2.622149048756794443e+00
-7.241149572612641805e-01
1.781355721850453655e+00
-1.555681174520089360e+00
-1.581976402807243165e+00
7.498626030918931207e-01
-6.977420488352459316e-01
-1.817592508125414064e+00
1.045797730393753788e+00
2.277335580946072469e+00
5.601450561691123653e-02
4.440253585423388216e-01
2.758990473788445641e+00
-7.778602932132248071e-01
6.403847792688130980e-01
3.092059282522106045e-01
1.784135429585322896e+00
1.516894492658931171e+00
1.322063740659259246e+00
-6.839133903083318700e-01
-1.489828000954535270e+00
1.520850924917816371e+00
4.126756665119371448e+00
-1.598552151041414682e+00
-2.788111698682817163e+00
1.975721939801946547e+00
1.828167222738064090e+00
1.305328581383092157e+00
2.770349681772589889e+00
-2.876316481310890794e+00
5.239291756061126293e-01
-1.907030891306146003e+00
4.060910609298051810e-01
3.164019072571571556e+00
-5.888558316821335126e-01
-2.030096232154891212e+00
-3.082161429046066381e+00
1.831998530381530266e+00
-2.849518209980066441e+00
4.847976771297979326e-01
6.677986648744749232e-01
-3.615426844941397988e+00
-1.877788876692074727e+00
5.172251165840862086e-01
8.698529242143671070e-01
-3.082104092478968660e+00
1.984128681678090089e+00
8.648212919363444939e-01
1.333453700400646369e+00
3.356722293073710617e-01
7.359193178152647619e-01
-2.123621550164424665e+00
-1.104083942022787923e+00
-1.855530677897259118e+00
8.406901778339426201e-01
8.604736215769754892e-01
1.185186434550544732e-01
1.883293507549210766e+00
7.305235614425402701e-01
1.178804285176330069e+00
2.214856143372197828e+00
-4.219648125858808108e+00
1.968416377229296188e+00
-1.813954238555464116e-01
-3.029013648815159776e+00
-2.218472734073217989e+00
-9.978267336796351472e-01
7.626884954953307982e-01
8.339415381767656399e-01
-4.396737356895039639e-01
-1.054175360811850481e+00
6.347328985390472411e-01
1.273974825309609926e+00
-2.889266926229433707e+00
7.176006399965340066e-01
7.928078444288679805e-01
