2.991849059848626702e+00
2.975530872442027075e+00
-6.577307647646506439e-01
-1.020908396010273833e-01
3.586501189509560206e+00
1.676389498332929051e+00
3.420990595559665337e-01
-2.351282134084553554e+00
-8.263985228488301971e-01
5.000000000000000000e+00
-1.741358991647451226e+00
-3.883868866457884650e-02
-5.010242657015337997e-01
-2.930240490831338640e+00
3.385593496344096565e+00
-4.007228776825506600e-01
-3.933873070963012086e+00
1.542692887153483738e+00
1.510509512762718387e+00
-3.828539635317973477e-02
-3.757467658156246060e-01
-9.367918357112889893e-01
7.625628394270833610e-01
7.137411640242525834e-01
3.427768210687887063e-02
1.725027630549691438e-01
-1.747424906091412211e+00
-2.225412539996745043e+00
-2.730514809751777072e+00
5.197966928633368511e-01
-2.361906258849665541e+00
2.766926139566247222e+00
2.302715429512413259e+00
-1.206897828464217337e+00
-1.364282366566614169e+00
-4.082889484776589306e+00
4.668825247970538328e-01
2.163779465653423273e+00
4.333137891961147403e-01
2.119481953662946339e+00
-1.455489356033786486e+00
2.044455041425852215e+00
1.035723984519563601e+00
2.304834799897317765e+00
-8.972872072361326445e-02
5.650424952376624788e-01
1.763519458654759120e+00
-4.041259500010640160e+00
-3.624411194206986764e-01
-1.536951933440291018e+00
-1.853059224067487243e+00
2.880388940894906824e-01
1.751119536601057902e+00
2.535778242932851256e+00
-2.818927280863228191e-01
3.307111573166610086e-01
2.970275834916002999e+00
1.518616305904432195e-01
-1.389600330493280467e+00
-1.481998803752691440e+00
1.641040613980755403e+00
7.462976787400732448e-01
8.550931032978548174e-01
-5.576508353197899837e-01
3.513105210483304930e-01
-1.088692268334858326e+00
1.579545209135678974e+00
2.028514573620574524e+00
3.521851304494157731e+00
-1.863884996276821138e+00
2.700676194640418082e+00
2.870926538047071652e+00
-8.904056797067569917e-01
1.559541255971965690e+00
-2.641109866195900935e-02
-2.438830970045282598e-01
3.878987940913701138e+00
3.992665348314627494e+00
2.937692315864341097e+00
1.566185100285836462e+00
-4.005022435549285831e+00
1.052512035865483142e+00
-9.421333300149692391e-01
-3.112004302121320620e-01
1.895563768931431525e+00
-3.132104262037345155e+00
3.343952665235242705e+00
-2.132641538320991792e+00
-6.901664685272361766e-01
2.686656034703157836e+00
-5.530674064452938410e-01
1.880973759712532001e-01
-1.281594331873361359e+00
1.697811796779440385e+00
-2.181844943745245846e+00
2.297339939874398773e+00
1.936824952494964336e-01
-1.746987160935341343e+00
-4.402724623179024022e-01
-2.381643269921868367e+00
2.755208343090886025e+00
-2.195860752593288279e+00
-1.837299637715785749e+00
2.421556761735832453e+00
1.427601866859333768e+00
-3.324110880540506852e+00
-2.505150964235096644e+00
1.029077424394686524e+00
-1.311028339984998681e+00
-2.915850744094531599e+00
-5.378855651415435091e-01
4.348515304311657559e-01
1.756277113022168379e+00
2.534705116529087476e+00
-4.776822313496289496e-01
1.221801056901679949e+00
-1.418275259557216117e+00
4.919625611078437544e-02
4.013399060381663830e-01
1.741189307345920589e+00
-4.921676020983651867e+00
-1.991577370905230460e+00
-9.843086955156943318e-01
-3.398703672719272095e+00
-1.152633036161514912e+00
1.518377703339936602e+00
-1.411341791159897330e+00
-2.351715646891001654e-01
-3.220894848046649273e-01
-1.109588550456893863e+00
-5.705057314882591157e-01
-8.161451272173181337e-02
-8.568491104286906079e-01
-1.287450884824375308e+00
-5.278820855666515044e-01
3.674937033657350582e-01
-2.308251697973861205e+00
-2.751647153260080358e+00
5.507396489715077337e-01
-2.654319192524200233e+00
4.605755292944255785e-01
-3.876241601172410789e+00
2.342336068441968955e+00
3.610164684409195246e+00
1.032819379024090267e+00
3.149119847188863730e-02
2.589637236083000005e-01
7.235947954738080057e-01
-8.384534337051210429e-01
2.982462729309762750e-01
-1.155324988677462805e+00
-7.979867770586217546e-01
2.652131609395541822e+00
1.162471193547478521e+00
1.126095959730763596e+00
6.205548470018236173e-01
-5.703646459532745183e-01
-7.062385706395444274e-01
-2.428290096728835223e+00
2.336644238461893508e-02
-2.327151974067004581e+00
2.123853958604618342e+00
-3.954315856852034017e+00
-3.201303521597332669e+00
1.075339110969162348e+00
4.575630668314598637e-01
1.567090184136029407e+00
3.966564788728978996e-01
3.386432314301787372e+00
1.879089244723815000e-01
-1.966780105821033686e+00
4.211591559116619976e+00
-1.642784750440897668e-01
-1.459801260927557909e+00
-1.071597657243514412e+00
2.540374655623390154e+00
2.416346170284039196e+00
1.693304506686205357e+00
3.984707071289781410e-01
1.517011801959280426e+00
-7.611809578492270134e-01
4.183768534410294393e+00
-8.209056084694585920e-01
2.150469455798455165e+00
-1.488378778663453250e+00
5.000000000000000000e+00
-3.500018641176352308e+00
2.379826198212261268e+00
1.840731868351255685e+00
-1.132444101767422051e+00
-3.158151542492868558e+00
-5.365473086766865407e-01
8.278082042415659814e-01
-4.541468641998732458e+00
3.461676428597124655e-01
-9.109792143825981015e-01
-2.262419153359482848e-01
-3.362894564871321545e+00
-1.679422488913713707e+00
-1.594739528606358370e+00
2.035367913649521299e+00
-9.286390002664406396e-01
-4.861072954320073691e-01
1.730334098323023539e+00
-7.417997531179416626e-01
1.768688366644188825e+00
-1.758069904190819877e+00
-3.432609734571681503e+00
7.495460683767918297e-01
2.591365644188399209e+00
7.455919097496739312e-01
-2.252597209234619147e+00
-3.817396620325688161e-01
-2.875206426803283755e+00
2.064990581807712999e-02
7.416612487289437894e-01
1.032291186640240888e+00
-1.631597294402782339e-01
2.624445048659319824e+00
1.553368145566913938e+00
-3.735578976039537480e-01
2.198973138980027109e+00
7.288829694734335618e-01
8.194549873101122373e-01
-2.143401845001243977e+00
-9.273873930078320171e-01
3.161403468350147961e-01
-1.641087698269545925e+00
4.096442588756728398e+00
-5.000000000000000000e+00
1.213325498848583095e+00
-6.801011635309439640e-01
-8.350431107305702483e-01
-2.587307068960526202e+00
2.376619520696209520e+00
1.597431286867164957e+00
-4.275039784951437660e+00
-3.528051608355248447e+00
-1.878796812546794204e+00
2.942127617306309340e+00
2.159427840145678346e+00
-6.045339888487939461e-01
3.310758423946264628e+00
-4.438273625990140303e+00
4.037381294016253008e+00
3.451013546285299327e+00
3.782109918424350070e-01
-2.837544001448240927e+00
3.108196541039312422e+00
-3.837629041902577143e+00
-3.886494030310743142e-01
1.116492846825448915e+00
4.039486000799648480e+00
2.257177629802633589e-01
-6.434355796515411896e-02
9.706064280747241924e-01
2.474444780067351246e+00
-7.382806052650714435e-01
-2.976806240388985891e+00
-9.088024119316937544e-01
-1.509472893358295043e+00
2.332845059174593061e+00
-1.207350841714944778e-01
-1.811437156946197113e+00
6.487846589259351759e-01
6.767716665937619780e-01
-1.103628078886939257e+00
5.895172587033314926e-02
3.920154134476794283e-01
-3.480637833973636575e-01
1.371209181587279780e+00
8.857748274224483964e-01
1.672025350993811443e+00
1.043493717164915680e+00
2.241847271322400914e+00
-2.080477119913086259e+00
-5.230165047297132830e-01
-2.469884853156738558e-01
1.225320695064886500e+00
1.397821256811297097e+00
-2.902149237071065535e+00
8.393506276615667616e-01
-2.148183117595357849e+00
-2.036187674607477405e+00
1.105662630272155944e+00
-3.892927270037621845e+00
1.803862116563297313e+00
-1.261394627379898825e+00
-3.678724394453380953e-01
-9.931220729524836699e-01
-4.229401783487141131e-01
-3.130548724089284640e+00
1.933188807896061512e+00
-3.156669047131358319e+00
-2.318389351164060308e+00
4.117681068420523616e+00
-1.879232547662645469e+00
1.732862496780359862e+00
-4.048982936003771016e-01
-1.594629550050532529e+00
4.740634000243746371e-01
1.849909955685255625e+00
-2.613730596553685004e-01
-3.004083271970632296e+00
4.140724149205654570e+00
2.581940166783170731e+00
-2.334133231011511711e+00
1.164426248594486069e+00
-1.161224134532102603e+00
-2.607168100707117020e+00
-4.867594452213306333e+00
-1.393978234034172203e+00
-1.185978188461807026e+00
-1.074439707875638916e+00
-4.758289262817933185e+00
-8.795849243478306434e-01
3.933312142824700430e+00
-1.201709378576202969e+00
-2.871971771420023245e-01
-1.236339180373687618e+00
-1.520582252172095750e+00
-1.970851059143124306e+00
1.772692133806607728e+00
2.035505676986804957e+00
-8.477914416073861759e-01
1.994129787914555862e-01
-2.329676315138370590e+00
-9.858238274519859345e-01
-8.513097372075257852e-01
-2.120777616439952773e+00
8.994046458539619593e-01
-1.480539555849044842e+00
1.291618483511073556e+00
3.555843335655474391e+00
-2.814814480866110191e+00
2.270130821846012559e+00
-8.021472380346832409e-01
-9.052145863968599215e-01
1.660693496019312043e+00
-7.674321667715382489e-01
-1.679280369422294861e+00
-2.840634870478765173e+00
-1.942237466161991222e+00
-1.146375965794319551e+00
-3.367322546697453678e+00
-1.669996868097356035e+00
2.032009546550849421e+00
3.455016076063387231e+00
1.692253109197472405e+00
-4.795836216338686953e-01
1.543226064825418575e+00
1.055102957009581566e+00
2.978127249415321920e+00
-1.391079736346854112e+00
-1.404335550246162967e+00
-1.332147220121300268e+00
1.261182745581097109e+00
-1.560781020071255742e+00
1.283488953256099130e+00
-9.890535124114041565e-02
2.419824276622273729e+00
2.189028149554186342e+00
-4.790948553484466466e+00
1.859796047126050844e+00
6.243110977319599186e-01
-2.124318836767770780e+00
1.098319525945332664e+00
1.113547489276798252e+00
2.425426382537181347e+00
2.578955834590752616e+00
-2.792511673609153089e+00
1.612250889795086017e+00
5.980387534195132915e-01
1.305663895588251577e+00
5.000000000000000000e+00
2.042028303262628519e+00
-1.161310036773475218e-01
5.094379601130150093e-02
-1.261382429609751998e+00
1.525002421942067699e-01
2.118765784633160898e+00
6.820439719974871196e-01
-1.731165543088053482e+00
3.269491652455396746e+00
-9.051766502299791739e-01
2.197898079865217014e+00
-2.607915682739125884e-01
7.513516431511844118e-01
7.809875966751009813e-01
-9.104452050179174805e-01
-3.453371035075458728e+00
-3.972307814061764031e+00
-1.081384531877647159e+00
6.921823743556316799e-01
-9.170935381758429372e-01
3.540033375128464499e+00
2.522473315903701163e+00
1.009486925651021494e+00
-5.233940868150011028e-02
-3.621652927312931425e+00
2.827140899634120075e+00
2.924934917349998997e+00
1.057736942519333923e+00
-1.464138455139185169e+00
-7.954311715297528451e-01
1.753145968240740871e+00
-7.405613489683915418e-02
-3.371540882980541554e-01
2.005545574528878383e+00
1.925715772850330687e+00
1.794894736091183773e-01
1.510118708087404116e+00
1.227121623794223737e+00
1.917008033834131098e-01
6.855800879711990703e-01
1.477294764017286433e+00
-3.480156626715231738e-01
-2.307231746238690206e+00
-2.547178407149128798e+00
1.284761824352383286e+00
2.691524855946092032e+00
1.062372618637732913e+00
-6.606967368043559219e-01
3.332098309904738542e-01
-3.092836117328483514e+00
2.748279440239985050e+00
-2.971678063409887827e+00
-5.000000000000000000e+00
2.404927531489775561e-02
-5.548185118127548776e-01
1.095849163145738991e+00
2.306416097871756499e+00
3.123344437969821641e-01
-3.629420939039640359e-02
-2.307157364722040693e+00
-1.421227782062282063e+00
2.321895206941666956e+00
-2.433394767799876846e-01
-3.024294655775314755e+00
3.284145916957825762e+00
-7.906860987727215573e-01
2.124394685239603398e+00
1.908592425932926773e-01
1.283688239112343865e+00
1.589476520151476002e+00
5.099309507928504459e-01
4.021006312023651219e+00
2.637199744369632448e+00
1.172333715482597682e+00
3.241493905407244469e+00
-1.728466455147298575e+00
2.778528624272946779e+00
1.063077670770338656e+00
9.463918648022771052e-01
1.495073558657011858e+00
-1.678527777238101315e+00
1.190863505354258223e+00
-2.100503115586864311e+00
-4.558890965922692828e-01
1.720427347939443408e+00
-7.575620737487529510e-01
-6.842476604954130792e-01
-5.402798210307411253e-01
8.631730379253355068e-03
-1.534982667605465423e+00
5.332468801792789037e-01
-1.794454880533521646e+00
-2.367024529543169109e-01
7.966148740872993628e-01
-4.306280885127574010e+00
5.286778490304753220e-01
1.042335567355083370e+00
-2.375142206732417272e+00
-2.085241258846623147e+00
2.512936287685370473e+00
-1.973168193840550089e+00
1.098355747075521194e+00
-3.699617046595253811e-01
-2.909875967341263525e+00
-2.384005349302356080e+00
-2.285844638807524198e+00
-7.418284676369752972e-01
-5.452239751444869498e-01
3.550814059430360103e+00
4.682772927260190343e-01
2.165840950660680164e-01
-2.703415564253657255e+00
-7.622299661757434563e-01
-2.427744283085110588e+00
-1.981247614256362866e-01
-4.023223058082114889e-01
2.468473961652881243e+00
-1.462975327147850724e+00
-1.769894483157556930e+00
-1.723499361578231248e+00
2.827001541512713878e+00
1.030314384852967002e+00
2.257357291455516446e+00
-4.574178674405365186e+00
-2.381807117570348353e+00
-4.870069003859800461e-02
-1.115536398903962834e+00
-6.207890907153386095e-01
2.221433294551520277e-01
-2.157059585614154784e+00
-5.097618643457275667e-01
2.769229878060102124e-01
4.090060448756744904e-01
-1.237021075459291630e+00
-2.487574620413308679e-01
6.872314645784651788e-01
-2.338741171386185425e+00
1.833878187583961150e+00
