3.807893816557072597e+00
9.580977987673833240e-02
-1.255971442900105206e+00
8.272351833171960322e-01
6.234392874232312920e-01
2.838252747490921379e-01
-9.951046714098783497e-01
2.881083022312402875e-01
3.931744541678732219e+00
4.155533071079958063e+00
-7.232872034491784063e-01
-3.667154973947086560e-01
1.495637377429895665e+00
-3.289835356752208728e+00
-1.069966533946840048e+00
2.703347991871955180e+00
-4.835603597261924236e+00
-2.816864459520592057e+00
1.615534165418067936e+00
1.074271124411778189e+00
1.051153768331577254e+00
2.329730265301122927e+00
-8.799471619299001901e-01
1.786891357637103717e+00
-3.988420985605519498e+00
-1.967641391996768796e+00
3.680090728331466110e+00
-2.790926671336510623e+00
-2.195276251339508544e+00
5.565127959402005331e-02
-1.824513818478121774e+00
1.291458739392515653e+00
1.786889757967971448e+00
-3.671288381407217472e+00
-1.455377404372608652e-01
-3.591073037398480494e+00
-1.070877579187203832e+00
1.003748779141089287e+00
2.602804993611846029e+00
1.638286767959096224e-01
-1.638702050955642697e+00
-1.839204034261313403e+00
1.222147543227855238e+00
6.979946270596197877e-01
4.816417533816093055e-01
-2.784556231157506723e+00
-1.418503613788704154e+00
4.972810247783474580e-01
-1.321074252844943508e+00
1.766638165060580690e+00
3.648592720066275774e+00
2.324583307922898356e+00
1.090074561254428254e+00
9.300947076297036986e-01
-7.786639668831778494e-01
-2.629964154918563057e+00
1.066802396503464756e+00
-2.111259600090207744e+00
6.437276656718182721e-01
-2.556430683774347123e+00
-1.796810748341757247e-01
2.662361037283313081e+00
1.159555355359366047e+00
2.502647749072681727e+00
7.598741627591625303e-01
-2.891351266129644326e+00
2.100466743291164562e+00
-1.318622781236469255e+00
2.237817843082273939e+00
-8.748908492701810147e-01
8.530931735923541481e-01
2.298648296879265196e+00
3.579720441123157570e-02
4.519366201928988858e+00
-1.041036264831674441e+00
4.758708878748585391e-01
5.000000000000000000e+00
1.152339721332299227e+00
2.821491200501089480e-01
1.409554555345881255e+00
-4.964023085329077212e+00
-2.574375452857863067e+00
-4.848505727311583691e+00
-2.920051129728226780e+00
-1.102655299845435088e+00
-1.757046638213432654e+00
1.833981788124479095e+00
-2.652373590724128594e+00
-4.211761149030268214e+00
2.518139895808592321e+00
-2.177082984837693136e+00
2.234081053882959189e+00
-1.872920784567595476e+00
-2.160616292403779060e+00
6.566553003097697072e-01
7.737076302749219536e-01
1.990791463568424291e-01
2.424276052975092632e+00
5.582771642054478178e-01
2.718679975767042123e+00
4.248777058654601646e+00
-3.712968090614448435e+00
9.867484125377217197e-01
1.470767383478072787e+00
3.873785668175752761e+00
-2.127374452151610029e+00
1.240477924761500539e+00
-2.185043110253891641e+00
-3.979894277495573895e+00
-1.053014900362496675e-01
3.591415253196059254e+00
-2.038372365927987317e-02
5.187645313633026944e-01
1.133898572310653385e+00
-2.438433326506844079e+00
7.001949869792856163e-01
-1.887970000168659457e+00
4.429055370675083481e-02
1.746038965010847654e+00
8.561936474314846279e-01
-2.998385414579086472e+00
-3.635515434838398452e+00
-2.276589043235057730e-01
-9.826353075134548476e-01
3.677629646069391356e-01
1.354477462395271559e+00
-5.000000000000000000e+00
-1.933161136910635403e+00
1.802077552481513578e-01
-1.176120968606764627e+00
1.011040446190975217e+00
-2.985051518172127771e+00
-5.456547622544736242e-01
3.641000751953162862e-01
-1.453155404410504392e+00
-3.551463482279747730e+00
-9.874864161655505512e-02
1.154839257979220157e+00
7.539220419926273564e-03
-3.466943024357067138e+00
-9.092461193615628545e-01
-5.221113109794206508e-01
-3.043740398600611741e-01
2.870496231378449892e-02
2.408206250637378254e+00
5.793506430916250949e-01
3.354282032458591800e+00
3.066139397501697061e+00
1.200181398281086942e+00
1.631366044590974340e+00
1.140085815775204736e-01
-1.979257031730015104e+00
1.214839585559418289e+00
-1.398072181067107067e-01
2.205056135923344485e-01
1.457847390958043832e+00
1.575803596509199878e+00
1.358925587089540699e+00
-1.077363368481595529e+00
1.459570291778005569e+00
5.000000000000000000e+00
2.214335293659712711e+00
-2.936138091400333217e+00
-2.717121713571479802e+00
1.860550812528696696e+00
2.225059825673380232e+00
-3.846851889002001812e+00
-1.330789050096961024e+00
1.114152991338416498e+00
2.466912117338891264e+00
3.547089094108111240e-01
3.330711179295377633e+00
2.803375918094745956e+00
2.567576767638879431e-02
-5.550904098182574131e-02
-1.439386641093456376e-01
2.871482481120239960e+00
2.643906771135956291e+00
-1.708403349203372557e+00
-1.820444870515440794e+00
-5.585283105706597695e-01
4.343243123530946548e-01
-1.487798024741743941e+00
-4.211192385112436654e-01
-1.848204794669956463e+00
2.070246181518726303e+00
-3.195684889404340367e+00
-1.913928379621436804e-01
2.567644588949416828e+00
-1.367090625033765328e+00
-4.032870188648569609e-01
-3.512746711274115086e-01
-2.101714107751605276e+00
-2.579119145335759367e+00
1.321469797540126834e+00
-6.601438766624188048e-01
1.009074263733369392e-01
-4.145803459366040222e+00
3.119567984049369969e+00
-1.519562103349816340e+00
-1.642358947361064470e+00
4.660413878293434564e-01
-2.252966458156324681e+00
1.824366395987251366e-01
6.650469025314462712e-01
-7.722253594804273646e-01
-8.647195190141090393e-01
7.238207351531045219e-02
6.942651098129282161e-02
2.419149355124528000e+00
3.296820612313220877e+00
2.050417506100163934e-01
-2.094217924094516459e+00
-2.753603261202079544e+00
-1.361393194072859636e+00
4.396844936116757196e-01
1.513935765076293016e+00
-3.011989436135333875e-01
-1.061107173803788051e+00
7.784177695869747282e-01
-1.797227340341933655e+00
-6.636677334521721150e-01
-1.239928490154660334e+00
8.790869767543281199e-01
1.460550416652770522e+00
-7.318176438130929995e-01
2.945623136259394315e+00
-1.002762111844329951e+00
-1.740649914402293774e+00
-2.428487177762577165e+00
5.362858631984934732e-01
2.144462958450386481e+00
2.267942721997151523e-02
-1.256510879321561802e+00
2.330155043316795016e+00
-5.429926485731879637e-01
-2.286835397609711329e+00
2.477735830606650147e+00
-1.277645559082617233e+00
1.453234275515889351e+00
-2.342161245284852811e-01
-1.217439597010431029e+00
2.542773227383623436e-01
-3.421604877571766679e-01
4.273861202826626737e+00
1.410920920155065872e+00
-4.742188150183146433e-01
-2.307731946910119181e+00
-5.212417009878826946e-01
-3.594432189597918992e+00
1.024351501278975007e-01
-3.284038512605684801e-01
5.514641419696655333e-01
5.765793833512073974e-01
-8.410608647593695864e-01
-3.022786852494034893e+00
2.886172829378280902e+00
-7.607710346438745219e-01
1.844079885081964854e+00
2.725700600592766421e+00
-4.740301295872573206e-02
1.122838688242000060e+00
3.564685070394173039e+00
1.932562916368141259e-02
3.086503050940043735e+00
-6.616168570348985867e-01
1.584063514870538647e+00
6.414081406139695574e-01
-1.974039990168948933e+00
-3.109489193381369532e+00
6.947842348674440061e-01
-1.089797241561045738e+00
1.937614886392340807e+00
9.578732184530922567e-01
-8.039314488420261640e-01
2.765856528798900982e+00
2.897865652782307677e-01
7.466455581246584927e-01
3.546081577546416952e+00
2.367764904283755634e+00
-2.258694843949523801e+00
3.703678410459243509e-01
-1.633749880558146295e+00
1.365526753526036252e+00
-2.116788139928865498e+00
-4.374486746891212974e-01
7.592919908155870701e-02
1.085150413652073986e+00
-1.524569603031252107e+00
-5.144101916574506106e-02
-9.283403554389471068e-01
-2.727131309248781221e+00
7.633826731869195470e-01
-1.713996885633001455e+00
-3.224337739231978084e+00
1.924428624118173836e+00
-8.434735863310853787e-01
3.104904245264785700e-01
3.104583974887660247e-01
-3.167570954827310103e-01
3.399557151491087836e+00
1.779667191129725268e+00
1.879520898900942427e+00
-1.945107964474113160e-01
-8.376601159428487264e-01
-1.597060383325049848e+00
-4.443975673527111425e+00
6.939663412862238090e-01
2.332169057016786340e+00
-2.629385269321716123e+00
6.947566070447290798e-01
-1.855922703310509903e+00
-3.669136458032948855e+00
2.137428445793033482e+00
-2.040915364071605786e+00
1.379610982118003371e+00
2.911223915834456832e+00
-3.365823208068364991e+00
-1.000412335476346115e+00
2.758141881606178458e+00
-1.320127228372634853e+00
1.525240229095823352e-01
1.931731212555051869e+00
-8.250276706880601552e-01
-8.635705205669097495e-02
8.152206776206138983e-01
-4.267149889411737007e+00
-1.480489968451697003e+00
-1.107046244445624161e+00
1.677158634774297497e+00
2.342067995223629850e+00
-2.803030993028996498e+00
7.632815442077811596e-01
1.763114422990872399e+00
-8.973120615092708974e-01
-1.945259350950756527e-02
-3.265358709470520537e-01
1.297774131350459825e+00
1.299877480740017965e+00
-4.260409491258544179e+00
2.983296152056192696e+00
-5.749482818911069160e-01
-1.441890719630666062e+00
-1.988496609428764827e-01
-2.717378353182450912e+00
-3.899375631296682077e+00
2.550788420068843543e+00
2.476835325966012746e+00
7.985180610325279815e-01
9.279375433300476317e-01
-1.125904048662352608e+00
-1.005051180805593969e+00
2.066897342560949369e-01
-3.520636215413559089e+00
2.723964348226859400e-01
-9.079922377852343018e-01
2.156353820781527375e+00
-1.083807979318573977e+00
-4.088447739601086539e-01
-1.502963150999201414e+00
3.307700315040641215e+00
9.561528435796411429e-01
-4.183339145905590861e+00
2.921054807128603770e+00
1.379665385844427661e+00
-6.129123985541511388e-01
-7.409098006195744546e-01
1.059295011800498898e+00
2.663215553187736617e-01
-1.292121603886839054e+00
-2.194713773111852895e+00
-1.578544759757081195e+00
-3.088139150468323546e+00
-1.590481681620175003e+00
2.837049615710453665e+00
-2.647476978296223749e+00
-2.422779488213213650e+00
-1.230168284841899329e+00
-1.988755055411576045e+00
-3.393428329284500666e+00
3.452189886780015371e+00
2.063433303767046922e+00
-1.524877581263103465e+00
1.076555713090021626e+00
-9.023883125901805968e-01
3.853475160247098685e+00
-2.072955859939722423e+00
-1.190059494687871755e+00
6.568478750044315362e-01
-6.780653940634611132e-01
2.523764516473034902e+00
-1.287506222479803952e-01
2.700681657816028647e+00
2.371243085050538824e+00
4.950888850411194753e-01
4.092842121595969829e+00
-6.038398147801409266e-01
-9.791045314404787092e-01
9.053457173325041296e-01
-1.773840173415344168e+00
-1.102576307953453405e+00
2.902735862865570837e+00
2.390398398281162073e+00
2.372976116300984373e-01
-7.591179708466375686e-01
-2.795697701819989778e+00
-2.309278952598917023e+00
-1.355888167320481230e+00
5.659175952017205802e-01
3.586967346523371347e+00
2.868899716064450267e+00
1.963627852654791894e+00
2.061173313136638541e+00
2.230834510900628231e+00
2.169915807071520319e+00
2.895744528044041033e+00
1.373354393873377433e+00
-8.695702899966040178e-01
1.858038477644258890e+00
2.815482978757515298e-01
1.353789492069340739e+00
-7.726539103442773282e-01
-1.115948764285452643e+00
3.798785431854678762e-01
-2.666344561388258594e+00
-2.645081329782006829e+00
-1.882333899294428292e+00
1.199014400902975730e+00
-1.524352105395029078e+00
-3.332915473010285456e+00
1.515203280172713107e+00
3.184491912224373777e+00
-5.028988204759254899e-02
-2.319696222672761543e+00
1.656338284383696013e+00
1.715741427267474251e+00
1.752025394678195624e+00
4.612429979213983344e-01
-2.403374371025223333e+00
4.894536680636690562e+00
1.516489025313933148e+00
1.678854104293282745e+00
-1.198438339978177947e+00
6.658605641175601164e-01
-2.904226054031182613e-01
-1.513399049582922373e+00
-2.110707654411978496e-01
6.741544796778100590e-01
-4.668483076701255285e-01
2.723939973325967046e+00
-3.421467879583309113e+00
1.123637463055614738e+00
2.465078241731415432e-01
9.078710996836738545e-01
1.236966931160806027e+00
-5.278773899782152057e-03
-1.758944516450577922e+00
3.906461251695425574e-01
-5.583309769373272502e-01
1.349699304463953808e+00
1.189597873137921091e+00
-1.639982645704111341e+00
2.073022780576730284e+00
-3.297905017717541742e+00
-2.371098080094856897e+00
-1.166452384654654395e+00
-1.765441760761887746e+00
-1.733793698480923240e-01
-1.043663477590399236e+00
-2.837623413395089500e+00
1.700352007188159931e+00
9.263527073658632816e-01
-1.329523477144659793e+00
-3.164987506360500191e+00
1.963015835586638502e+00
5.601632951782695713e-01
-9.846053089424433580e-01
-2.689517056469394873e-01
-4.999999999999999112e+00
-2.156080636602512257e+00
-3.110734264501314961e+00
-1.056121386694672815e+00
-6.010534168900738550e-01
-1.517050782253941854e+00
-1.047688599564051692e+00
1.347599751738579599e-01
1.467350370496890655e+00
-7.660928477074522291e-01
1.694588384916693613e+00
-2.881139903722559126e+00
5.414243528677946671e-01
-1.248583724619827251e-01
-8.101189454295010250e-01
-1.766726035519121663e+00
1.978191830020303854e+00
2.351522175770032419e+00
2.175740358751193426e+00
-1.759090791688048050e+00
-1.407482363542318815e+00
-1.500118314126723806e+00
-5.048486849349531624e-01
1.815135432509631386e-01
-1.223436049149962734e+00
6.093164947584908120e-01
-2.894262655304667753e+00
9.409108588925594319e-01
-1.877187378330273049e+00
1.416573117477165411e+00
-2.873847005412859978e+00
-1.276586681465807782e+00
-2.625351027613489929e+00
-1.739789466253489625e+00
-2.056766289651765334e+00
