-1.727148183234517020e+00
-4.400523750840692472e-01
-1.560010271185138464e+00
1.404864029048149554e+00
-3.471851115679279509e+00
1.210461280124656369e+00
-2.652356490282601342e-01
-2.950520314444400327e-01
2.441792264738673168e+00
4.462676933477602859e-01
1.048965578282886391e+00
-2.223377810561042445e+00
-1.396185604606769104e+00
-4.111014497758836761e+00
-3.316841287890662127e+00
6.274832852469556244e-01
2.113186598537460270e+00
3.204794484051577186e+00
-1.979448525648299650e-01
-1.108806487599061086e-01
-1.391002469086179527e+00
-1.351143439137423297e+00
5.012940403204364515e-01
1.430310026603960338e+00
2.710620408177302210e+00
-3.024544091004153223e+00
8.840435883521324811e-01
1.898434336395328437e+00
1.461452555630317285e+00
2.737969008464419929e+00
8.816734137399606652e-01
1.328796631833118802e+00
-1.579349761006105801e+00
5.404231394193459437e-02
3.516419027254000795e-01
-1.424903834319157792e+00
-1.047997516618697222e+00
-7.730610334725156463e-01
-2.826595996396701338e-01
-2.428007894119682319e+00
2.196943002630147745e+00
2.530264177202834475e-01
2.647017070955016038e+00
2.246540655285200749e+00
-8.761819199198903618e-01
-2.856016538083366640e+00
-3.989725989288217534e-01
-6.047971002883771874e-01
2.480557906915730193e+00
1.403082925082630439e-01
3.056054279154096776e-02
1.338603255437105233e+00
-3.041474357901113201e+00
2.891155297662591828e+00
-1.764061561653820220e-01
-2.835190467684054916e+00
-1.727815407990615171e+00
3.228844242246530882e+00
9.949805115212484452e-03
-4.226082661645818916e+00
-1.652216134193138508e+00
7.863933427484690597e-01
6.104438878399065516e-02
-1.275889858298313584e+00
2.291288462639709422e+00
2.715344834011501618e+00
1.435922512750561708e+00
3.982386899858816776e+00
-1.721510586900133255e+00
-2.291174326255811078e+00
-7.411276428371049718e-02
-4.235700841793130778e-01
4.244012057181793196e+00
-1.308274033992157470e+00
-1.941559202965513542e+00
4.440654508441301829e-01
1.527230228590466865e+00
-1.892365634670420516e+00
1.609090020378234343e+00
-1.787006426924540037e-01
-1.487249084414179467e+00
-1.198562654079749379e+00
-4.386617122758904586e-01
-2.473260390458955627e-01
-1.485778226102638655e+00
-1.483840286787506457e+00
-1.264815458213491617e+00
-4.821254048998389052e-01
1.134046570059145331e+00
-5.153574564876137742e-01
-3.890927727924335500e+00
-1.197623963647062695e+00
1.831710102528065320e+00
-1.059755321859689126e+00
3.266013418773527022e+00
4.350660078856849466e-01
6.463909349916896474e-01
1.531951067751196049e+00
-2.020397712392326461e+00
-3.110488494149807437e+00
1.840686772846982677e+00
5.181799545305567634e-01
-1.833533358369676236e+00
1.924974492067173415e+00
-2.491474091687488901e+00
1.286581146247538499e+00
1.960703222949021551e+00
2.676150968335243796e+00
9.042699523300417042e-01
3.156192052235891055e-01
-1.223093471315768177e+00
5.844862170945059887e-01
2.958111943289944534e+00
-1.409434287844338662e+00
-8.432365180097791679e-01
-4.888842818248630984e+00
-2.500301785779019070e+00
-3.518284325439440252e+00
-3.343037062784914415e+00
1.961969479350931245e+00
-1.271152553523180462e+00
-1.271852570753946310e-01
1.120363191899064859e+00
-1.445171494606737106e+00
-6.522860939814361103e-01
-2.955575048016998441e+00
2.458359369754034240e+00
-8.797610459155267293e-01
-2.226529640494744555e+00
-1.258328480112881564e+00
-9.140310710626131652e-02
4.807447165714343384e+00
1.779662331874938275e+00
-2.754577242300229045e-01
2.269772864931357326e+00
1.003459525331395596e+00
-2.092971126048572827e+00
3.083290593380105804e-02
1.177814252795270633e+00
-6.625877128356814083e-01
-1.867658660908869450e+00
-3.529071314135270310e+00
1.754185643948924067e+00
-1.950208571687548353e+00
-5.000000000000000000e+00
-4.834439554602933953e-01
1.332643602799020499e+00
-2.477485474095422191e-01
-1.865271871701772888e+00
-2.129541230143182418e+00
6.131646339879148755e-01
-1.512444683522883970e+00
1.816471360830071546e+00
1.839879023424932925e+00
-1.372489896070741011e+00
-1.673271388557338923e+00
1.461908344810609606e+00
-1.754589370611470134e+00
2.203780799991370998e+00
1.135880205215301864e+00
2.442965045152413417e+00
-3.527062257527957545e+00
1.162681191314991480e-01
-2.807255446129186094e+00
-2.251702650841922448e-01
-3.052562214872721391e+00
-4.855062784278903365e+00
2.830349970136043503e+00
1.797379267622046584e+00
1.203987516807282887e+00
-1.427423876717584861e+00
-2.345490929975627026e+00
-8.685620172875019307e-01
1.301284153820175149e+00
2.496697376836617188e+00
1.791684205433641708e+00
-7.922268321374819067e-01
4.123155928036634776e+00
2.936958419050530011e+00
-1.365052430625148805e+00
-5.852481337906318970e-01
-2.472791474148039459e+00
-1.282841208060655269e+00
-2.521236919895588624e+00
2.450669382241686733e+00
2.650600207318910329e+00
1.564019612967804562e+00
1.936115498777280841e+00
-4.023489837952195280e+00
3.480940290119630021e+00
-2.834195789472889970e+00
1.076388332690404681e+00
-1.266780599487502545e+00
-3.532944990879024694e+00
-2.117592401474241992e+00
2.487848754341195345e+00
-1.038523928883701153e+00
-2.062829567967625621e+00
1.826312945431991963e+00
-8.791563752969482337e-01
-1.164680974559733073e+00
3.993047577899261569e+00
1.684387708545447282e+00
2.761969228667293663e+00
3.014761698100498322e+00
4.007654109550093935e+00
-4.143302791233283600e+00
2.478977661074280192e+00
-2.649479237008105947e+00
-2.909111052276573961e+00
-1.855887542290651560e+00
-6.807504006804334651e-01
4.225029123066104120e-02
1.667800592485367162e+00
-3.109716170158487891e+00
-5.260809420328262931e-01
2.393778510426355588e+00
-1.586162264009088219e+00
2.601477155015581744e+00
2.637073339591045062e+00
2.117211600729116405e+00
1.183610477745972389e+00
-3.065351058980303467e+00
-2.278321437978090280e+00
1.303500423804063502e+00
8.320612457147644747e-01
8.118291096999863399e-01
-2.095706582050642197e+00
1.487985019381322438e+00
6.339052986326727535e-01
1.831302868140991080e+00
7.885296934701413463e-01
6.856178973463888937e-01
-2.119938391234877706e+00
-3.509374220103111952e-04
3.633069282812082079e+00
-9.384066385116209830e-01
6.296340748490472095e-01
-5.000000000000000000e+00
-1.507010335855579086e+00
-1.755155470649973459e+00
2.087572628415355069e+00
4.935862377575219284e+00
5.321868212366744899e-01
-2.570863325585158066e+00
3.006773400993710155e+00
-1.341706682140930695e-01
-1.684478362554053810e+00
-1.671990258740739144e+00
-2.005163724064562558e+00
2.564694603512196025e+00
-8.582631680823045173e-01
-2.240666160035980958e+00
2.354150557444647518e+00
-2.521005691598674936e+00
5.289181556578981258e-03
1.169297654299805700e-01
-6.311694135909453607e-01
1.463542264840620888e+00
1.081917778138825170e+00
1.392979556605833835e+00
2.647347030013298408e+00
-3.123341287334477911e+00
1.711289286999104320e+00
-2.299712042076869078e+00
-3.502745987052771071e-01
2.389538452205739461e-01
-9.526032466512299735e-01
-7.425813141529769013e-01
1.970531896329816846e-01
-2.243165352321203621e+00
1.474501229557688475e+00
3.327406019984369578e+00
1.325611691141213910e+00
-1.844366776096171279e-01
-1.270851858294625103e+00
2.036800417185720136e+00
3.120605588763041283e-01
-2.898528923332995610e+00
-6.980989300719189217e-01
-3.493881621093373191e+00
1.938202676019726844e+00
-1.497469098465407100e+00
-1.509467215259911121e+00
6.059297198815016827e-02
-2.209940038651476257e+00
-1.642035092167444699e+00
1.788856391402484647e+00
1.216265398356950911e+00
2.918681773566174087e-01
1.217600795425499705e+00
-2.628591099937046316e+00
-2.222224278475613435e+00
2.831510574699627192e+00
-2.094818449281261596e+00
1.028828440891013329e+00
2.195860762096460306e+00
-1.452944352724342636e+00
-1.194895313292005934e+00
-6.622081684817047176e-01
-7.038580652750434652e-01
-1.293815654809806759e-01
3.009367283751105404e+00
-2.712308655458625761e+00
1.225409677324580393e+00
-2.281209843287070882e-01
3.480230481052831948e+00
-2.633533228008587912e+00
-2.402703163137380749e+00
2.256505086586033215e+00
-1.953477198984394647e-01
1.439978178377430140e-01
-1.683364012575516711e-03
1.793039056335654635e-02
-1.639293096557619123e-01
1.182409985214942338e+00
-2.530400261050296251e-01
-1.429237492617563277e-02
1.280298441711216206e+00
-5.409277756541239768e-01
3.152328603067546808e+00
1.300980448744921247e+00
3.882315384629276167e+00
2.082502425217800379e+00
-1.072754461919096514e-01
3.990475664900650088e-01
2.370927702188556196e+00
5.616036806952928728e-01
2.504316222758328436e+00
1.047415619024518740e+00
4.927277801298885151e+00
1.050775744510677789e+00
-2.099190455263376442e+00
2.287130592238737492e-01
-4.049223740177367858e-01
-3.645358332923963829e+00
9.489351898358435733e-01
2.074053592823084102e-01
-2.088709625344320919e+00
3.421114402680736077e-01
-2.002177549297772252e+00
1.323855492353622765e-01
-2.063974862120671716e+00
2.328404026837701757e+00
1.043451553590512226e+00
3.201371690428905126e+00
7.617594447436033533e-01
-8.603909508147280505e-01
1.607627815283422024e+00
-2.863581072626786295e-02
-2.638134548582780070e+00
1.937041193553643126e+00
-1.638053245971937688e+00
-1.436769129593553629e+00
-3.082563700276081953e+00
-1.786785737679741359e-01
-2.236124286744134437e-01
8.279977635248334522e-01
-2.942041957682157260e+00
1.208480924722291405e+00
-3.739131348173270197e+00
-6.710667263704399588e-01
2.769923007648955604e-02
1.532008281003188088e+00
-1.037500867464646870e+00
-4.664977101906068846e+00
1.356313575484016098e-01
1.991272706332313902e+00
1.048899340457868590e+00
-2.236168513424143356e+00
4.190613318814085275e+00
6.020309598716160338e-01
2.245074042459204833e+00
-8.721629231716887531e-01
-1.859173133125744393e+00
7.501955311386847569e-01
1.657131556078916823e+00
7.863435457720395760e-01
-2.750402719750851155e+00
9.055054608393389159e-01
9.507808358588025754e-01
-1.066935344199285929e+00
1.835738393912493827e+00
-1.390648104362260717e+00
-3.560392375012186861e-01
2.724218149738570460e+00
2.614642926485899466e-02
3.479298297518520044e+00
3.207318901917000531e+00
1.869330840633076640e+00
2.243486247374477216e+00
8.544379730236872916e-01
-1.551404612781350778e+00
-2.185690614803599718e+00
-1.983784737946425736e-01
3.103777624128492008e-01
-3.633537348731827876e-01
-2.441893294871784192e+00
1.706845272784056178e+00
2.016184816649770895e-01
-2.795402703315271964e+00
1.663552334975165969e+00
4.147953597908760059e-01
1.390228529328533469e+00
-9.764870250492387882e-01
2.324104689195518603e-01
4.200383777723359913e-01
3.196829539121072372e+00
1.473606386730130779e+00
-2.083143310884421950e+00
-1.517067582676114412e+00
-1.010367318003125181e+00
-1.330653944364199148e+00
-1.012108485379006773e+00
-7.973514620121360252e-01
-2.389676218009881836e+00
-1.659229099059693624e+00
8.652605651204847703e-01
4.613918436586663674e-01
-1.042160445618644182e+00
2.768578999959698805e+00
1.741157856265966863e+00
-1.149310847548072445e+00
-2.839785004697957138e+00
-4.932932211479137408e-01
-2.597422976503211522e+00
1.830971245321194374e+00
-2.195229109546159574e+00
9.784941041042882759e-01
-2.151742208472059659e+00
-2.508349134335723818e+00
2.406291342309236470e+00
3.176741943678214497e+00
-2.204954799981138081e+00
-2.453271923254436437e+00
2.817767523922470652e+00
-3.627043350555574364e-01
-1.420801034080703129e+00
1.841659434489742786e+00
6.775498267501482985e-01
-1.645100979183320433e+00
-4.740879568456486837e+00
1.999819971401811891e+00
1.961017233029911822e+00
-3.892229365943666863e+00
-2.201666023743840128e-01
4.505792962692222403e+00
-2.458274006537694234e+00
1.894867951394488159e+00
1.254174841844384325e+00
-1.467008627496312556e+00
-4.867622027065365842e-02
1.385136696269015921e+00
8.480579142119717417e-01
-1.101531572269287551e-01
1.037416138697377477e+00
-4.999999999999999112e+00
-1.903868924328711465e+00
3.861114563400009914e+00
3.132780380308089363e+00
-1.453139221889905297e+00
-2.528455731782083937e+00
2.347761548395905784e+00
2.922024861297498610e+00
1.178650064484085824e+00
2.918670823765353362e+00
-2.015995291528379418e+00
-4.613721871621292436e-01
2.294587637345713027e+00
1.844779243316260420e+00
3.070885108351342652e+00
-3.508885331061382118e-01
1.771129969798988846e+00
-2.149718629568303285e+00
-2.522713642341605222e+00
-3.152611288371325315e+00
1.694721670762269206e+00
4.074724127728687861e+00
6.234217775894190794e-01
-2.496721315135348451e+00
-2.496131654660000976e-01
6.555492069209121198e-01
-6.173329042463171490e-01
-5.515822457000352230e-01
-1.216352611980477949e+00
1.106165441145954276e-01
-9.322676007321266667e-01
1.102135470863354172e+00
1.618534103663630042e+00
1.149619769891764065e+00
7.833449807706287515e-01
3.408092215297568117e+00
3.053783319824496800e+00
5.817767971646272684e-01
3.571353241551340929e+00
-2.713423178826622539e+00
9.422161901910328652e-01
3.090402183458847318e+00
-2.374149334552934754e+00
2.613219610918314117e+00
6.889991484112467646e-01
-1.870663067755025999e+00
-2.596015450093511756e+00
1.695526129495672052e+00
2.928494890621255564e+00
-8.191776185465862170e-01
8.622469282435130111e-02
-1.145923025443115861e+00
2.800426164245516603e+00
4.558997193678781201e+00
6.288802287523607149e-01
4.837541863100263129e-01
1.945685384446774080e+00
