-6.826099327581864884e-01
6.672166492357698431e-01
2.197594289629041242e-01
-2.176738196530680902e+00
-4.993483466834174322e-01
8.526767837023099261e-01
-2.335718865754108364e-01
1.498155684614108196e+00
6.421232719271490197e-01
3.397834621646769193e-01
4.150578327195288963e-01
8.041385223801622573e-02
6.145418372404716223e-01
-9.040587857015616180e-01
1.418239933374962902e-01
-4.668084709127970910e-01
-4.712613122248088260e-01
6.847469471299127974e-01
1.512425903282701434e+00
-1.040359032309940090e+00
-3.096571897649553762e-01
-6.285036998872071123e-01
-7.473372930730821651e-01
1.329775049243940188e+00
6.091447104975520332e-01
-4.075297544508398317e-01
1.624266656037876011e+00
1.574239883067081180e+00
-3.904232559434381855e-01
-7.996780575553206205e-01
1.469956820174366463e+00
-2.227429243754404098e-01
1.126823070018803996e+00
-1.228516030626037647e+00
2.585839742323550183e-01
-1.506405593200636162e+00
-5.085408963970978746e-01
2.720846050373415537e-01
1.241702573994087899e-01
-1.275158146482107124e+00
2.011455425921648832e+00
-1.411673092565822962e+00
1.263801446414674068e+00
1.081618473658138235e+00
3.575470164878780110e-02
5.749083319230248179e-01
-6.792721337904517043e-02
-8.317446171143583200e-02
2.900333013644704749e-01
-2.254027697455880386e-01
6.902579475646319906e-03
-1.383269479916080513e-01
-6.927077350887493878e-01
4.731445744194298086e-01
1.330167063482059930e+00
-1.351831724467551510e-01
-3.773190813967008950e-02
2.262807288083989121e+00
-1.153664325469992313e+00
-2.275307894751645854e+00
7.023137055446770916e-01
8.717304070619071865e-01
6.442413623536964451e-01
7.462847718107248340e-01
-4.788963162722215117e-02
6.641011628015931478e-01
4.767279113206388530e-01
5.602480409574006615e-02
5.907284084487951503e-01
-8.349806524525238416e-01
1.655380683164331401e+00
-4.100334644917955629e-01
3.141478151610883174e+00
4.983102949612971955e-01
8.423255504073292599e-01
-1.449292616033714953e+00
2.750250227689394755e+00
3.151627797593459235e-01
8.991477467259478829e-03
-6.902890671593278071e-01
1.013293714465781648e-01
-8.175234482620119536e-02
-1.951484527673508218e+00
4.843029637949225474e-02
-7.865858569270471889e-01
-7.489478035588659210e-01
-1.050068618744885995e+00
-8.258724428102670601e-02
1.119847722080313801e+00
9.981406171192386267e-01
-1.216631589240080302e-02
-2.283481999575736943e+00
2.315399815357364943e+00
2.168072523230444304e-01
2.274978985827291744e+00
-1.128325240393228679e+00
-1.115546792676349597e-01
-5.544998394354276883e-01
1.425156576425301580e-02
-1.025932293198606793e+00
-1.164384710309454007e-01
-1.502748809469696134e+00
-8.624660841301583503e-01
-5.982621892807040709e-01
1.601779287636766469e-01
-5.563808144007609258e-01
1.334696097114038693e+00
-1.174677421979453129e-01
6.385663163111132690e-02
1.149297281891561440e-01
1.337881367825835000e-01
8.732539787033726242e-01
1.712099206824144737e+00
3.704568957342484481e-01
1.301334889810494388e+00
-2.005531408390455184e+00
1.276799083818952241e+00
-1.064493346748943026e+00
-2.603822572170532368e+00
2.868906241197077378e+00
-7.762112789940767144e-01
-2.588948762042775353e+00
-5.758882085614560609e-01
-1.829640633141496053e-01
-7.767084392884422428e-01
-2.234237500833007317e-01
1.058425432899228191e+00
-7.510730021529026246e-01
-9.632693488300150264e-01
4.409862031423781303e-01
-9.414494784778622005e-01
-2.339251344531252386e-01
1.686788815549492782e+00
-9.734982585896121421e-01
-8.810936353855236547e-02
-2.986087832606560966e-01
-8.933078467090496133e-01
-8.036980030829141697e-01
4.509483031589560653e-01
-2.614636533376781813e-01
-9.305823771838115377e-01
-4.223098673277636550e-01
2.231152930909789944e-01
1.369660512001988906e-01
-1.664563345288416762e+00
-1.882077535143160674e-01
5.576759406470017666e-01
-1.304440223173420677e+00
1.107140577705795437e+00
9.427236236610747611e-01
1.701807036469951129e+00
-1.239926493931874596e+00
9.130314151350464869e-01
1.361234667707817536e+00
5.861534721436285622e-01
-6.610234469180307215e-01
-1.493713481016056832e-01
6.720983921555481189e-01
1.531084019131965235e-01
8.312945165378309298e-01
2.732652422596979491e-01
-1.530979249713130486e+00
-1.112083457845075785e+00
-6.786046044789264542e-01
5.988310789661133171e-01
-1.195040620001019072e+00
-1.647498127177388305e+00
2.319118301707574048e+00
-8.705675013778346738e-01
1.158763290612665031e+00
-4.528827500546261930e-01
9.055965829132572864e-01
7.211161866275004328e-01
1.076074244682132530e+00
-4.766269318020732726e-02
1.287249584753960008e-01
9.686755286671679954e-01
-2.425235914209800114e-02
1.651518574367450753e+00
2.869542121878732033e-01
6.256513738208386854e-01
1.015940580349974809e+00
6.413332145632564263e-01
-2.096580648862131913e+00
-9.217400497785908087e-01
8.771178884107664331e-01
6.828573821285077727e-01
8.300125034755527764e-01
-1.861575037855053516e+00
1.159326457071106375e+00
-2.219771589425927782e+00
2.152534927669229603e-01
-3.038955296653664817e-01
-5.917949716701551566e-01
7.302439837415146684e-01
-4.378667157747084815e-01
8.391852916219342262e-01
-2.096057198336076510e-01
-1.439185213626063664e+00
1.188383710332853838e+00
-7.487631610739589050e-01
1.336892291729117055e+00
2.038397134227842855e-02
2.031692929572715300e+00
3.564575681679285069e-01
2.377793273415029773e+00
1.193168550439973608e+00
-1.558909886162766156e+00
-7.539830346269429384e-01
-7.426906884275918941e-02
-7.330722963954592331e-01
-2.149098098686943459e-01
-2.100310511066583175e-01
-1.450503543071556045e+00
-1.124277011402702087e+00
-3.838583115607185903e-01
-1.028730861689557408e+00
3.241024812528081611e-03
5.030150855664885512e-01
3.680703911255411853e-01
-2.846684596096906716e-01
-8.378627916895924344e-01
-3.190763912523038037e+00
7.489514226113769269e-03
2.600616965807976300e+00
-7.909397464880578710e-01
1.462192113948961314e+00
-2.259212326211568200e+00
1.436050331430410942e+00
-1.638499466597572507e+00
1.205212993071881122e+00
5.574024794337262279e-01
2.759465928316995331e-01
-1.197904140288224450e+00
7.991038142494621965e-01
1.451595914164354184e+00
-2.678100359866391056e+00
3.706076431396372328e-01
-7.520068232278687148e-01
3.282388138330558647e-01
8.371181629478217090e-01
-6.875434020201680596e-01
7.181496658945327738e-01
-7.216655185922080662e-01
-5.716810835443624228e-01
1.347949735118562309e+00
-2.390197443774724206e-01
-2.504782550486996939e-01
-3.265758606860726943e-01
-1.651004726672773426e+00
9.102926298247506764e-01
2.583108151582846901e-01
-2.428995158338000948e-01
1.645233719799366057e+00
-6.699651907337935697e-01
6.216263944719653267e-01
-1.458645843374498874e+00
-1.155745106176691017e+00
9.964809121523510171e-01
9.679346923756178001e-01
-2.192633565732382550e-02
2.117285504505144189e+00
5.906250106880062134e-02
6.041272711803120643e-01
-1.541243498942473256e+00
-1.074212593903559387e+00
1.459701722621922215e-01
-6.404722648341998337e-02
-2.912320618622823432e-01
1.446773687885993809e-01
-7.945497069038722771e-01
-9.375849238453142220e-01
1.222899477687191094e+00
-5.720699083101177251e-02
-2.223336449699717221e+00
-3.693951263539494434e-01
1.146029846762067983e+00
-1.877262443717615525e-01
1.466509275921242583e+00
1.270483893136700182e+00
-1.793525712940374994e+00
4.709835995206095305e-01
-2.525272645476154931e+00
1.537792868163112558e-01
-1.273356310189841079e+00
-1.275085920254366290e+00
-2.579478476968029454e+00
1.386617291350429326e+00
-1.882221831771678566e+00
-4.794335005867598198e-01
-2.642092874028971750e-01
1.152384767461285264e+00
1.761087709170973348e+00
-1.372389935995652177e+00
3.582476239055942813e-03
4.277533666109309962e-01
1.445625677377732288e+00
1.268636430634737522e-01
-1.621917219675105937e+00
-2.486713999212903481e+00
9.890741643656477677e-01
7.436810805826699067e-02
1.336586524436889079e-01
-6.239089118335181539e-01
6.680943923171023258e-01
-3.521374087813082809e-01
5.510912984799318792e-01
-4.738764775955504049e-01
-1.180657397899177674e+00
1.265845549060684583e+00
9.009230008132416145e-01
3.270242256785591550e-01
8.005585901842682262e-01
1.317371481457064064e+00
-1.211632065272503223e+00
3.749076385998693084e-01
-5.450273045954094897e-01
-6.280748344134261529e-01
-1.143344265853092345e+00
-3.494593949306583625e-01
-4.767630023368019110e-01
1.116897762537234939e+00
2.389062125208960552e+00
9.748678796943313074e-01
1.225755981644933712e-01
7.924044674740837735e-02
9.249101250540636698e-01
8.607107423441382466e-01
-9.548047186506263273e-01
-5.594055336209278195e-01
1.439152422202504056e+00
-3.698449668014394121e-01
-2.967003161717221005e-01
2.710449679756745667e-01
6.977961524119278280e-01
-1.991716764918658455e+00
4.121355363414060946e-01
1.239646522220104075e+00
6.777876792707973053e-01
-1.029578259570974375e+00
-8.431211076112195002e-01
-1.828516456387330180e-01
2.252405489252096160e-01
1.969217616531802051e-01
5.754333008043799325e-01
2.637952820448044022e-01
-2.101792800532651384e-01
9.983370884934839040e-02
1.976177224495348383e+00
1.530003883728338288e+00
-1.083124095395169295e+00
-9.401109034561869748e-01
1.026265590008712536e-01
-9.143412904741721192e-01
-1.963688903212648107e+00
-1.155429421550255853e-01
-1.173800976054411027e+00
2.751895368564474254e-01
9.431496982688933883e-01
9.538065628736376311e-01
3.063058933990046029e-01
3.666168550055468600e-01
-1.628781141826848966e+00
-7.078519598194565887e-01
-5.762884203280282946e-01
-1.167745457679509435e+00
9.482520452768961050e-01
1.379715270661878712e+00
6.048175191287619157e-01
-8.071721315440960609e-02
4.366694547803895432e-01
4.178070722408913085e-01
2.224680896458055557e-01
7.654689026598227031e-02
6.855463858133648003e-01
-1.407436318358905591e+00
1.303164548567393055e+00
4.521207571672061221e-01
1.139848686716353754e+00
-1.358255584146897732e+00
3.042760653299714235e-01
-3.003161064484752174e+00
7.736193769810029153e-01
-3.936349462018737810e-01
1.239820966586577811e-01
2.005305673085333140e+00
-2.225063029057470221e+00
1.307821337595762579e+00
8.812008164831794943e-01
-3.633175140559457006e-01
2.913790963127276257e-01
-6.854231410917126510e-01
-2.075566749077657480e+00
3.812331934687795965e-01
-9.281317220641494004e-02
7.450389466731932586e-01
-2.005153125944829640e-01
-8.004223351543267029e-01
1.264398593101294210e+00
-1.763635474515948154e+00
-1.674546009044525441e+00
6.211204230900602141e-01
7.810161201486423010e-01
4.964557817988151101e-01
-1.073279306896897101e+00
1.443923177937696423e+00
3.944238725187183547e-01
2.549289570943251704e-01
-1.037691172946563434e+00
2.008260461360151794e-01
-7.274225990794924712e-02
6.662656122103776113e-01
-3.835880171412142658e-01
-9.193365329993472557e-01
-8.183774732471320590e-01
4.127538066223994662e-01
7.038050681644882900e-01
3.733996528429095463e-02
5.980376626466821222e-02
9.092182601614613446e-01
1.104285816997654379e+00
-1.848029695710275533e+00
8.612853769463360010e-01
-1.272057249795242484e+00
1.968251044626159185e-01
-7.207592954984560762e-01
1.795973897701914623e+00
-4.457731914525018269e-01
1.059384282079109951e-01
-2.090542275826100749e+00
-3.108916120784419590e-01
-3.070107746537242832e-02
1.787551034173415765e+00
3.231763499530142525e-01
-1.219403922337420898e+00
-6.401910294211710095e-02
8.832181428527752232e-01
1.613227092545953312e+00
1.119186376447428799e+00
4.687361353504897465e-01
1.805417509290082378e+00
-7.488784666332168882e-01
6.796931686344063195e-01
2.472994853753414546e+00
-5.565145680778353920e-01
-1.637467655557618418e+00
1.954567812552676642e+00
1.183104693374872340e-01
-1.408640447902076431e-02
-9.634247821138339773e-01
-1.467932475701511752e+00
-3.516616024183818467e-01
-5.809599629388104702e-01
2.815078312510346237e-01
4.030856836007874477e-01
-8.775131786226042507e-01
-2.024955607462780804e+00
-3.606836699537261381e-01
4.154558733964801576e-01
4.678096574674652786e-01
-1.070298532712656403e+00
-7.577624059857201999e-01
-1.272590551700227834e-01
5.875269103677105420e-01
-1.725225454800276559e+00
6.625609082453909338e-02
6.484776656611490608e-01
-7.113007936380952856e-01
2.164104163774518419e+00
-1.037820022619238003e+00
-3.836360854241336327e-01
1.995103521133535729e+00
7.838745603660060013e-01
4.196218245251595036e-01
-3.544129990897992855e-01
3.380575822450282431e-01
-4.849717910456829983e-01
1.318542247267219025e+00
-1.645737947947942814e-01
-1.418633809428232695e+00
-2.449930640563606321e+00
4.002683902066905830e-02
2.633200919494552039e+00
-1.870779873972754359e+00
-1.340300605873541606e+00
-2.719118369790398226e+00
-1.439283943191551618e+00
1.246858098683301108e-02
1.000534606745933530e+00
-1.011598255113176137e+00
1.118582644464634512e+00
1.425502333033980662e+00
-2.169983980221763531e-01
-7.781156049690700627e-01
1.251728868156343211e+00
2.905100622665690580e-01
3.826919884675481498e-01
-4.888950552758402068e-01
1.216890479699133110e+00
-7.589403402699490542e-01
1.194918351226199604e-01
1.477574687654163554e+00
-2.838548539158836093e-02
1.593708800439602946e+00
-1.099481319111053512e+00
-5.339460898009216194e-01
-1.015018814981087480e+00
1.098279633488470353e-01
2.222309342276629351e-01
2.187793042091676021e+00
4.799401452684692870e-01
2.929920567647315011e-01
9.202056596952097323e-01
