-1.052934552584616323e+00
3.460606569160464829e-01
1.140699534142118665e+00
-1.892674576416542020e+00
-2.737439594951514010e-01
1.507389050605878467e-01
-1.861105164662735234e-02
7.115070578480420238e-01
-3.345340225652284616e-01
-5.774947687630067605e-01
5.394237211086814199e-01
7.396518963566194316e-01
1.074521694910908209e+00
-3.730113343425616179e-01
6.174258665940950408e-01
-6.408378111702104363e-01
-5.040167286344328090e-01
1.361550019797750366e-01
2.707583804425564011e-01
-9.616169269235381734e-01
-3.880155302300956066e-01
-1.514095913511895208e+00
-3.767167777133693107e-01
-3.134567570027932959e-01
6.012270015555127856e-01
4.886064284212103814e-01
-2.377112093646100988e-01
1.467704047896556396e+00
-4.659765955283541317e-01
-6.484671150033420872e-01
2.413801923504735214e+00
-6.804857547771110404e-01
1.472051254917856156e+00
-9.383824664017641481e-01
-3.984084627344275376e-01
-6.469490023598529760e-01
7.208236699599392949e-01
1.447211826076131302e-01
-4.014522202159582775e-01
-1.200285392799029793e-01
1.329846923986057305e+00
-5.810378950184444946e-01
1.017046521480366117e+00
6.868134997074824000e-01
4.616109259480598581e-01
1.363512111438311081e+00
8.195763564318099270e-01
-2.862501441172238259e-01
-4.788544023219234447e-01
-6.419329235656467958e-01
-4.819895305609280811e-01
-8.364313450323344057e-01
9.803746678649805091e-02
-4.100911779549747394e-01
1.417112243599469856e+00
5.690148160675532196e-01
-4.544568850903196733e-02
1.590225431945036405e+00
-1.583608288492769134e+00
-1.271036010545824269e+00
6.948326848357204710e-01
8.516809109239886766e-01
2.550672291557400939e-01
1.941789809590579452e-01
3.310693232356456406e-01
-1.944198039585582904e-01
-2.549748241429758977e-01
1.036946698387239962e-01
4.496442831353899550e-01
-3.703394165081341782e-01
1.662712171293652119e+00
-9.099293585580348065e-02
1.851014262810578792e+00
-3.633003311499685140e-01
1.657656668353526541e+00
-1.884223830642698161e+00
1.250206878082287254e+00
2.900427161409124821e-01
-8.415015163234382811e-01
1.221065064202893069e-01
7.095497185446166810e-01
1.466403770144193430e-01
-5.754278570863418096e-01
8.951781259943505376e-01
-4.219257392194295520e-01
1.588483152004194210e-01
-8.872822670686044688e-01
2.551972419348746968e-01
1.272610795985751331e+00
4.428000318753380071e-01
3.434753765653635327e-01
-1.310728375631389220e+00
1.622895587825977870e+00
5.406410529424343636e-01
1.678239490657125188e+00
-7.590343034796713795e-01
7.070647606292999043e-01
-8.860008085838515512e-01
1.079387397669204773e-01
-2.634545909885011028e-01
-1.312556991548011531e+00
-6.559267365297021257e-01
-6.189922460158943096e-01
-1.880652963440150316e-01
6.949131419722265335e-01
-1.142541232130271922e+00
1.696904934160459177e-01
-3.433751222750203169e-02
3.490581372461161180e-01
-2.228336099564840467e-01
5.112040412126548361e-01
3.303470239082306747e-01
2.057497139734882907e+00
1.754872975313404027e-03
1.920272496820625285e+00
-4.175940908759043779e-01
1.390146166483607892e+00
4.984193314678488917e-01
-2.004598527113671480e+00
2.175481651149979712e+00
-9.314221622375029597e-02
-1.529550960386825587e+00
-6.488197266420305809e-01
4.160334316391436360e-01
-2.922567172423420345e-01
-2.478004003251443876e-01
1.339564489838966921e-01
6.574967805155118583e-01
-8.345984119257821021e-02
-6.649760002338300779e-02
-1.251524850509362796e+00
-3.429813346316912259e-01
1.765614026112841906e+00
-3.615213387917455279e-01
4.593393595164751986e-02
1.533564718766902146e-01
-4.016631283107701123e-01
-3.065655928863488811e-01
2.287301452580123851e-01
-2.813897162569531929e-01
-5.580524505580255479e-01
-9.103465937529797714e-02
1.650160788488408414e-01
2.060511120216323988e-01
-1.190310887028691589e+00
-1.050722197478343833e+00
9.813579000528172003e-01
-1.007467144647841373e+00
1.242736288797240185e+00
5.228806470238236415e-01
1.281866131132785469e+00
-2.661193195331668093e-01
1.899695538660672867e-02
1.838883183851702796e-01
8.663124623113693801e-01
-1.213454029338623119e+00
3.138705315461116641e-01
1.948723002321575137e-01
7.469511604220269163e-02
-2.577970461754084397e-01
-7.520457907615183402e-01
-3.336717056287357153e-01
-8.692773902560819721e-01
4.084754114301940575e-01
2.723274254350833701e-01
-6.809953562426871443e-01
1.966641054621653950e-01
1.608910361292270608e+00
-1.442607072102300769e+00
-2.802455309730209621e-01
-4.755527296716346441e-01
1.095103605008347358e+00
5.906433603337122307e-01
1.313685851996391207e-01
-3.450905845142164807e-01
-8.564427682245128182e-01
1.991797466300928576e-01
-7.941734745635304904e-01
1.306486133126663063e+00
1.268592799389718806e+00
3.882317502749641491e-01
1.759914923376921791e+00
1.626460609426190196e+00
-1.265093923083916216e+00
-1.329861752750432391e+00
-9.530370600990778485e-02
9.290064486663940357e-01
4.208333182735026767e-01
-1.607681267832244743e+00
6.457312642841390726e-01
-1.435865784552055935e+00
7.090501892347189639e-01
6.649312853350020092e-01
5.597647940537235911e-01
6.449225843347869969e-01
-1.628300273314031710e+00
1.135962678085551403e-01
1.291766088054906447e-01
-2.112539147601169010e+00
1.710674209846865246e+00
8.500943909794367315e-01
-2.493606711731635173e-01
1.279397139375380021e-01
1.021227369982755206e+00
5.916683272366762836e-01
1.210248025465608279e+00
2.204444454140982224e+00
-1.353106331030499376e+00
4.537556300170635382e-01
-2.021564761662482113e-01
-1.944164768641929442e-01
4.603091193882633547e-01
-1.367979002726702475e-01
-1.676285304531267784e+00
-7.201571913967050875e-01
-2.930395896677842060e-01
-2.293413425250298232e+00
7.136935950936997841e-01
-5.505329715013171921e-01
-2.238755315815215141e-01
-1.121362788792952259e-01
-1.032796990739454301e+00
-2.191787738104536309e+00
1.495616556151162513e-01
1.657100159844933529e+00
-2.609453501237952722e-01
4.213031109454714596e-01
-1.374678181521877374e+00
1.508099822508627952e+00
-1.329278711888666642e+00
-8.087014675145276499e-03
-6.127110079293620615e-01
-6.438288682183515022e-01
-6.667499394114670963e-01
3.860907880699118166e-01
9.359532471833418299e-01
-1.507498990077358769e+00
2.346257727296077178e-01
7.743768644414164015e-01
9.491611560612955856e-02
3.257509631640607140e-01
-3.901203025116881662e-01
-5.526559111547326708e-01
-7.124953885809839349e-01
-7.159345140210513492e-01
3.736953648970722242e-01
-2.409452710216610782e-01
3.991053165634550481e-01
-2.288850132635378287e-02
-9.065075038707934851e-01
-3.237881141520126960e-01
-8.748238282419231737e-01
9.894921607508502248e-01
2.638170190107373969e-01
2.864854678497223972e-01
-2.674508089905902608e-02
-1.798406569553754331e+00
-2.560079531874794867e-01
1.304333547615907918e-01
9.218630216835252966e-01
-1.200350234234712321e+00
7.145330987771050246e-01
-4.081113237899387514e-01
8.214774844072234572e-01
-1.097994887491377636e+00
-4.323813943550529615e-01
1.886836563838389935e-01
5.200570810606697236e-01
-3.849631268164044329e-01
4.007186778630567048e-01
-1.532523065928579342e-01
-7.741092458669127652e-01
7.845152546168643326e-01
-1.522482679187486809e-02
-1.108688411357822368e+00
6.825382328234486096e-02
-2.450498721161054050e-01
8.569922219767445171e-01
1.193594118533085613e+00
2.220221581253900567e-01
-8.799886552396216644e-01
-1.020525118615722704e-02
-1.350244340144670652e+00
3.174619930518680633e-01
1.805060212537661357e-01
-1.137078898682595263e+00
-2.202356597161214680e+00
-1.936775539331074825e-01
-1.611975698867209594e+00
-1.224248969244690510e+00
-1.553644459391076538e+00
1.825970373515889200e+00
2.157635638187873184e+00
-2.000875222829566979e+00
4.836536282701811018e-01
-3.735472636449390649e-01
1.180267053153595924e+00
3.080615092550171852e-01
-1.471968516860656884e+00
-1.696133955113520830e+00
3.636355718087713740e-02
9.636457773953264194e-01
-6.997051594160028642e-01
-4.741023445679584114e-01
2.346355799040242829e-01
-2.526568228515069237e-01
-5.281128735434199584e-01
-5.578445777652962789e-02
-3.715926172542411976e-01
5.538546299531912354e-01
2.867933826163904243e-01
8.209134614618305292e-01
-3.485881762878859647e-01
4.851798450675568475e-01
-8.484619227548133580e-01
4.294185867671576062e-01
-1.085676151297632064e+00
-1.635977883571566593e-01
-1.049031217953041661e+00
-5.016668879477919063e-01
-3.674706622721721772e-01
4.324564343267809363e-01
8.394252601259788449e-01
1.256636062580769320e+00
-8.147854297177303806e-02
-2.606827081946407887e-01
5.182811137318470429e-01
4.139291917566723100e-01
-2.651565945164335858e-01
-1.961123221963859464e+00
-3.727318220970978757e-01
-8.924658263029794369e-02
-4.973661641032514069e-01
1.812780663535473735e-01
8.233802155523566313e-01
-7.789265784748913291e-01
3.114074521871952328e-01
-8.803507194824344850e-02
1.119349884897182790e-01
3.296862725391669358e-02
-4.419583639543924747e-01
-5.752685055175996709e-01
6.962686735393344151e-01
-6.059361193198409268e-02
6.770884098176672694e-01
-1.451403556961219365e-01
-9.290036644653518749e-01
7.977076361685089267e-01
1.893108903579894253e+00
1.888240499026210273e-01
-6.117936384946176531e-03
-1.082947687457839869e+00
8.025520105033878693e-01
5.597636936428500576e-01
-1.353768638288072701e+00
-1.094757529501211302e+00
-1.377896902250953737e+00
1.227466342280978395e-01
1.492570171238771337e+00
5.711426084947834880e-01
9.463849483018025310e-01
-6.618158090609815858e-01
-1.042616389480976125e+00
-7.585870761106532356e-01
-5.955811732698990113e-03
-6.374441320155810331e-02
7.243451790196751006e-01
1.091608004224856820e+00
1.724649312066475204e-01
8.560107355108925731e-01
-2.727220516767996372e-01
1.141858443034168502e+00
3.074176008970592733e-01
1.870338214092024387e-01
5.321611081417998435e-01
-5.158102001159123873e-01
2.201876736024601655e-01
5.788241084051248819e-01
1.076605240857430701e+00
-9.470848403886762412e-01
-4.470030059021343760e-01
-2.616099050528186254e+00
4.094329884701650712e-01
5.971599869949759665e-01
5.298474393971197571e-02
4.769543019372459725e-01
-1.859170158396529438e+00
8.412040350802652000e-02
8.992900705980497733e-01
1.250171010641851765e-01
-5.157307414720122551e-01
-1.109115382500525104e+00
-1.074634263290314529e+00
-2.078280860609007519e-01
-7.118435870483796890e-01
2.590287080129538566e-02
3.340870395840633833e-01
-7.900724388270106147e-01
-2.844232511290059051e-01
-1.631827681946996123e+00
-1.256975354648729670e+00
-3.183951271036811193e-02
-3.538296059371024427e-01
-3.507191415361026188e-01
3.392492067265528988e-02
1.556930286844573352e+00
7.857363737918703350e-01
-5.614448455157310391e-01
-1.631582929461766085e+00
1.050606371599371869e-01
-6.130873385109820717e-01
5.372667495212208877e-01
-9.048841588984988249e-01
-4.609301095827671446e-01
-1.436619957581436680e+00
1.225369323337719862e+00
1.172528330300304233e+00
-3.803514981942779372e-02
5.633053602839854790e-02
5.292100309140481684e-01
-6.764206294446637457e-01
-1.068031270004496491e+00
4.297447745651670203e-01
-3.097172895517186220e-01
1.166178075162326522e+00
8.671394204628066760e-01
6.809043834358918801e-01
-8.108805368286899906e-01
2.773891650827930988e-01
-1.418850399131968310e+00
1.055627450952041357e+00
-9.799492873376820512e-01
7.165057209346148426e-01
8.541633906932108999e-01
-1.093112875789019611e+00
-3.934967843181871316e-01
7.909422633641058908e-01
1.979007499564603201e+00
-2.101716210452906353e-01
-1.130850685038709891e+00
8.092159199191666374e-01
-9.350486223031486688e-01
3.660831794150070095e-01
1.731126234453834734e+00
4.673877092127964872e-01
-1.361628562880561777e+00
7.077917905784687491e-01
1.682384930552059288e+00
2.441007186959680553e-01
-5.776434071609726217e-01
-6.356613058950335571e-01
-8.678163623293206896e-01
-4.721701720507178734e-01
4.322767642060263427e-01
1.385078455595989411e-01
-9.975304461816589807e-01
-6.255093366553863277e-01
4.987197323235541546e-01
-1.015755962081362540e+00
-2.815935858300555594e-01
-5.433353496142148131e-01
7.846006089679145035e-01
-3.874819871178125652e-01
5.458244795205136057e-01
-5.949522821644057657e-01
-1.132661807508464236e+00
5.772258579185169935e-01
-6.836695399843222276e-01
1.649486491017139400e+00
-1.014921458031647905e+00
-1.008833530292864822e+00
1.138186586608892270e+00
1.152229116352179616e+00
9.928681959241192345e-01
-9.352980739919036779e-01
7.123222854017585703e-01
-8.606738343934168256e-01
1.393800182818222488e+00
2.699356585579195666e-01
-5.654732947120386655e-01
-7.352726953486490302e-01
-7.882025605416806968e-01
2.474077651858914706e+00
-4.845855261680496184e-01
-4.172947906869595158e-01
-2.732532943222935717e+00
-1.736739064968030100e+00
4.318244024903670208e-01
2.344580310285788727e-01
-7.751209446789371071e-01
8.799303908318734102e-03
2.747997906341286267e-01
-5.745305683293029375e-01
-1.199838997994461032e+00
2.381718896559377185e-01
2.585456358585620507e-01
2.563859943868713742e-01
-1.104212616562548988e+00
1.066216696820144527e+00
-8.972246836890169774e-01
-1.965824394258142149e-02
1.034398886926270578e+00
1.424118748404517021e-01
7.575832881743860270e-01
-1.826594550451723364e-01
-1.431047639196693755e+00
-4.388117742753525619e-01
2.048446688256415626e-01
1.032375197131667477e-01
9.629282837566517372e-01
8.476579694239045892e-01
5.552320715534628803e-01
3.592036143011556604e-01
