1.217500000000000071e+01
1.170800000000000018e+01
1.399399999999999977e+01
1.462700000000000067e+01
1.734400000000000119e+01
2.026500000000000057e+01
2.306700000000000017e+01
2.285000000000000142e+01
1.929700000000000060e+01
1.789699999999999847e+01
1.376600000000000001e+01
1.186599999999999966e+01
1.195899999999999963e+01
1.102100000000000080e+01
1.385999999999999943e+01
1.410500000000000043e+01
1.667599999999999838e+01
1.885900000000000176e+01
2.198400000000000176e+01
2.074800000000000111e+01
1.702700000000000102e+01
1.623600000000000065e+01
1.299900000000000055e+01
1.124399999999999977e+01
1.116499999999999915e+01
1.028500000000000014e+01
1.149600000000000044e+01
1.166300000000000026e+01
1.497499999999999964e+01
1.676099999999999923e+01
1.971099999999999852e+01
1.960800000000000054e+01
1.719500000000000028e+01
1.498799999999999955e+01
1.239799999999999969e+01
1.164700000000000024e+01
1.121000000000000085e+01
1.082499999999999929e+01
1.209099999999999930e+01
1.236599999999999966e+01
1.447199999999999953e+01
1.700900000000000034e+01
1.832600000000000051e+01
1.789699999999999847e+01
1.601500000000000057e+01
1.356700000000000017e+01
1.179299999999999926e+01
1.165099999999999980e+01
1.119599999999999973e+01
1.094200000000000017e+01
1.265700000000000003e+01
1.217900000000000027e+01
1.418399999999999928e+01
1.696099999999999852e+01
1.892500000000000071e+01
1.914799999999999969e+01
1.771900000000000119e+01
1.554800000000000004e+01
1.277599999999999980e+01
1.199099999999999966e+01
1.257300000000000040e+01
1.158500000000000085e+01
1.273900000000000077e+01
1.224399999999999977e+01
1.430799999999999983e+01
1.763299999999999912e+01
1.987000000000000099e+01
1.866900000000000048e+01
1.629299999999999926e+01
1.442200000000000060e+01
1.250999999999999979e+01
1.207000000000000028e+01
1.254700000000000060e+01
1.246000000000000085e+01
1.429700000000000060e+01
1.433099999999999952e+01
1.522899999999999920e+01
1.758299999999999841e+01
2.028099999999999881e+01
2.061299999999999955e+01
1.857799999999999940e+01
1.774200000000000088e+01
1.433099999999999952e+01
1.368699999999999939e+01
1.507199999999999918e+01
1.436800000000000033e+01
1.546100000000000030e+01
1.397000000000000064e+01
1.534099999999999930e+01
1.833699999999999974e+01
2.288500000000000156e+01
2.206700000000000017e+01
1.945299999999999940e+01
1.640099999999999980e+01
1.391200000000000081e+01
1.317900000000000027e+01
1.259800000000000075e+01
1.218200000000000038e+01
1.486999999999999922e+01
1.571000000000000085e+01
1.719600000000000151e+01
2.069900000000000162e+01
2.232400000000000162e+01
2.117699999999999960e+01
1.765099999999999980e+01
1.639900000000000091e+01
1.406900000000000084e+01
1.301900000000000013e+01
1.295199999999999996e+01
1.198799999999999955e+01
1.343099999999999916e+01
1.341999999999999993e+01
1.404599999999999937e+01
1.609799999999999898e+01
1.922100000000000009e+01
1.968799999999999883e+01
1.597499999999999964e+01
1.486599999999999966e+01
1.233500000000000085e+01
1.169400000000000084e+01
1.130000000000000071e+01
9.603999999999999204e+00
1.128400000000000070e+01
1.101200000000000045e+01
1.183300000000000018e+01
1.342399999999999949e+01
1.702599999999999980e+01
1.905000000000000071e+01
1.614399999999999835e+01
1.359099999999999930e+01
1.157799999999999940e+01
1.180100000000000016e+01
1.173799999999999955e+01
1.022700000000000031e+01
1.125500000000000078e+01
1.201500000000000057e+01
1.444200000000000017e+01
1.623100000000000165e+01
1.902499999999999858e+01
1.906299999999999883e+01
1.582499999999999929e+01
1.469400000000000084e+01
1.331700000000000017e+01
1.183000000000000007e+01
1.238100000000000023e+01
1.110599999999999987e+01
1.135999999999999943e+01
1.277299999999999969e+01
1.287299999999999933e+01
1.536899999999999977e+01
1.831599999999999895e+01
1.930300000000000082e+01
1.499399999999999977e+01
1.358799999999999919e+01
1.257000000000000028e+01
1.150500000000000078e+01
1.003700000000000081e+01
8.564999999999999503e+00
9.246999999999999886e+00
1.080199999999999960e+01
1.258099999999999952e+01
1.415300000000000047e+01
1.636599999999999966e+01
1.501600000000000001e+01
1.340600000000000058e+01
1.177500000000000036e+01
1.014899999999999913e+01
9.519000000000000128e+00
1.006099999999999994e+01
8.628000000000000114e+00
1.039700000000000024e+01
1.123700000000000010e+01
1.319999999999999929e+01
1.541900000000000048e+01
1.734199999999999875e+01
1.839999999999999858e+01
1.457199999999999918e+01
1.294999999999999929e+01
1.178999999999999915e+01
1.066399999999999970e+01
9.087999999999999190e+00
9.201999999999999957e+00
1.106499999999999950e+01
1.081099999999999994e+01
1.300600000000000023e+01
1.519699999999999918e+01
1.777599999999999980e+01
1.865500000000000114e+01
1.261299999999999955e+01
9.837999999999999190e+00
8.150000000000000355e+00
7.448000000000000398e+00
8.890000000000000568e+00
1.041999999999999993e+01
1.275799999999999912e+01
1.418699999999999939e+01
1.512800000000000011e+01
1.569599999999999973e+01
1.928999999999999915e+01
1.867899999999999849e+01
1.615399999999999991e+01
1.532699999999999996e+01
1.141000000000000014e+01
1.034900000000000020e+01
9.182000000000000384e+00
8.294999999999999929e+00
1.158999999999999986e+01
1.252999999999999936e+01
1.535100000000000087e+01
1.869800000000000040e+01
2.050700000000000145e+01
2.158999999999999986e+01
1.893599999999999994e+01
1.616499999999999915e+01
1.163199999999999967e+01
1.101699999999999946e+01
1.113499999999999979e+01
9.406000000000000583e+00
1.239400000000000013e+01
1.385299999999999976e+01
1.601500000000000057e+01
1.670799999999999841e+01
2.117299999999999827e+01
2.102799999999999869e+01
1.687900000000000134e+01
1.690700000000000003e+01
1.271899999999999942e+01
1.092500000000000071e+01
1.140099999999999980e+01
1.148099999999999987e+01
1.399300000000000033e+01
1.543399999999999928e+01
1.591600000000000037e+01
1.790800000000000125e+01
2.246999999999999886e+01
2.036799999999999855e+01
1.842200000000000060e+01
1.430899999999999928e+01
1.274499999999999922e+01
1.183300000000000018e+01
1.150600000000000023e+01
1.133900000000000041e+01
1.356700000000000017e+01
1.216499999999999915e+01
1.167399999999999949e+01
1.781299999999999883e+01
2.337099999999999866e+01
2.498000000000000043e+01
1.806800000000000139e+01
1.639900000000000091e+01
1.457099999999999973e+01
1.221000000000000085e+01
1.201299999999999990e+01
1.054599999999999937e+01
1.314300000000000068e+01
1.440700000000000003e+01
1.525000000000000000e+01
2.249800000000000111e+01
2.558999999999999986e+01
2.699500000000000099e+01
2.089699999999999847e+01
1.863599999999999923e+01
1.632999999999999829e+01
1.468299999999999983e+01
1.418800000000000061e+01
1.202100000000000080e+01
1.750700000000000145e+01
1.635999999999999943e+01
1.839799999999999969e+01
2.119800000000000040e+01
2.903500000000000014e+01
3.342300000000000182e+01
2.256599999999999895e+01
1.710099999999999909e+01
1.412599999999999945e+01
1.231300000000000061e+01
1.263400000000000034e+01
1.024499999999999922e+01
1.170800000000000018e+01
1.271400000000000041e+01
1.983500000000000085e+01
2.244999999999999929e+01
2.680799999999999983e+01
2.752599999999999980e+01
2.135000000000000142e+01
1.696799999999999997e+01
1.273399999999999999e+01
9.932000000000000384e+00
1.025600000000000023e+01
1.056400000000000006e+01
1.398399999999999999e+01
1.426099999999999923e+01
1.705499999999999972e+01
2.194099999999999895e+01
3.165599999999999881e+01
2.882400000000000162e+01
2.454400000000000048e+01
1.801200000000000045e+01
1.324499999999999922e+01
1.452800000000000047e+01
1.303899999999999970e+01
1.019200000000000017e+01
1.479499999999999993e+01
1.447899999999999920e+01
2.210200000000000031e+01
2.884400000000000119e+01
3.420400000000000063e+01
3.478799999999999670e+01
2.900100000000000122e+01
1.871699999999999875e+01
1.350300000000000011e+01
1.435200000000000031e+01
1.484399999999999942e+01
1.262599999999999945e+01
1.717299999999999827e+01
2.127299999999999969e+01
2.267999999999999972e+01
2.696399999999999864e+01
3.634700000000000131e+01
3.613900000000000290e+01
2.336199999999999832e+01
1.991700000000000159e+01
1.421799999999999997e+01
1.451399999999999935e+01
1.757100000000000151e+01
1.540499999999999936e+01
1.915800000000000125e+01
1.980900000000000105e+01
2.850199999999999889e+01
2.835999999999999943e+01
3.442199999999999704e+01
3.785900000000000176e+01
2.615899999999999892e+01
1.968700000000000117e+01
1.663599999999999923e+01
1.725000000000000000e+01
1.845899999999999963e+01
1.697200000000000131e+01
1.967599999999999838e+01
2.084900000000000020e+01
2.351500000000000057e+01
2.671199999999999974e+01
3.435799999999999699e+01
3.722500000000000142e+01
2.763899999999999935e+01
2.525100000000000122e+01
1.898799999999999955e+01
1.989399999999999835e+01
2.058800000000000097e+01
1.857999999999999829e+01
2.193199999999999861e+01
2.182499999999999929e+01
2.212199999999999989e+01
2.972200000000000131e+01
3.956499999999999773e+01
3.869400000000000261e+01
3.066700000000000159e+01
2.384299999999999997e+01
1.896099999999999852e+01
1.943199999999999861e+01
2.074800000000000111e+01
1.815700000000000003e+01
1.959299999999999997e+01
1.909700000000000131e+01
2.133800000000000097e+01
2.359700000000000131e+01
3.414000000000000057e+01
3.702000000000000313e+01
2.538200000000000145e+01
2.214999999999999858e+01
1.885800000000000054e+01
1.820499999999999829e+01
1.964199999999999946e+01
2.029700000000000060e+01
2.038299999999999912e+01
2.114499999999999957e+01
2.632400000000000162e+01
2.765899999999999892e+01
3.407300000000000040e+01
3.326400000000000290e+01
2.873699999999999832e+01
2.387000000000000099e+01
2.042500000000000071e+01
2.101999999999999957e+01
2.094800000000000040e+01
1.798400000000000176e+01
2.100700000000000145e+01
2.122299999999999898e+01
2.300100000000000122e+01
3.228199999999999648e+01
4.223299999999999699e+01
4.300500000000000256e+01
3.136799999999999855e+01
2.360000000000000142e+01
2.028800000000000026e+01
2.209600000000000009e+01
1.731599999999999895e+01
1.882499999999999929e+01
2.212900000000000134e+01
2.316300000000000026e+01
2.743299999999999983e+01
3.420400000000000063e+01
4.694100000000000250e+01
4.566899999999999693e+01
2.978399999999999892e+01
2.866100000000000136e+01
2.155600000000000094e+01
2.252799999999999869e+01
2.435399999999999920e+01
2.313100000000000023e+01
2.260000000000000142e+01
2.461700000000000088e+01
2.755399999999999849e+01
3.411800000000000210e+01
4.129999999999999716e+01
5.265899999999999892e+01
3.709400000000000119e+01
3.279999999999999716e+01
2.433500000000000085e+01
2.705600000000000094e+01
2.890099999999999980e+01
2.386400000000000077e+01
2.504500000000000171e+01
2.551200000000000045e+01
2.581400000000000006e+01
3.613300000000000267e+01
4.246600000000000108e+01
4.142900000000000205e+01
3.272200000000000131e+01
2.960900000000000176e+01
2.485999999999999943e+01
2.589699999999999847e+01
2.644900000000000162e+01
2.460300000000000153e+01
2.709700000000000131e+01
2.446499999999999986e+01
2.791799999999999926e+01
3.482000000000000028e+01
4.215599999999999881e+01
4.553799999999999670e+01
3.738700000000000045e+01
2.909900000000000020e+01
2.477599999999999980e+01
2.820400000000000063e+01
2.953699999999999903e+01
2.595200000000000173e+01
2.470499999999999829e+01
2.547899999999999920e+01
3.023400000000000176e+01
3.813100000000000023e+01
4.848899999999999721e+01
5.096800000000000352e+01
3.764200000000000301e+01
3.081099999999999994e+01
2.684299999999999997e+01
3.052799999999999869e+01
2.918799999999999883e+01
2.615200000000000102e+01
2.604299999999999926e+01
2.816400000000000148e+01
3.088100000000000023e+01
3.776500000000000057e+01
5.069400000000000261e+01
4.976700000000000301e+01
3.694100000000000250e+01
3.103999999999999915e+01
2.930799999999999983e+01
3.317999999999999972e+01
3.510999999999999943e+01
3.487700000000000244e+01
3.645600000000000307e+01
3.862599999999999767e+01
4.392199999999999704e+01
4.757200000000000273e+01
5.849000000000000199e+01
5.428199999999999648e+01
4.338400000000000034e+01
3.617600000000000193e+01
3.135500000000000043e+01
3.243399999999999750e+01
3.429399999999999693e+01
3.085699999999999932e+01
3.277799999999999869e+01
3.064000000000000057e+01
3.333700000000000330e+01
3.997399999999999665e+01
4.941599999999999682e+01
4.884199999999999875e+01
4.075099999999999767e+01
3.454699999999999704e+01
3.261399999999999721e+01
3.630799999999999983e+01
3.613300000000000267e+01
3.003600000000000136e+01
3.055399999999999849e+01
2.988500000000000156e+01
3.521099999999999852e+01
3.922800000000000153e+01
4.590100000000000335e+01
4.887100000000000222e+01
4.196099999999999852e+01
3.828600000000000136e+01
3.270300000000000296e+01
3.479999999999999716e+01
3.915500000000000114e+01
3.566799999999999926e+01
3.887199999999999989e+01
3.660999999999999943e+01
4.043999999999999773e+01
4.892000000000000171e+01
5.771200000000000330e+01
5.666199999999999903e+01
4.938400000000000034e+01
4.367999999999999972e+01
4.039399999999999835e+01
4.227000000000000313e+01
4.256600000000000250e+01
3.791799999999999926e+01
4.052499999999999858e+01
3.976299999999999812e+01
4.421000000000000085e+01
5.356700000000000017e+01
6.288100000000000023e+01
