1.455935204924974080e+00
-2.012148289269966028e-01
-4.928589131031229087e-01
-3.985516181374464395e-01
5.046956092701311292e-01
-1.178052394104955880e-01
-7.966358984061177040e-01
4.347622495669556386e-01
1.399016240309163273e+00
1.403818675058108312e+00
-1.570567871262111392e+00
-9.928858298514526837e-01
1.311926506606932996e+00
-1.773030682295492877e+00
1.948108323092334615e-03
3.574363454018678610e-01
-2.123586017783491986e+00
2.040898755585853763e-01
1.710755108267790092e+00
8.760496490856386487e-01
9.127620684199042600e-01
2.004704934580461284e-01
-1.664069667407820141e+00
1.120846282536199112e+00
-2.299569250409998489e+00
-2.372708424549694328e-01
8.281839507378538912e-01
7.928052403287635386e-01
-8.309408113196017354e-01
-5.141294175305031189e-01
5.122209864658220368e-01
-1.581955881678949183e-01
1.582213458322934585e+00
-2.229514384176139785e+00
-1.036005899747645564e+00
-1.896472812812948217e+00
2.135322705295061851e-01
-3.141109265495085623e-01
-3.097258284090811387e-01
7.784566944089110763e-01
1.020634976223771417e+00
-5.337870848115953137e-01
1.006096490067674765e+00
6.100779679903514108e-01
-3.009884393551880422e-01
2.584692833714434812e-01
1.129418072903547454e-01
8.352679226068460139e-02
-1.082478347956774556e-01
-3.615891615303068463e-01
8.642502146303057131e-01
9.684971223591523071e-01
1.655934160437883662e+00
4.646564224494547091e-01
3.691805346497565310e-01
-6.597421976081330186e-01
1.066218231861206789e+00
-9.248389234141711768e-01
-8.803566887648957007e-01
-9.534289155846735753e-01
5.628968310320487944e-01
3.820823453912431944e-01
1.154411157430645041e+00
-6.095607640525191329e-02
5.520879279301817988e-01
-2.141911154753788349e+00
5.864651948724848296e-01
-7.811171726593597597e-01
1.484968099971299083e+00
-1.457113107402582486e+00
1.188140923018037753e+00
7.137148666200809899e-01
9.427138683257565432e-01
8.961163478467746302e-01
4.868779237334619481e-01
-2.393814532869837919e-01
2.354877728393127256e+00
1.662733535532296969e+00
-1.976478623139774626e-01
1.783263182235924837e+00
-3.372762435905851675e-01
-1.329727208110382808e+00
-2.543825422522306923e+00
1.673120595108628095e-01
-1.182189306124535211e+00
-1.416135851325228678e+00
8.236189997158769316e-01
-4.497192540426055984e-01
-9.425684476920546118e-01
1.056099037071096092e+00
-5.817256058701039123e-01
-7.569216251704560250e-01
9.094053949348239740e-01
-1.604909118069629770e+00
3.314026448937461566e-01
6.293629458548490874e-01
1.381922261171588673e+00
7.527755421759918519e-01
-7.942927663487679979e-01
5.813829789949611637e-01
-8.645575748989919873e-02
-1.310846452016393826e+00
-1.729186447951637895e+00
1.181518826482105489e+00
1.299686330363638120e+00
-3.255892388066055076e-01
6.573009509363947345e-01
-2.128064305943055068e+00
-2.516810117800123425e+00
1.549262648759963668e-01
1.745292823510428804e+00
1.511514283597534813e+00
8.659107825476519693e-01
-1.222327719736053808e-01
-5.988925330927967750e-01
-2.383268725595151238e-01
-3.716703017306226542e-01
-1.687972779417092895e-01
-5.240489241270935850e-01
1.931835938584733903e+00
-2.962351392939126526e-01
-9.065855788894330303e-01
-3.296173443936698533e-01
-1.274957569199042240e-02
-4.833030993051785629e-01
5.917334595885570536e-01
-6.560639834792567626e-01
-1.061758028479687255e+00
-8.101682727935299866e-01
1.722281043004256773e-01
4.603691082614886909e-01
-1.027986174558531474e+00
4.224967268771866458e-01
7.447190893613342411e-01
-1.591318485268502059e+00
6.314407473060494880e-01
-1.262405339603731580e+00
-5.863188817783901996e-01
6.394081556212629636e-01
4.062126417281897162e-01
-5.492898029818400474e-01
1.077021021504378950e+00
-4.376037105759387202e-01
1.571089214783958354e-01
8.692861647811405135e-01
-4.676541313063706795e-01
9.771235202199202163e-01
-5.884585224134113446e-01
2.150533511587884306e+00
2.436300095389319686e+00
7.157484143491039674e-01
-8.329511239799289868e-01
-3.435168055853043967e-01
3.013942016866781870e-01
1.147224689019852306e+00
-1.928053456019984679e-02
3.050836310475659729e-01
1.175015930656037710e+00
4.340233795325918464e-01
1.243081403661840056e+00
4.307425242085880512e-01
6.391070085432009051e-01
-1.869263167007514603e+00
-4.656760365816383640e-01
-2.303927615053353861e-01
-6.948718755777480993e-01
-1.576942072054479116e+00
1.750489059805451220e+00
-6.103515208482344079e-01
1.532677321530578674e+00
1.798626977504498292e+00
1.822507984433851647e+00
6.575845447028338953e-01
2.560430102742747849e-01
1.311066422946307597e-01
7.345802398843908065e-01
1.503924286706920910e+00
3.756535249448145208e-01
2.109861478781009936e-01
1.506416245236589901e+00
-1.519334258750149047e-01
1.624131824908827681e-01
4.937445790749448449e-01
-1.192344188749376865e+00
-1.519862886282794090e+00
3.421125857112849999e-01
-1.890782270195510151e-01
-4.695623531192261169e-01
-7.012930197939661880e-01
1.569571994298435413e-02
6.761603298994423028e-02
-4.973861378892676655e-01
-6.680452713842379708e-01
-2.885526656775478926e-01
1.537045666085514739e+00
-6.689060752546005517e-01
1.171407340151420229e-01
-1.732222951286113588e+00
1.366797172568299246e-01
7.967536051189405555e-02
-5.199962956686547955e-01
1.054860281855560800e+00
-1.096247863716219850e+00
1.210489636546157044e+00
-1.695996282227429930e-01
8.359930950004113015e-02
1.015146580790591280e+00
-7.509913468594113795e-01
1.514843996893153744e-01
1.033057391398561009e+00
3.038153655633504258e-01
3.575060126674518557e-01
-7.522757929460386350e-01
-1.015064166059147510e-01
-1.534576084079573022e+00
-1.303798221295510817e+00
2.323260085677780751e-01
-1.881376660602338546e-01
-1.854815322193736904e-02
6.540696063239543889e-01
-4.758113955468363798e-01
-1.002884452448793873e+00
-1.626248482650327620e+00
-2.904590539658711279e-01
1.322346488100541784e+00
9.354645616450341095e-02
2.094798832896861640e+00
-1.238282482149293706e+00
8.116291762031000445e-01
-7.791015123515663277e-01
1.935071759640464073e+00
6.156672436308507912e-01
7.752668798422064356e-01
-6.534242676543051687e-01
9.540205940269324003e-01
-2.359877092696098799e-01
-1.531734762020656504e+00
3.848408387580226631e-01
-3.378901978127597516e-01
-6.074536462328827824e-01
8.302108713300082599e-02
-4.105143103775503732e-01
-3.360479853208895307e-01
-1.783545398830042927e+00
8.943793244245368257e-01
-9.846610926263572594e-01
-6.170038618481665793e-02
-1.016023386315430432e+00
2.166986600544573704e-01
-1.730724259168601176e+00
-7.028908704364145166e-01
-6.296147776500333748e-01
5.319308915732054999e-01
-1.037518309146543416e-01
-6.930971937091969792e-01
-4.908739583339860602e-01
-1.886361155563234249e-01
-1.549412523638427075e-01
8.754583343204682677e-01
5.227272164965519607e-01
-4.143002595240297126e-01
7.607280326287053640e-01
1.448361902317111927e+00
-3.720468453116430041e-01
5.190669346111693727e-01
-1.372464530061996868e+00
1.692814201314634559e+00
3.880871650315000920e-01
-2.446618431403937421e-01
-2.108034122311621239e+00
9.511918334497870831e-02
3.866008561842289026e-01
2.205811721964554550e-01
4.242333849994315287e-01
-6.033830189044406822e-01
1.355629535930727769e+00
6.927731147493769726e-01
5.566221842206804382e-01
9.348435078949073329e-01
1.948954356232466267e+00
-1.518683259821462350e+00
1.026380209122100595e+00
-1.176055172758063261e+00
8.283646749736348625e-01
-3.427069028447906618e-01
-9.463408432177597973e-01
-1.023155906053724529e+00
3.062618173021505186e-01
-1.247709146641025058e-01
3.042759919249835576e-01
-4.925537227491822989e-01
1.303429066353551491e+00
3.045810860931123187e+00
-1.528405263216989773e+00
1.203370291715604168e-01
8.446391119593288366e-01
-7.425811804691697660e-01
-4.156003136299979417e-01
-1.394457308257124328e+00
-6.076404434468738458e-01
5.590988671198227067e-01
2.669002737628609623e-01
-1.419998962417530208e-01
-7.169548940862879860e-01
5.785697434912062675e-01
-7.487864528008021381e-01
-8.459424342708992128e-01
4.687259424622611803e-01
3.842817209998905525e-03
-8.813474636775797677e-02
3.614942869095036926e-01
-8.712360403109098428e-01
-4.695268287281635367e-01
1.249075462671489944e+00
-2.493335976581514402e-01
5.645786351151169669e-01
4.736537313069071331e-01
-1.390730669832985988e+00
-1.034659768885394016e+00
1.233682365806208381e+00
-1.727390748360839723e+00
-3.338897947140653244e-01
1.577591225310310818e-01
-1.710273433766902329e-01
-1.857777511972020790e-01
-1.082651853742966352e-01
-6.731882706460714516e-01
-1.182087646329053054e+00
-2.933910746064487540e-01
-9.172606788360582186e-01
1.394817357564611449e+00
-5.137924183587978533e-01
-2.703443781502361531e-01
-3.831264625838883831e-01
-1.365647895127652944e-01
-1.826979671887070111e-01
1.215464974306287971e+00
1.567580759764126697e+00
-7.475015294758762252e-01
-1.907756242999209650e+00
9.500658298173423333e-01
7.908006204958049068e-01
-8.130388559673109583e-01
-2.794287900029601701e-01
-5.378057742755135706e-01
-1.464280423699270806e+00
-1.018308498613618163e+00
8.298355367722809461e-01
1.794321967209170587e+00
8.296216963270008904e-01
-1.908654656575036412e+00
-1.674842207191664656e-01
-7.998318896587033322e-01
-8.055599113260933919e-01
-1.050256323973859818e+00
-1.124103189996898511e+00
-8.189085900118682204e-01
-3.788518837314827081e-01
9.737130705523568963e-01
4.359450753601015194e-01
1.834193920348860196e+00
9.920448060275948166e-01
-1.219141365368221486e+00
3.704369619348923948e-02
8.686433752644839856e-01
2.688861804648272624e-01
-8.426569880174756833e-01
1.293024092750398424e+00
-2.782004570133764787e-01
-4.612161734031428040e-02
-8.526471806483835181e-01
-3.487778178873668367e-02
-1.612856235992863319e+00
3.071920230177536126e-01
1.515065415251795500e+00
-2.314026639146901765e+00
9.572741392421342255e-01
8.761362710076658900e-01
1.017208911781006364e+00
-1.409019277318178887e+00
1.537994542176991608e+00
-1.115949527629860327e+00
-1.086296053281061713e+00
1.137989227366000833e-01
-2.369866570880336809e-01
2.811028981189611642e+00
-1.163336823788772012e+00
-1.220090724910054547e+00
-7.873118262084677355e-02
-4.543641880009383627e-01
5.564052139905992789e-01
1.364755544818301303e-01
-2.201555047215446592e-01
9.431197823467272201e-01
1.253567782446949330e+00
2.034117693821855255e+00
-2.896187314596359030e-01
1.878873490261430135e-01
3.106859542555495679e-01
-2.191978582967779143e+00
-1.707970898816139727e+00
1.094489241138838054e+00
2.352133220726591034e+00
7.661826549811667775e-01
4.329572838063002749e-01
-4.033078305829747023e-01
-1.051948864620446678e+00
-1.193719370014120429e+00
-1.024667128901345592e+00
-1.765830389174389836e-01
4.876075301744613455e-01
-7.260435182546860489e-01
4.293693944492327219e-01
4.432842726204890837e-01
1.534112236492730652e+00
5.577605697881971025e-01
8.678167315514002667e-01
5.497917071310789439e-01
-4.269674378327774633e-01
1.551442300412320563e+00
7.850011768184756988e-01
-4.731860600561414998e-01
1.822445211224067663e+00
-9.122776332069628680e-01
-3.631149650775800097e-02
-6.903092092472640218e-03
-1.275115076072772524e-01
1.382825081010907731e+00
-1.787032119479802894e+00
-1.410317041421162543e+00
4.600973826021013124e-01
-6.904463370046514115e-01
8.602862529984101059e-02
-1.372063270287275927e-01
-7.258420809514882777e-01
1.184949260875054478e+00
2.239870115924369465e+00
3.433488679960454704e-01
-1.271298000447163012e+00
2.015383197782255387e+00
9.406289614258707132e-01
-4.785866548160555567e-02
-1.460242561303690678e+00
3.271530534756035280e-01
7.792672305520484954e-01
-2.616814743653328001e+00
2.185434481508004012e-01
6.922768135898422770e-01
1.206672059141533637e-01
-8.199951534454914537e-01
-9.515821040297964828e-01
-2.413912287688662062e-01
-1.267972399609002210e+00
4.293257388373339367e-01
1.644322374968190559e+00
-1.584274538460468396e+00
-9.417177146037216673e-01
3.812921091668561857e-01
-3.671945276564461125e-01
-2.771478456456772932e-01
5.838450623971631614e-01
-6.755670944452392135e-01
-3.588230387754336448e-01
-1.989346316849256890e+00
-2.494365187656301330e+00
-1.708525522834314359e-01
5.167766912657079104e-03
-9.651021909054593451e-01
8.810957342602065978e-01
-1.905218316116022326e+00
-1.527017842524820423e-01
1.482627351503023938e+00
2.011660685263443327e-01
-2.320751615477547602e-01
-1.073003165245319135e+00
-2.929892048608095934e-02
5.037359317944716253e-01
3.782252186043582043e-01
-1.954282691844042574e+00
6.449096759344028484e-01
-1.583523483817603772e+00
2.291133041382558133e-01
1.806813624893780279e+00
-8.033915802685100971e-01
-6.025993923738788283e-01
-1.223236396668742731e+00
-2.113268251490474370e-02
-8.496960547863077196e-01
5.331596348051217404e-01
9.379493991695486699e-02
8.249913909088490982e-01
-8.511602969674809671e-01
6.914928803931150725e-01
-2.471931077309568625e+00
1.307190941027775999e+00
6.511582170010887793e-01
1.151821459866426700e+00
-1.561904225215866582e+00
-1.485626342128858468e-01
-2.347496155604273493e+00
9.696432659036080537e-01
2.135317789589001869e+00
-4.805829352882673433e-01
2.064334767646336388e-01
-1.410282628532492755e+00
-5.541456475004142845e-01
-9.083220248266385966e-01
1.170144521595267939e+00
5.093698304874862970e-01
1.077146251231164698e+00
-4.772808565727588714e-01
-4.471625327556081331e-01
1.863078028261035968e-01
