-1.097459608884557625e+00
2.653470730359845930e-01
9.993096476116800631e-01
-2.384616229420238653e+00
9.906870881476166346e-01
1.547611943638800724e+00
9.124545802503138958e-01
-1.298048237927419635e+00
-5.150881954494987980e-01
-2.942884133444039207e-01
-5.369938483077358882e-01
-1.597029953634230282e-01
9.950655483977319804e-01
-2.762634715678264907e+00
1.884870542299848850e+00
-2.378710670043338027e-01
-3.011590327087096952e-01
1.679787541186823496e+00
1.155344814126673114e+00
1.131444599030432485e+00
1.597765653591238788e-01
-3.867478336811593032e+00
2.938316260766796972e+00
-1.829305997889889568e-01
-8.935478198193189669e-01
1.377418228226877872e+00
-3.433450401422208031e+00
2.541743351378018545e+00
-3.367746887046427773e+00
-1.502328682644504809e+00
3.007824395371518023e+00
1.711507568391845702e+00
2.593792360132008312e+00
-2.157759968943524509e+00
-4.817010326042916901e+00
-3.418689020747703644e+00
6.256747548248835500e-01
1.006912815386582949e+00
6.607485963305359533e-01
2.303223518167719419e+00
7.808763868631114491e-01
-1.157831158674200722e-01
2.091375209403154578e+00
2.319871768384256683e+00
9.161730102331926417e-01
3.292329800477425295e+00
3.157768487139412272e+00
-3.565547660994004886e+00
-3.317650523461468381e+00
-1.496036214433666522e+00
-2.480093099559535386e+00
-8.790822096455599421e-01
2.566343159533511553e+00
-6.963451309626833563e-03
2.394941058693126124e+00
8.271061722548669337e-01
-3.208497730294999073e-01
1.210210709090907777e+00
-2.606258246981284721e+00
-1.218231413485193038e+00
-5.668847937480476773e-01
-9.332578826010182738e-01
2.788117351771801644e+00
-2.874406254663319338e+00
2.273411009117536352e+00
-2.528381785912094060e+00
2.951132132358846860e-02
3.491632780413377546e+00
1.422430567475715613e+00
-2.961679338206681500e+00
3.763820661563702430e+00
9.827303446472637205e-01
2.439752243634455198e+00
-2.629853252850736567e+00
2.342904763140115421e+00
-2.238269630460452131e+00
2.060942811192404633e+00
1.824780860384997538e+00
-7.004365639550949041e-01
3.426827989316683087e+00
-5.293921380448018965e-02
4.560753520591385168e-01
-5.970487152600441050e-01
2.181099844678856314e+00
1.513400097138015710e-01
1.846132553648516250e-02
1.740472974357702540e+00
-1.692870943409340079e+00
9.748522551725011809e-01
3.099109589950705512e+00
-2.007916071920856638e-01
-2.290370550573523900e-01
3.382985109879372843e+00
-1.651190356356391220e-02
-1.073417010638611835e+00
6.977683920747645985e-01
3.510751374139926995e+00
-1.919973343279059108e+00
-2.939026689724591357e+00
-1.247381012231763453e+00
-1.028212948930705473e+00
-1.803522276979930172e+00
-2.892903645694246961e+00
2.228741055896822587e+00
2.309807797773848037e+00
-3.668055217971681881e+00
-1.205375335939912862e+00
1.284851266238073109e+00
-1.117026785833200364e+00
-9.119995767959565569e-02
1.480982642329840004e+00
1.118371625199989339e+00
4.720340317556054544e+00
2.732899273001829776e+00
6.165191216812733188e-01
1.079922050077035678e+00
1.341095748629655304e+00
2.843449611975872315e+00
-2.491077116743071862e+00
2.260346573878199372e+00
-1.392494235329142516e+00
-1.533383278720192866e+00
-1.722165640607169479e-01
5.406494519128512977e-01
-5.341137663760164855e-02
-1.268963422536859564e+00
-2.409849352605144546e+00
2.329795520889347493e+00
7.612573704930083451e-01
-2.268169496877785019e+00
-3.223211736307551867e+00
5.228770682726588959e-01
1.570209197547498547e+00
1.739868192685634085e-01
-3.214932277346802536e-01
6.424781864629629524e-01
-2.745241675893075772e+00
5.584094361698763720e-01
7.924733541587078989e-01
-6.933325920869020109e-01
8.447450181829863070e-01
-2.619914867075689546e+00
-4.013913034548961534e-01
2.977622217481032507e+00
-8.209874181217040601e-01
-1.431059878068059010e+00
-1.333801440191386689e-01
-8.266811517376293494e-01
1.948238018176803976e+00
-1.160967002631874578e+00
1.550049761790727842e+00
4.526307109650868910e-01
-1.009839600221446254e+00
4.736336938740679514e-01
2.492671991268480269e-01
-3.531997421903405598e+00
1.424992066998765239e+00
7.644107229942997961e-01
-7.743733488104700413e-01
1.285801233167330082e+00
-2.795750426645378095e+00
1.244134042859135647e+00
-2.181086639480311007e+00
-8.160624993839507013e-01
1.040200524515108249e+00
6.764860375696386541e-01
1.807774213629027571e+00
2.861107978654569450e+00
5.435676661651367425e-01
9.971662464190886865e-01
-9.177339073201595809e-01
2.911819764189886861e+00
-1.091022235055352230e+00
-1.226137993284035055e+00
3.910960638609806139e-01
-1.999457697296266545e+00
-2.326690113249796354e-02
2.440666318500266385e-01
2.362466707257846465e-01
3.236245463012750179e+00
-5.094742104342842026e-01
3.920313362554010084e+00
6.516134606254899708e-01
-1.266073667437581651e+00
-9.487926933348198588e-01
-2.113214231807498678e-01
-1.453316362754981661e+00
3.166911953931366597e+00
-1.240712075955086924e+00
-1.122139158038351070e-01
-2.445535098318952549e+00
2.778151927748337080e+00
3.187312289736997428e+00
-1.559313153832322385e-01
2.147006957581931275e+00
-3.175011421190541583e+00
-2.583997853924758559e+00
-1.432119610327014847e+00
-3.066198768802477215e+00
3.428277529638261711e+00
3.112152882228528483e+00
-2.554890771495941681e+00
9.126330845800172398e-01
-9.693564534816658806e-01
-9.289291520837572591e-01
8.149022165163346543e-01
2.156481419144485656e+00
-2.561746391401904521e+00
1.513655185730127251e+00
7.690547150375426355e-01
1.306894967629313342e+00
2.238860001251524956e+00
-1.641649423606744040e+00
-1.343107281012664522e+00
-2.012412175737736675e-01
-3.901793630192882389e-01
-1.844614686544073123e+00
-3.804548622284071868e-01
-2.070973169625022869e+00
-1.903367430114184078e+00
1.015028039788726133e+00
1.615641694850545207e+00
-1.751380446919921230e+00
6.514162655710231675e-01
-1.750157557794578711e+00
5.223598349152567266e-01
-5.354371343890740320e-02
-3.315762928342014249e-01
5.000000000000000000e+00
-1.268829743001125276e+00
1.125933696216573132e+00
-5.721411767545072635e-01
-4.415753564780681373e+00
-7.553449160899283754e-01
-1.132843410870976619e+00
-5.699862891366667128e-01
-2.239979352713257210e+00
-2.654210901286446767e+00
1.478684756705916037e+00
4.143357236200087002e-01
9.613062154080109778e-01
-1.177903908386431553e+00
-7.244203611598365455e-02
-3.924889237678081511e+00
1.079345006191845258e+00
1.263899106795822291e+00
5.854955990736856464e-01
-1.212502950101478127e+00
4.544701139714284466e-01
-1.810307028521165318e+00
-3.219172677817082828e+00
-1.768788502822197906e+00
5.000000000000000000e+00
-1.548402328024991448e+00
-4.393318239291268412e-01
-7.515877840911198149e-01
-8.187392550037628780e-01
3.261452310442624736e+00
-2.681467962165049457e+00
-3.829641806801475923e-02
-2.326404911730504121e+00
5.894158505170841167e-01
-9.869602505065691034e-01
1.038778686187802336e+00
-1.407867051983086704e+00
-4.680492739271366887e-01
-5.595347906763192825e-01
1.394375653355730549e+00
4.725116257336106074e-01
2.962306036603656878e-01
7.595886175005892582e-01
1.204738722321785360e-01
2.272298828340176158e+00
6.822751785483305298e-01
-3.328938718879870251e-01
-2.363584595456060811e-01
-2.160421123899969764e+00
4.342106605338882375e+00
1.708091523745753015e+00
-1.555719942344728768e+00
-4.317542431821937754e+00
1.620924047186159456e+00
-2.770622093169130551e+00
1.867136034759198537e+00
3.084111620336116744e+00
-3.642935658075750815e+00
-1.200327441309650744e+00
-2.946814538829204189e+00
-1.142578911339493963e+00
-2.991321599553651289e+00
-5.000000000000000000e+00
7.484791943314306195e-01
4.045915336929565953e+00
-3.463006064002680517e+00
-6.030870820597815651e-01
1.429628616693769949e+00
-1.329867009245475629e+00
-8.988612643067437347e-01
-3.378485368722449422e+00
-1.756323175255731783e+00
-1.335326832268216357e+00
4.066980572672694194e+00
-7.087733885187592620e-01
-2.423850486148650063e+00
3.326221674151970120e+00
-7.088233653213462659e-01
-1.535331401135679563e+00
2.510231518701131037e+00
-7.081061782027289198e-01
-9.343073094447165161e-01
-1.203535213327128872e+00
1.125645859708433782e+00
-2.802298038990775897e+00
-3.929930758451005701e-01
-1.168864921582901673e+00
-8.743907723560564449e-01
-1.446296286113657459e+00
-2.878092279106350126e+00
-7.413263033174217753e-01
9.395471375178932050e-02
-2.242794705824166179e+00
-1.320012050724380437e+00
9.070280443450426944e-01
4.999999999999998224e+00
-3.641328197266007205e+00
-3.582145011205417617e-01
-1.547418289898815580e+00
-2.227528279373485631e+00
6.823334406219325743e-01
-3.516618148116315457e+00
-1.373681206583996506e+00
-2.257084235142888140e+00
-1.206384366732147218e+00
2.159005561785811267e+00
-9.863636412075678095e-01
1.743681977338038536e+00
1.515372878123139699e+00
-2.648615344133115279e+00
-9.237414860970982744e-02
6.594359000532223902e-01
7.454116025279224900e-01
-3.179631836003285805e+00
-1.882053575002847090e+00
1.058043433669074496e+00
-2.118483928626959667e-01
-1.883571798696159760e-01
-1.407517141550165718e+00
1.405138802684215982e+00
2.556570774931630652e+00
-3.602893492294350519e+00
-6.947825919036887399e-02
-1.535101608288237607e+00
-5.234603559392452254e-01
-3.701958594846139761e-01
-2.406571277580606516e+00
-3.114715184972972395e+00
1.009661858674456347e+00
1.052399159207379142e+00
2.204776651758956874e+00
7.955496699876558608e-01
3.263956580635824167e+00
8.559274256155440241e-01
-2.935783823739978260e+00
-1.348011784405266589e+00
1.949718966240620688e+00
-1.553554893588126262e+00
4.929260508238773042e-01
3.379590830639655152e+00
1.856852113873951993e+00
2.268994063811754280e+00
8.475327539872878901e-02
2.670416244864812327e+00
-4.292967472401443274e-02
4.095293279516623031e-01
3.219832945167103944e+00
7.511642712562753843e-01
-1.130861292697563414e+00
1.378963766656284839e+00
-7.292171855081264198e-01
-1.250375574070043072e+00
6.409204422934697831e-01
-2.901930061786595072e+00
-1.464338322120335434e+00
3.576305527892836622e+00
-1.819760560511038072e+00
1.323329676553594680e+00
-1.607431333576530008e+00
-2.812968317306353327e+00
2.046972351807365698e+00
1.536790998869481228e+00
-8.569856880669659560e-01
-2.182662178715980339e+00
-1.503402265469659493e+00
-1.595570834899703527e+00
-2.591157387549720692e+00
3.116687226234812869e+00
1.738477815063292908e+00
-5.494871543691903781e-02
-2.998695558050973098e+00
-2.602638951238005482e+00
-7.588402884637677204e-01
9.755179662378345995e-01
2.162615437113558414e+00
-9.218322328577475133e-01
1.566019987322553320e-01
2.684566820596830716e+00
-1.273343248602465394e-02
-1.884757519579239204e+00
-1.956286321118679616e+00
-8.440311378045803892e-01
-1.607241255352022336e+00
-1.418922488423199901e+00
-4.544575659004870261e-01
-1.195031853861326265e+00
-3.243460119717731516e+00
2.408155437470814064e+00
2.496992167873882451e+00
-7.000891342564852238e-02
1.652568067766457816e-01
3.590369558669001648e+00
-2.293300302315492090e+00
-1.138829510780494658e-01
4.570443086103797015e-01
8.150275824108117462e-01
-1.001127125005469853e+00
3.429418925502194071e+00
-2.268284366575006317e-01
-3.609306640053436155e+00
-1.819732148393441662e+00
-2.585617505931403493e+00
1.789700444873048468e+00
-3.075530425212733565e+00
4.238608095874685233e-01
1.783383257709608927e+00
-2.740495511180474519e+00
3.320161334178353130e-01
1.515540894115085635e+00
3.326005359542961060e+00
-3.260570399811885345e+00
7.069713173991809541e-01
-1.821836428923424567e+00
-1.269058209443997498e+00
-2.039597272847947451e+00
1.236946247879114225e+00
1.941636006722040619e+00
-2.693423233408867024e+00
2.830644037920405864e+00
3.437782719162992606e+00
-2.419391289939261114e-01
3.004543502271037170e+00
-4.052987639843728118e-01
7.308136113532892608e-01
9.882463198553637085e-01
7.256952104823763960e-01
1.139078277746907730e+00
-2.888991838220531960e+00
-5.908995252219630956e-01
9.195124722630332315e-02
-2.125726343998120882e+00
1.873077900482167379e-01
-6.013809483152181556e-01
1.825981866972313128e+00
-6.343305264019862832e-01
-1.039392217972181509e+00
-1.487549821286141771e+00
-3.959015094973627136e+00
-1.817903762085892438e+00
-8.742293607001592193e-01
3.934253065787201464e+00
-4.091374397181196443e+00
-6.643486121771120523e-01
-9.323756942673631087e-01
1.325626224475914938e+00
7.998705461421531382e-01
-2.478835402074016869e+00
-2.186282236104852394e+00
7.294256099291764883e-01
2.477374598234558079e+00
-6.326307094969152445e-02
6.365516574003535766e-01
-1.188483238751529836e+00
-6.469888971517772092e-01
8.002309206170679090e-01
2.710851144122080392e+00
1.144317994693258456e+00
-3.146411359074773983e+00
-2.781626550100076756e+00
-1.481648371171865541e+00
-1.762447470247702874e+00
1.845772713733913051e+00
-1.096044082187660251e+00
-6.474349541363260130e-01
-6.405802265453885980e-01
-3.320194395603623505e+00
1.515993934612636096e-01
7.282039014905636876e-01
3.177601278584782918e-01
-2.335168283973936720e+00
-1.948149328653346224e+00
-3.452734004216436503e+00
-4.420250174477375893e-01
9.642514581425452036e-01
-5.522013622937729238e-01
-6.291338211752712795e-01
2.138028549644008791e-01
-2.927947921218253313e+00
1.035395132756759651e+00
-1.014166518890516677e+00
-6.133544416168321689e-01
1.750705249167744171e+00
1.977902958630046726e+00
-9.818442584479845081e-01
1.636462930484241518e+00
