2.691668672672844487e+00
1.360198253573274840e+00
-1.383888238746360244e+00
-1.081932385458502566e+00
2.214667497068352198e+00
1.502986530264313281e+00
1.470205460489808047e+00
1.284074587129734546e+00
1.676195275541898511e+00
2.969388708482948225e+00
-2.302686341131909842e+00
-2.245239053462499079e+00
1.035402913512655232e+00
-1.453912266566843581e+00
1.393816801672020489e+00
-2.601117142034095053e-01
-3.113966087716424802e+00
-7.093554941931339286e-01
2.296944998539601990e+00
1.565649458773497038e+00
1.567517721644665407e+00
4.123544168916906116e-01
-8.360977121714459059e-01
2.414933666489962327e+00
-1.763120573707174010e+00
-5.416136991710116533e-01
2.168860978065650258e+00
-1.159513330080298665e+00
-1.552149392237360370e+00
2.414517318566131721e-01
-1.644278162907881313e+00
-5.768132443196787307e-01
1.091249216762265384e+00
-1.670534647939491357e+00
6.763086058144356372e-01
-3.989803460145067149e+00
-1.637559848841318555e+00
9.711623691328075125e-02
3.929252249897068339e-01
-9.516098106576436066e-01
1.372857521161961358e+00
1.732181860595112255e-01
-7.307227946976357913e-02
2.202119262744015593e+00
5.030720219352264877e-01
1.030537815890983921e-01
-1.435431148542821056e+00
-1.350973761204242507e+00
3.174294501866734564e-01
3.437323994719800879e-01
1.423375484810360803e-01
1.905198987495354324e+00
1.507443051159684799e+00
2.499970098443923483e+00
5.128148788087152354e-01
1.217852206405639848e+00
4.969519967337774347e-01
-1.579670778420771526e+00
-4.463450113054188151e-01
-5.757969799389375254e-01
2.534721153788199288e+00
2.852186595001615643e-01
5.358567231210571435e-01
2.163287003603042713e+00
1.154846733776340173e-01
-7.473749546083494621e-01
4.357844289386481051e-01
-1.727327460474172405e+00
3.428933179063440306e+00
-1.541459012060944822e+00
6.440083461234813456e-01
1.552297428284123981e-01
-1.081855265390139209e-01
9.691487740399020723e-01
1.332566969480945218e+00
-1.170285351266517893e-01
3.525845432903365051e+00
2.332841845451111951e+00
3.069940671954318745e-01
2.306551226774722352e-01
-2.091786924189434238e+00
-1.741304192176684751e-01
-4.027657142313728400e+00
-2.141143142782496067e+00
-1.657690428375389935e+00
-1.217042812542343810e+00
2.659687838852438091e+00
-1.543741393971170162e+00
-8.381514677583936646e-01
1.365507639554975228e+00
1.530651463755043018e+00
-1.343167826237673168e+00
-1.338151932484095141e+00
1.416836971265755807e-01
-6.172152737537484057e-01
9.578470492844335382e-01
6.702807131419845632e-01
7.476835433018251820e-01
8.607339397458009245e-01
5.497498914948462101e-01
1.247346838956124415e+00
-6.243289434943655181e-01
1.356070024804134633e-01
2.776491039475086353e-01
1.067557169319222510e+00
2.733150324958018018e-01
8.382031415235768890e-01
-2.802746963056309326e+00
-2.175690241218797283e+00
-1.169741145684923822e-01
5.536424056373503433e-01
1.673489254621908451e+00
2.598342282449941365e-01
1.391851187664263634e+00
3.222830379842100967e-02
1.356023106250470178e-01
-1.694875224027649896e+00
-9.422923764386199608e-01
-8.783541446671234709e-01
1.675385743156343921e+00
-9.491270294105316196e-01
-1.071358560198710119e+00
-8.276185808009905998e-01
-1.861469243291645981e+00
-5.663726576502563503e-01
1.189579950103674122e+00
-1.709794784250393107e+00
-1.112195633402394357e+00
-1.210693081718827724e+00
-1.232577863337753765e+00
3.765656120069014179e-01
-7.188290103728558478e-01
3.357255658421367528e-01
-8.435406874540785083e-01
-4.442837617193893252e-01
-6.438199533421506970e-01
-7.034674081419112213e-03
-3.549395256555159417e+00
2.217252219391490975e+00
-4.643811826883625926e-01
5.522494095548955428e-01
-3.278308453155354130e-03
-3.240515204805110017e-01
-4.243995704233327615e-02
-5.791200040588844189e-01
-5.783061297848490767e-01
1.177760019739251263e+00
-1.565282741996227855e-01
1.914904652362476867e-01
2.762529565238011742e+00
1.427018087202903018e+00
1.612332289797580032e-01
1.079066349413801973e-01
8.546615855794579275e-01
1.116486260942295416e+00
1.430107788920743417e+00
2.742799279111620692e-01
1.703499717531653523e+00
-5.764482443900273978e-01
1.651523161069566648e+00
3.368289796178505213e-01
-9.768068332527057862e-02
-2.258377856042287135e+00
-2.652732048377488550e+00
-6.811578924651886524e-01
-9.715088518933425732e-01
-1.670407485025513505e+00
6.063808880078846997e-01
2.298796075013020968e-01
9.278639472727432391e-01
8.483559662196338280e-01
1.911300556304108333e+00
1.808086205214205933e+00
9.335609382915643906e-01
-1.827142996106710271e+00
1.163216572898524426e+00
3.449027512368909143e+00
1.921751152820219133e-01
1.558271825376650099e+00
-1.635174329897557399e-01
-6.629335268032434669e-01
-1.200995871632892786e-01
1.210994217829489017e+00
7.618572920018396033e-01
-2.498790232776214815e+00
1.934794872153955403e+00
-6.521982002148449808e-01
-2.741455621471322601e-01
-1.639433207605378584e-02
-4.360475824754832530e-01
-1.700944545081243930e+00
-1.414320901308608214e+00
7.531803606224807268e-01
-2.193075859879836109e+00
-5.767474539610972784e-02
1.210460668482963520e+00
8.390630646807926141e-01
-1.659450288347534386e+00
-1.181058246303461345e-01
-1.315150355190213727e+00
-6.242431287574907728e-01
1.384960913859614173e+00
-2.590114825910889707e-01
6.251177458806864706e-01
1.612963735196935033e-01
1.600474060315710823e+00
8.600192625725844309e-01
-1.523820146508738649e+00
2.694622383248601594e-01
2.925988675277907625e+00
1.069571126760505919e+00
-7.666607588269069851e-02
1.707164777069607453e-01
-2.113354109779485235e+00
-1.609189723031205332e+00
-2.912200706125334104e+00
1.441446164449282641e+00
-1.610368290472176778e+00
1.048262731782283907e+00
1.097966123592347465e+00
-7.779235699546820371e-01
-1.948669965689492578e+00
-7.640875685386925298e-01
1.356096461148302623e+00
7.389692195893458049e-01
5.628030898833502604e-01
1.777993085759204561e+00
-2.113401826288925367e+00
7.626555564861092762e-02
-1.467556508805830440e+00
8.383391639772170834e-01
2.096688382051214106e+00
2.183040466958948045e+00
-1.248416874655386977e-01
1.069141032343496001e+00
1.278979860369739541e+00
-2.773958141060403726e+00
1.031158930339116431e+00
-1.319704214492563477e+00
2.713685246972357135e-01
2.624689038223932513e+00
-3.354886964257595139e-01
4.403889573085271181e-01
-2.935635288469356396e+00
1.436841157046428563e+00
1.754649570455679708e-01
1.994016043940725069e-01
-2.030934530543395233e+00
4.239684783317487771e-01
-2.996668127546353588e+00
-1.275446532228308172e-01
1.099723236444694940e+00
-3.175666919207937866e-01
-2.094542212270980031e-01
-1.574619574059275884e+00
2.882178856209938189e-01
1.455466441017114754e+00
-9.349061506691498380e-01
4.021262538639529538e-01
-3.595306209864492786e-01
4.861854996581005395e-01
2.032057837606510375e+00
2.116819009095377346e+00
-1.680547237423901663e+00
5.873590477874932603e-01
-9.250700276220742424e-01
2.027785416987926581e+00
8.269107233055432715e-01
-5.458949325105777461e-02
-2.056417528388095661e+00
1.029747591146996655e+00
-9.264887493951938779e-01
1.918942650064869859e+00
9.515552390922454862e-01
-1.133761212265974372e+00
8.238873743280228368e-01
1.454085752358662553e+00
7.208524123246906612e-02
1.441588084037118911e+00
2.541180975521339924e+00
-1.274362594857730180e+00
8.106624216738840261e-01
-1.456670319850952300e+00
-1.401225722742883484e+00
-2.341416042001418507e+00
-1.380962102906578615e+00
-6.179230629618714943e-02
-6.255735121671417431e-01
-1.759458377473288149e+00
1.204100818103640336e+00
1.452954488663056765e+00
-1.858560519499246055e-01
1.399004672548979755e+00
-1.209025027138312947e+00
6.147050063640673301e-01
1.366210521775286679e+00
2.467219294743436819e-01
8.803766806853507987e-01
-6.455069925670429143e-01
-1.978865838002718647e+00
2.051591928324734582e+00
-1.271357355557543034e+00
1.648860612744474707e+00
-1.042146644688295432e+00
2.350719949755824878e+00
1.576840391603541391e+00
-7.257298944909464922e-01
7.782275288550852821e-01
-3.624471977126662026e-01
2.793662917280759217e-02
-7.765054705343246155e-01
-8.578389009930011966e-01
5.682310505415086865e-01
1.752307513935347671e+00
-3.424419826512385079e+00
3.363102510021747094e-01
3.929839952162083705e+00
2.185303453928701956e-01
-3.239381675165358132e-01
-3.283542225378797141e-01
-1.472056795147133279e+00
2.436609318986535655e-01
2.863166791636739816e-01
3.489900648895840618e-01
9.897934714982348225e-01
8.949225379440930439e-01
-1.175753044542881653e+00
8.800412279853127018e-01
-1.492735355694299049e+00
-6.896616003623616820e-01
9.323835153741715231e-01
-1.912378736302039250e+00
-1.901330975520485467e-01
7.451877205556574069e-01
-1.609508995751635752e+00
-2.250166882659847545e-01
6.554950900928169233e-01
1.938276626915969914e+00
2.056384171306735453e-01
-1.148650098056742674e+00
1.633917299281781865e-01
2.781466496669029453e-01
-1.153308288741152765e+00
1.898215746609803745e-01
-1.697297117635381269e+00
-1.450271239180557004e+00
1.452642313752853909e+00
1.325803364953948460e+00
2.763629169623911253e-01
2.435132044631560078e+00
-1.341681747578582939e+00
-2.957608184195974488e-01
-9.400416996262785929e-01
-3.568496397225127126e-01
1.742198849938247918e-02
1.267701044569502500e-01
-5.679664701033146912e-01
-4.475090810929236440e-01
1.249718199233106120e+00
1.699217310443165374e+00
1.300293677936328329e+00
3.037112261845857475e+00
-1.786863152347339945e+00
-2.831726964855185713e-01
9.900226153804432272e-01
-1.623757138506186415e+00
-1.045567783508186466e+00
-5.280200144841860066e-01
1.004626895918258711e+00
6.520018260971793822e-01
-2.472727053394891961e+00
-1.501087236140730141e-02
-1.114651361671798568e+00
-3.444301321273641747e-01
3.444456291813647653e+00
-1.350962885562948301e+00
3.795085021339588138e-01
-4.178122889599791279e-01
5.670926718790738619e-01
-1.328204994838271702e+00
5.577558755862952466e-01
-6.910266943921961058e-02
-8.888886155545492329e-01
6.712033667210288712e-01
9.638274350898869969e-01
2.604408715544729525e+00
-1.646225951042507241e+00
7.782668458212622653e-01
6.862609331976932125e-01
-1.627518548956449429e+00
-1.876527537763112985e+00
-7.908699941096291042e-01
3.037823630893390359e-01
-2.086045860422336418e-01
1.819418029437795070e+00
2.187022685882270778e+00
-6.704803029310051343e-01
1.242262342095173722e+00
2.608571817688724259e+00
-1.918137502493447055e+00
-3.009520791932720485e-01
2.199286146463570901e+00
2.489016525987207018e+00
1.595399783196251420e+00
-2.680827596524971046e+00
-1.773366746130324856e-01
-3.927966871871166887e-01
4.318860464448253111e-01
-5.333595071605579108e-01
1.720437523921161116e+00
2.430653022211313186e-01
7.655041663311399347e-01
2.895241341122648748e+00
-4.151852951107848355e-02
1.819580425182484973e+00
-4.310949555515710685e-01
1.103421087864418837e+00
-1.148474700646683111e+00
-1.887150915347540980e+00
1.056996525941995557e+00
2.376842472281502694e+00
-1.524695590469756112e+00
1.296460587076384563e+00
2.219935497893299470e-01
4.224169939124546858e-01
-3.225647109054436967e-01
-8.582633190508310861e-01
-1.125751287179053151e-01
-3.277039413052538208e-01
-2.441298737059348412e+00
-4.825954657806796888e-02
-4.871172381810584540e-01
6.444227573856000646e-01
-1.877824020301683827e+00
-1.665607394961519994e+00
7.001742336312188897e-01
2.652301894511951197e+00
-1.013015150283991694e+00
-1.014147837558434961e+00
3.360479056805830922e+00
2.671877905513806439e+00
1.564935657363538013e+00
-3.449758872275205945e-01
1.312853409592209530e+00
-5.619000588849143440e-02
-9.100221826538241743e-01
1.479215741152858143e+00
-7.041542349696872094e-02
7.630031336055145275e-01
-5.538723221952190912e-01
-2.216634365980493904e+00
8.265238553206133432e-01
2.111523095255840587e-02
1.340502813910307012e-01
-1.696242161562286910e-01
-6.441947430206882430e-01
-2.124510183756120441e+00
-9.727806480665615041e-01
-1.276452828201914969e-01
-2.000578897549974755e+00
1.931553203440197208e+00
-7.129278251979274117e-01
9.859620165257965141e-02
-1.889520898968656937e+00
-2.275463917826787696e+00
8.941094903950599360e-01
6.776988118503073366e-01
-1.414091547691036510e+00
1.264951704074723793e-01
-2.692668007969814425e+00
-2.273511099354745824e+00
2.971089599247543234e+00
-1.039043259907823202e+00
4.958295124747991167e-02
2.676326706853293658e-01
2.169519915814911215e+00
5.175924630585679864e-01
-1.518164131401192218e+00
-2.014198782455621561e+00
-9.860224396447847539e-01
-3.534814755067714476e+00
-3.016722811247900538e-01
2.322354172932947769e+00
-1.758650380215875497e+00
-3.072548250982469753e+00
-3.663986303026156577e-01
-2.457715460053933043e-01
-1.117520406887972495e+00
1.359511573900061165e+00
-6.711049944225280228e-01
1.000828599472594505e+00
1.979536969763870502e+00
-6.483253888412656707e-01
-2.330784456674849903e+00
-2.719083023330588489e-01
2.251747951312541574e+00
2.124199329152895999e+00
4.860545689434578875e-01
-1.625523731669629157e-01
-1.963515481145848618e+00
7.737528705081153646e-01
2.527191586768038789e+00
7.447209367802436475e-01
2.011215310537338929e+00
-2.824829968408055780e+00
-4.334600735279448003e-02
-6.496300053096319971e-01
2.855140860953376603e+00
-2.001131634642723256e+00
-6.273180262032225230e-01
1.194983512085556754e-01
-1.119420964320466894e+00
1.279238768347168431e+00
