-6.600161478158828032e-01
1.006890937107716155e+00
1.247977792635428074e+00
-4.243078905794350320e+00
7.176533746524444979e-01
2.089255756895148863e+00
1.082149480926038798e+00
9.981201537491273257e-01
1.610320155936515008e+00
1.370759739326414817e+00
1.288906945312771057e-01
1.423155858707958465e+00
1.665768240560346669e+00
-2.151755775212687016e+00
-8.293846125135493352e-01
5.060472411207310728e-01
-6.226701848873812395e-01
4.154705049520357463e-01
3.580504891779002108e+00
4.470285229171500063e-01
-8.100102863077047743e-01
-7.837580790921192531e-01
1.262379418357313376e+00
2.342620558775493578e+00
-2.933726470839506106e-01
-1.730617411889845414e-01
1.952520158632884417e+00
1.102812046826898928e+00
-1.733347785138943387e+00
-1.394050881027464328e+00
1.666070654600231293e+00
9.727608398321265781e-01
1.964673716141986937e+00
-1.217263038234861483e+00
-1.214353418412033037e+00
-3.017121604222729125e+00
-1.756853986427850067e+00
6.440921270629420547e-01
5.071880108811432919e-01
-2.450375842285641870e+00
1.975609066265040070e+00
-3.256257008932651686e+00
1.085213256543072546e+00
1.299033548192731757e+00
1.096203203702926565e+00
1.422711404464498841e+00
-4.113599371486209577e-01
3.570841093871299776e-01
-5.626530781269467596e-01
-1.428917376655572280e+00
8.832623283588247887e-01
9.694627238823194659e-01
-3.008695841638173718e-01
1.150781348829457151e+00
2.793787802567157641e+00
2.255066606295574871e-01
-1.299002391026231606e-01
2.077412749701531780e+00
-1.517868913306982925e+00
-2.456926917710094749e+00
4.801121384243867141e-01
1.324806855671201156e+00
1.486967524315002009e+00
6.791513112958504905e-01
1.365569129731039055e-01
4.972637475736743085e-01
1.625983017333670233e+00
1.408349942595362947e+00
1.619377292786313483e+00
-1.756124672390307673e+00
1.491664552469622151e+00
2.247354493288220567e-01
4.995655321929643122e+00
1.199821758949156880e+00
-1.433073641639968088e-01
-2.421705784332479183e+00
4.033974274489960266e+00
1.212069220622586485e+00
-1.074847304214301413e+00
-8.311418138557913338e-01
-4.161438549886034011e-01
-6.469781662368792041e-01
-4.200549988057733941e+00
-6.690405920262056938e-01
-3.978296829033300952e-02
-4.319593033782958003e-01
-9.115263957788553029e-01
-6.737459701615042817e-01
1.366319472383976219e+00
2.951416291050285245e+00
-5.607605983684340600e-01
-1.768549240044217097e+00
3.127175994117084912e+00
2.782873747981593482e-01
2.016138296569474520e+00
-8.233649247020879969e-01
-2.461286733097649559e-01
-1.958368554215787150e+00
-7.587153471581338238e-01
-1.706044516363860453e-01
1.165782230882709491e+00
-4.133748384350599103e+00
-1.757872323630461864e+00
-1.668584543387815700e+00
-3.596159645725736098e-01
-8.957381882461081801e-01
1.850888602785860648e+00
6.398240837107671553e-02
-2.568502394958145363e+00
1.645636482172083248e+00
1.622540342016537629e+00
2.339504500302442835e-01
2.217649790606863291e+00
2.309051949073063881e+00
1.096178283826119149e+00
-1.615001867828276261e+00
1.895733340254286858e+00
5.645053359999430143e-01
-3.137352794942588119e+00
3.991086459058850622e+00
-2.639677268223882045e+00
-3.340537772234931424e+00
-4.205514216407193473e-01
1.014054371293180878e+00
-6.777911974237902371e-01
6.847261595748310725e-01
-1.772594431710295737e+00
5.806347143849510672e-02
-7.438344872625304305e-01
5.984312250613932349e-02
-1.518053868274166884e+00
-1.817411078827855242e+00
2.552977014044641280e+00
-5.600890622359964155e-01
-1.432299413430758506e+00
-1.275256738753137498e+00
-1.406221777819270713e+00
2.235972293800383426e-01
6.686101669447808149e-01
-4.401489847289843382e-01
3.072647441128797396e-01
-4.665909134031629435e-01
-5.297437588811195752e-01
1.653689736547439892e+00
-1.447109287171510772e+00
4.269310415223710464e-01
1.147341589888703162e+00
-1.306331915983152570e+00
1.617148089054491145e+00
-4.590822040439679341e-02
2.723511593162040612e+00
-6.615238308492470409e-01
7.315919669109209877e-01
2.898247264719408633e+00
-1.651904771142227446e-01
-2.888324275290287346e+00
1.115256644370504091e+00
7.626271232162729063e-01
-1.169367447016493422e+00
8.101377839659118507e-01
3.678423132559558439e-01
-1.412204194855505079e+00
-1.393960797487307168e+00
-1.092825368812917475e+00
1.345428483468797509e+00
3.652765441263685631e-01
-1.500465548729128518e+00
2.176572552532951121e+00
-9.101353342093378984e-01
2.281063417531337123e+00
-1.844829449601701477e+00
2.977381383257297287e+00
1.710563469798049852e-01
7.372839127110726309e-01
-5.037518899034658659e-01
2.072952634450553333e-01
3.161050181239064116e+00
-2.512809801254398678e-01
7.314167772532922385e-01
-7.416822298342147235e-01
3.456269981573365513e-01
2.796581250495324689e+00
-8.071351457625670633e-01
-3.478387598120709523e+00
-3.098916579502475344e-02
5.220721087984951936e-01
2.622819222047745313e-01
1.352125608455265748e+00
-1.649962051471323132e+00
1.043784846782768838e+00
-3.120984601929807312e+00
1.252126985995555941e+00
-2.718668204043890313e-01
-1.768829442283655240e+00
1.151512294299028127e+00
-1.198483343372066301e+00
-1.476424804853126105e+00
7.318672063091646862e-02
-8.512726640041154980e-01
5.026024079567132929e-01
-1.692218674598338524e+00
-3.829416235022939929e-01
1.242860418120343979e+00
1.562819540170244714e+00
-1.158310077374259173e+00
2.889528984435774106e+00
2.305567281687251224e+00
-1.922849318758440340e+00
-1.328371983824538916e-02
1.238240841702332062e+00
9.788941892262652544e-01
1.634999815382442989e-01
-2.790299774013574208e+00
-1.714599071415859655e+00
-1.642636045607546169e+00
2.419816102744771769e-01
-4.106373721014957567e-01
-3.849938769441791919e-01
-9.529365483859351116e-01
-4.966268033822975880e-01
-1.508053303462012273e+00
2.325008666181709316e-01
-4.022866589361945522e+00
1.309291767535619044e+00
1.439896232268113252e+00
-8.859197283734490114e-01
2.266452340404292443e-01
-1.008115451701812049e+00
2.874958425690033792e+00
-1.563057443208453190e+00
1.577820542570851359e+00
1.090506932347232727e+00
-2.503751481318181149e+00
-1.114748179729617483e+00
-9.335170767014826509e-01
-9.125270285239555079e-01
-3.049821184778000571e+00
9.820811801415372244e-01
6.812037769139838161e-01
1.220005665969939201e+00
3.609063021213980704e-01
-1.984052864622551926e+00
1.724703247075520807e-01
-3.457572014446057551e-01
6.652260623756660607e-01
2.817743945414868278e+00
2.649295701919296420e-02
-1.923083881891399116e+00
8.059590517288706124e-01
-3.118866550367075163e+00
-1.912247514651998159e+00
-9.612966505218691893e-01
1.137160480689191289e+00
2.365071324890458015e+00
-1.034117756927029230e+00
-1.444946147729393005e+00
-9.761807845438958964e-01
-6.116863441743447538e-02
8.671402353725099488e-01
1.270605998706689554e+00
9.644019550867346524e-01
4.045167089444971609e+00
9.630613145473994052e-01
5.383383787990823066e-01
-7.236626224492148651e-02
-6.348051248729333906e-01
9.083794921338927963e-01
-1.054677069843096504e+00
-3.004890178975108128e-01
-2.295860602221679869e-01
-8.758626461737515356e-01
-3.112077530376968326e+00
1.342099852096359847e+00
1.761480516943949581e-01
-4.663045312596747927e+00
1.497419245621021133e+00
2.596692834483381951e+00
1.256802534719652087e+00
2.945011604518528614e+00
8.324273583360124462e-01
-3.498941695550807474e+00
2.646187782472014582e+00
-3.909026230019922998e+00
2.174384183676963289e+00
-1.249478249479954339e+00
-8.918653985786884064e-01
-3.242009675810893832e+00
1.000926278451510498e-01
-3.768931177481346317e+00
-7.404959197404075155e-01
-1.912818177872282366e+00
8.412127637199358077e-01
3.707066299679278032e+00
-2.699827831816151935e+00
4.488882895219514779e-01
5.043934945232022571e-01
5.295874939889060329e-01
-8.945412924063314009e-01
-2.580232738772748391e+00
-4.404394875067593418e+00
5.198400310079618336e-01
2.356443762027344846e+00
4.280449712187568423e-01
-1.554951797916085177e+00
2.010635157190636235e+00
-1.766912403342053572e+00
-1.492844662679182477e+00
9.056928477743744210e-01
-2.281394889228946177e+00
-3.126380949180616042e-01
1.074579499899154023e+00
1.279014128873171785e+00
-8.903569451499020460e-01
4.376058887188873925e-01
-1.696663527156399454e+00
-1.269795856797673039e-01
-1.030587616685785690e+00
-1.831788797432205129e+00
4.842355790715133779e-01
-6.972170929372119019e-01
-2.083282277694754825e+00
3.128898195779196811e+00
4.414894253160870363e+00
1.060615176822902406e+00
-5.873092521107023956e-01
-1.122098868527387161e+00
-1.082065015825484977e+00
-1.052767268018848679e+00
-2.203500738488204380e+00
7.551107991768279959e-02
5.207345276803776457e-01
-2.381670573605968677e+00
-1.336022322240544291e+00
2.395876857524076087e+00
8.889032083643186866e-01
-1.815553601391244776e+00
-2.142964032722733947e-01
-6.111834435590903780e-01
2.018302970577940947e+00
-1.225397590050329555e+00
3.650799829085578097e-01
-1.873927343683550184e+00
-1.934280399821727059e+00
8.011814085663671037e-01
-4.299282105497441719e-01
1.440620348058097022e-01
-1.064065912932123936e-01
-2.994399224270587467e-01
2.626340469995347426e+00
1.285065478984916965e-01
-3.787491067176436133e-01
-1.319454504954105545e+00
-1.647621861809565047e-01
-2.434991610151399755e+00
-2.188367229114255075e+00
-1.170639233695729420e+00
1.018256569447228088e+00
-8.334047058934430652e-01
9.638624959825818905e-01
-6.603145147728115560e-01
1.994123326744973390e+00
6.593725712036526687e-01
-3.137100003754351718e+00
4.875139210466201689e-01
-1.181388968202590206e-02
-2.108385842350280370e+00
1.234173629642969061e+00
3.197561922833648040e+00
1.829798824476474017e+00
3.969924757186795716e-01
2.992218036219824739e-01
2.172408238085524523e+00
-4.075897380585402630e-02
-2.582656394143949541e-01
2.457030965013725421e+00
-1.524600132580045120e+00
3.048916956278180379e-02
-2.984413704094972530e-01
-8.415374596821045827e-01
-4.720388877342057476e+00
1.660273661070364781e+00
-3.238486256136277053e+00
6.750512808320783265e-01
7.366287461651364055e-01
-4.693112969027462000e-01
4.343213072129879393e+00
-3.157601896032088185e+00
-7.041766859067157824e-01
8.719679843599426050e-01
3.275631247458417050e-01
1.212751000615089225e+00
-9.237327861464876833e-01
-2.046274693866239502e+00
1.374245638620722687e+00
-7.254436330132643107e-01
2.789589024745149359e+00
2.046637990954591757e-01
5.666195246871907898e-01
1.400321609521978594e+00
-3.060386495591087552e+00
-2.537852670503604635e+00
4.304241709514542435e-01
2.186277674158527695e+00
1.662154501187387723e+00
-8.870680649836710785e-01
1.893565892423997532e+00
-1.236599354025533781e+00
-1.567526680710598974e+00
-1.843432977213246282e+00
2.053047915466361673e+00
6.423596019747481733e-01
2.604503420203610808e+00
-7.103352613388063119e-01
-6.504943698037815025e-01
-2.119545159303534376e+00
1.421946916509795322e+00
2.341003946223420229e+00
1.175207073559746185e+00
6.693686570806640646e-01
2.606851289682668771e+00
7.695855873200958541e-01
-3.272949213429456883e+00
6.309041832086474955e-01
-1.355041891141891774e+00
-8.321264035929134550e-01
-3.388411391843506593e-01
1.657988195829743105e+00
-1.439627577287543758e+00
-1.487285497849532234e+00
-4.401360401934050870e+00
2.946997275422731377e-01
3.263461470408843823e-01
2.842982909968467808e+00
1.647828605726440188e+00
-4.113488084266423428e-01
6.366938556728127807e-01
1.426505634011427937e+00
3.125711864519253425e+00
9.040176601853646687e-01
1.950752103978090624e+00
1.938861752306378250e+00
9.439990867857712686e-01
7.438639621475768848e-01
4.259100112018693096e+00
-4.017637806807945466e-01
-2.329977763791162282e+00
2.161972577285952823e+00
-4.074961385677422498e-01
-1.984232900351138973e+00
1.571339590912588235e+00
-1.725411625969361928e+00
9.382122117981825937e-01
6.627597045248059260e-01
9.150803215871210483e-01
1.837250786008162606e+00
-1.395364377883867579e+00
-3.641867694357794782e+00
1.433927003288175683e-01
9.302379179755853045e-01
-2.854232846773445686e-01
-1.167981438797121019e+00
-6.916818327328853044e-01
-1.201275484841514363e+00
2.907935640823513523e-01
-1.438040455676768303e+00
-1.865340682569583741e+00
1.236519631899879457e-01
-9.681282276865319503e-01
2.554183816095287440e+00
-1.746897492185717660e+00
8.372463961425369305e-01
1.594001816038124630e+00
-3.566651725375882265e-01
1.123183186157211466e+00
-2.531246197380330187e-01
-2.546903361790073816e-01
2.049528536203970575e-01
1.444115770650713060e+00
-3.099778338076610851e-01
-1.989170069447576683e+00
-3.654386997947774773e+00
9.791541387864910462e-02
2.682521391632503693e+00
-2.244240272571131900e+00
-1.759317805276230384e+00
-4.125155727361070390e+00
-1.617516396857991090e+00
5.650530085866387608e-01
5.149282627028153314e-01
-1.168693947419023882e+00
6.575341896485973336e-01
-2.856150730440436547e-01
-2.478256408571450464e+00
-1.567827918982670710e+00
2.781843459602836077e+00
2.354714880029851187e-01
1.218997933565784564e+00
-3.086718380976797071e+00
1.163632743610090614e+00
-3.070697411802125742e+00
-9.942533080752369301e-01
1.339201934349909529e+00
-6.227572995488470653e-01
1.981651274981725663e+00
-2.535075291411418519e+00
-8.634455638354223694e-01
-8.098119000921073507e-01
4.085476766112927649e-01
-8.919354207698191317e-01
2.953439086691317605e+00
1.313176246822854054e+00
-1.126156334799909509e+00
3.719539606905089002e-01
