3.131227532644860645e+00
4.240413444181196923e-01
-5.730439051827946884e-01
-5.643465700916738825e-01
1.506041769211948989e+00
4.733444111960203315e-01
9.198745142891420201e-01
1.440640177366724117e+00
1.165825773332135107e+00
2.412046481316880708e+00
-2.183536466217586458e+00
-9.691198479691971457e-01
2.870508935645085025e+00
-5.992412615764219908e-02
6.643048451521238462e-01
1.743578350727066351e-01
-2.575160662368809472e+00
-1.248158204435824814e+00
1.213983088671918509e+00
1.342551397911574185e+00
-7.122077129531945161e-03
1.039789285606984137e+00
5.668552988674768756e-01
3.830022637870014179e-01
-1.589609421023533642e+00
-6.842159953163333697e-01
-6.458187266053627695e-02
-1.830430469699354745e+00
-1.906395137240571191e+00
-1.667295562378671825e+00
-3.940098096069020173e-01
-1.054501526394004962e+00
1.121503587140112224e+00
-7.373052324459488105e-01
-5.998427630224787421e-01
-1.848125758397089591e+00
-1.469639190684031149e-01
6.886344277621159193e-01
-2.839481328436290752e-01
-2.187934266992854759e-01
1.721572934733353044e+00
2.361065924304783792e-01
-1.558070923327807833e+00
5.653779189059608967e-01
2.803840765306948590e+00
7.043495859787043401e-01
3.863944161881516237e-02
-3.030440115665626877e-01
-6.381803970930457481e-01
-2.253712565760270792e-01
-3.510494693846659686e-01
-1.663313346623320754e-01
2.712206060565780064e+00
-1.718531463548140792e-01
-1.854761956077775054e-01
7.231791981546660253e-01
-3.061635811594083378e-01
-1.598807209441820198e+00
3.570167713939582654e-01
-5.815978606187481859e-01
7.915266781239305161e-01
-5.594450450863437396e-01
6.522962688223854499e-01
1.327316048721003838e+00
1.012822881015194021e+00
-1.048860724113870546e+00
2.776335304572699059e-01
-1.431550133391115587e+00
1.403947236593987569e+00
-1.478686467487842826e+00
8.967866295528352794e-01
1.267813983133230238e+00
-1.964324844751530463e-02
1.336988584237662536e+00
4.327924928457491660e-01
8.726380719472928149e-01
1.803042226955700933e+00
1.574570916219184546e+00
3.029878510872947572e-01
8.382794584613781907e-01
3.002602797594065009e-01
-2.366185474048792869e+00
-1.040135367958275658e+00
-1.478239683716162656e+00
-2.000732936867536615e+00
-9.028509836364664309e-01
6.283958693127384976e-01
6.334532095461584689e-01
-8.931192181044202982e-01
9.795725208278263096e-01
4.411891499155213836e-01
-2.591835089217902066e-01
-9.673399388522136988e-01
-1.681852080110395331e+00
-9.179923088188477465e-01
1.146497168147567081e+00
1.940655966855308279e+00
8.904072523683623785e-01
3.161626629255547272e-01
1.098393872635325508e+00
-8.619256935028216660e-01
-1.648470918196357715e+00
-2.067252054033170694e-01
-3.994632061933520717e-01
9.894803572174737383e-01
2.263151524021260741e-01
6.605679052139104002e-01
-2.007481924934013673e+00
-2.469095187008521375e+00
-2.971929956042629328e-01
1.203198729863627747e+00
1.269509871321281125e+00
-1.120657270160718255e+00
1.321522192503952198e+00
-1.285476351351070967e+00
9.138801990840583755e-01
-4.909333340434249848e-01
1.016570906553203812e+00
-1.683928028587287073e-01
1.537852447691363977e+00
-1.360103064258009198e-01
-3.851370310259527585e-01
-4.231684643472020113e-01
4.058798222228663377e-01
7.967147152527855880e-01
-2.557704654830610380e-01
-1.651522386751311799e+00
-1.483856922550794266e+00
6.180332859301529425e-02
-2.323861078624656074e-02
1.014416407538431208e+00
-1.240643642558993065e+00
4.582720946324254641e-01
1.061368946678742375e+00
-1.127198133759241827e+00
5.202032171744095379e-01
-1.249457971837827586e+00
-1.485618585039463646e+00
-4.724891008147560356e-01
-3.431705901725425889e-01
-4.048930435970312658e-01
-2.532585777688751705e-01
2.564305520356011669e-01
-2.728605530829710801e-01
8.224101931938694321e-01
-1.267577968065936922e+00
9.365533599862398972e-01
7.007483447557021350e-01
1.482003774022818021e+00
1.663344147637724646e+00
8.133629750020379134e-01
1.103907417109013522e-01
-6.242188776301036413e-01
4.032517748233885868e-01
-4.442284967002141371e-02
8.845971876990121885e-01
1.114574594428922261e+00
1.500833431635739679e+00
-3.556188409617693225e-01
9.231030496067109681e-01
-2.669453235576515482e-01
5.904579340021820499e-01
-1.518809922764980946e+00
6.415348921581820463e-01
6.979655720720483458e-01
4.684969111679730958e-01
-4.386764291662519355e-01
1.061263484595751372e+00
2.983818024811668579e-01
1.296649754869784843e+00
1.548662688907580076e+00
6.178392107419963253e-01
3.751374718795661423e-01
-1.338008597343831596e+00
2.485390809204091056e-01
4.914315640212763014e-02
2.859878298503391036e+00
-7.875650346869020879e-01
-9.841977990477452920e-01
1.579432585844031678e-01
1.224650611500521791e-01
4.141419571714948233e-01
4.623990777278912390e-01
3.884708201438797914e-01
-1.114549582292180041e+00
-1.893081881248344089e-01
-7.126750110971240559e-01
-1.023318488965351492e+00
5.068103001665651419e-01
-1.404285248509628659e+00
2.562833377716122740e-01
4.985019874431637632e-01
1.921011655843490651e+00
-3.131914543427418707e-01
2.267482308925536927e-01
3.814925934386135253e-01
4.656905053672328876e-01
-2.082333602398413586e+00
8.700018247984147024e-01
-3.622159097943953299e-01
-5.174042927659705526e-01
4.498787180548049491e-01
-1.196241601185271897e+00
-1.115886534045348100e+00
-1.346514034460821296e+00
2.366154638896329487e-01
1.141535628518871803e+00
5.457524605893926406e-01
2.769343622058881849e-01
1.759409977864141439e+00
1.519288363255865804e+00
4.647601519597763797e-01
-5.138043499678284221e-01
-2.020823187052913639e-01
-5.418620675980037049e-01
-1.706471597952621266e+00
1.146831551158557616e+00
-2.523733923105751842e+00
-7.250562475304267451e-02
1.293213595650000158e-01
-7.433391756539107220e-01
-1.981361871988528200e+00
3.652724719747020288e-01
1.867191683554598747e+00
4.827287513907965177e-01
-9.417062000722431492e-02
6.319546166663636555e-01
1.024173088819814836e+00
-2.342017125866462379e-01
-2.556888953494071970e-01
1.525934217752165090e+00
2.732163704410270455e+00
7.133320567856094030e-01
3.413516153761930738e-01
2.408667662121413144e-01
-8.993988459508415190e-01
-5.051744611777619909e-01
4.595102431716284741e-01
-5.170605349438366360e-01
3.668577258494822857e-01
4.760950963789465362e-01
-1.732317586919507324e+00
-1.707783977833816635e-01
-6.640050362286693542e-01
2.067758442761159721e+00
-5.766806750364725787e-01
-4.010838660781725906e-01
-1.021473937348663874e+00
1.980926180972195638e-01
-2.109666932969780362e-01
6.742588837841232419e-01
5.742889443257226390e-01
1.395524519887702652e+00
8.482935340836590399e-01
-1.284793017087431100e+00
-4.895747051625285451e-01
3.443165430960615225e-01
9.604482957619957517e-01
2.722526246754819468e-01
5.852976620935397278e-01
1.568648357831161633e+00
1.750037998120905769e-01
1.055199668815709479e+00
-6.723246936397275775e-01
3.375409154198383277e-01
1.024201198311443406e+00
3.316701989933452666e-01
9.394788613610263184e-01
1.156186421860496694e-01
-1.880566095730697995e-01
1.276285941065090412e+00
-1.663680734753785195e+00
1.337058062365878541e+00
-1.442361373401927160e+00
-1.509419159182645576e+00
1.997311585929222311e+00
-5.871032647422351758e-01
1.501039789201494834e+00
5.199979900279041445e-01
1.277397283946523743e+00
-2.032328418945583692e-01
8.794378482473241831e-02
-9.085899526837772910e-01
6.657715217929762730e-01
-6.981405524142783037e-01
-3.996719149122931469e-01
-1.422270507401513839e+00
-7.480389955124486789e-01
-1.166673725680028362e+00
9.582746123122651838e-01
2.827070677908771756e-03
1.531336818809593936e+00
1.811923307663442451e+00
-1.728976013766299058e+00
7.489716850974792450e-01
9.007903382968009964e-01
5.771070428501881011e-01
2.017928568060042060e+00
-7.745990754796423516e-01
-5.852544679605413691e-01
7.566200024610436614e-01
-1.241995916748281914e-01
5.480139189365837993e-01
-3.085120625566952768e-01
1.364678180533092089e+00
3.740690308676128950e-01
-2.693044056319187973e+00
2.036616611659630038e+00
5.645881511981976075e-02
-1.088304863010680634e+00
-2.956881473358841106e-02
6.604446311879730303e-02
5.946720871857822388e-01
2.231372692260757518e+00
-1.353299178753186283e+00
1.029478670338706436e+00
2.267333281058927952e+00
-1.714206614547339136e+00
4.557090114641750844e-01
-1.000345411092666392e+00
-1.021720655687043955e+00
-4.956932026026965588e-01
-3.441055580657979007e-01
1.486539011147067768e-01
7.862457332976466873e-01
-1.836282316876385323e-01
-1.487205670039192462e+00
-1.552599274885103853e+00
-1.526434821786013529e-01
9.828314007874308089e-01
-8.686051862996970740e-01
-1.841287430570779371e+00
3.176963499842413441e-01
4.384592625792604892e-01
-3.273680176688422705e-01
1.787492099272045110e+00
2.418218776177138096e+00
1.124938951981379276e+00
3.091092339407985889e-02
-5.199769490174350750e-01
7.798186494158523274e-01
3.577656763330772094e-02
-2.494447423031020961e-01
-1.441809994709206677e-01
-9.002108903508112547e-01
-1.069212245092545643e+00
1.879425630192091745e+00
7.489068986782596582e-01
8.390165736910892846e-01
8.852940156753410506e-01
-1.871197277540748605e+00
-1.302609800194977741e+00
-3.763326731692897553e-01
-6.149930095576472411e-02
1.413816089989516911e-02
6.533038108012911849e-01
1.191243330819564683e+00
-1.121332807599173975e+00
2.400827058593504759e+00
1.310950741824649768e+00
1.619298172180769768e+00
1.224384355240371924e+00
-2.112111303160311593e+00
-8.861115673426800399e-01
1.153899377241942581e+00
-3.237834153395064973e-01
-2.037463408276388499e+00
-7.482215009488211166e-01
4.115766451789077962e-01
5.240556891451113586e-01
-2.470310899172289520e+00
-7.640363094467481631e-01
-1.623460297864284918e+00
4.152835055558128374e-01
2.784230574843964412e+00
-9.264959977472422281e-01
-7.633951816530526457e-02
-2.193395694511870886e+00
9.482338533360943345e-01
-1.866375234100528413e+00
1.147299336509534307e+00
4.853751344239967125e-01
6.855521650543749956e-01
1.604864695464666369e+00
1.346456995846177840e+00
2.520099745022394977e+00
-8.020161078836949287e-01
-1.649843161816400894e+00
-1.797322041577100293e+00
-1.456883790708773940e+00
-1.521017963230262282e+00
-1.153072994185890376e+00
6.425743759608142369e-01
6.374408910489286484e-01
1.652368824508045897e+00
2.247899945106881958e+00
-4.443145619240462807e-01
7.761407264774415893e-01
4.516429345367756198e-01
-1.715062269272855211e+00
-8.812593998067166368e-01
1.662329763984326192e+00
3.222048796718349095e+00
5.722419308908710534e-01
-1.069311303423821524e+00
-9.161798038914303888e-01
-1.879975544060422443e+00
-2.969202176845140428e-01
-6.929386238270831555e-01
1.258490371484280779e+00
1.444587147265290028e+00
7.822874505287398250e-01
1.558682320803037591e+00
-1.458807915200209138e+00
1.813100832666560969e+00
1.220358129052638851e+00
2.111046491651419998e+00
-3.936759575944908107e-01
1.116726626082412466e+00
2.355919980481678166e+00
-6.295935234659850721e-01
-1.464023081834096018e+00
1.117573451708104848e+00
2.268455224626890754e-01
4.611449160087115473e-01
-4.969084491540822768e-01
-1.368812624449224025e+00
1.487922511467144382e+00
-2.173143368168541478e+00
-1.464512180643703587e+00
2.980436301315183556e-01
-4.260880207633208627e-01
6.117835592308793480e-01
-1.975311908885251100e-01
-8.232625535961615171e-01
1.406778258399078219e+00
1.870394085256635641e+00
1.933039240509621948e-01
-2.203325021262152461e+00
2.883865897685557123e+00
2.961683969674844263e-02
1.080803892300226110e+00
-2.807007947212402321e+00
5.422788527880317844e-01
-3.715893135854742013e-03
-8.544135333045641545e-01
-1.127128967160496487e+00
-1.163175957426245688e-01
-1.212047025402585021e+00
-2.488128593761889107e-01
-1.683900136789052482e+00
-5.383594575586982955e-01
1.794750698011871926e+00
8.719960700676274712e-01
-3.500369196489856449e-01
-1.322927402172724420e+00
-1.067864356390915592e+00
1.274052981272026486e+00
-8.221307035637241967e-01
-2.377975998410806646e+00
3.256028050868859935e-01
7.800853430746057526e-01
1.546510580227948850e-01
-2.813117423969657249e+00
-1.956985330779301702e+00
-8.552006099788140858e-01
1.242737573536061291e-01
-1.565716594104892501e+00
7.708049216623136246e-01
-3.223341264558508890e+00
-4.002050906283640686e-01
6.766276048628006023e-01
2.644311456546049044e-01
1.171092567238073201e+00
-6.801604296983541076e-01
1.104916291554710384e+00
-3.412723461562272576e-02
1.303384749579548085e-01
-1.721855010485477955e+00
7.368143004656868555e-01
-2.402600205371487441e+00
9.459705072366331180e-01
5.137709042430396167e-01
-1.293007201175161214e+00
8.593302126362427629e-01
-9.127515171040201380e-02
1.197511093727968046e+00
-1.046271001073355578e+00
9.344648616138222508e-01
-1.092528011039927804e+00
4.185459639712796331e-01
-2.628135603949033339e-01
5.173311778988409770e-01
-1.194066151070725113e+00
-3.586783536420137253e-01
1.556991332904259728e+00
9.887993535088801522e-01
-1.584950959102346069e+00
6.672767057127160228e-01
-3.044204950860397219e+00
-5.763939654273375623e-02
2.983256515783942575e+00
1.332321704833234755e+00
-4.594745250746434806e-01
-2.274238779504859309e+00
1.334810899529585981e-01
2.936865250586269127e-01
1.856677554568090471e+00
-7.557644770984541793e-01
-1.040041129266806585e+00
-1.369307506160699184e+00
-9.724309773821202540e-01
-3.396376096290696367e-01
