-5.581250593262163662e-01
1.057379429527617098e+00
2.949185121561761491e-01
-1.019044860492508420e+00
-1.978654267782955500e-01
-2.127431664957493140e-01
1.005717675071521100e+00
1.422784890957117021e+00
-1.486635481387494906e-01
9.793040219945634561e-01
-1.270802811218399775e+00
5.828972294416256972e-01
2.891381960315229094e-01
1.272293567680469195e-01
-6.429125123915184759e-01
2.126872123651937230e-01
-2.418375621952959520e-01
-3.801358711750300046e-01
7.888727212574764280e-02
2.273050299958523368e-01
-1.207497507829453642e+00
-7.960278679328443019e-01
6.795713730342578529e-01
1.258430060757032010e-01
1.548951607970845856e+00
-3.099435548679174701e-02
-2.074041541423952140e-01
-1.366438975604917783e+00
-9.424163441735755598e-01
4.889039662963412525e-02
-1.446139781275253000e-01
-1.388851229074820726e+00
5.768819696111560091e-02
2.136553042246402967e-01
1.040174254324323755e+00
-2.794121451669795420e-02
-1.238221032082916118e+00
3.829041266903487895e-01
-7.188041937879257048e-01
-1.223841985125411203e+00
2.464916383447848247e+00
9.104837502953522232e-02
-6.361096483146724267e-01
-4.906431737256475856e-01
1.133321457290866974e+00
4.304178316668334503e-01
-1.021302320569172473e+00
6.570278750347782193e-01
5.647430223903722180e-01
-1.283593682808498837e+00
-4.239991301519649980e-01
-4.106118801655886941e-01
-6.611214565415926003e-01
6.151208882159053815e-01
-1.842809194767029979e-01
1.403517546102134972e+00
-6.470667196366708396e-01
2.263804312637791583e-01
1.389622492813463950e+00
-3.819117426587759212e-01
1.595844935089699490e+00
3.745583912259577986e-01
-1.624559102904266084e+00
1.154824374608937276e+00
-3.038896093522049924e-01
8.511339845379906066e-01
-1.262701258808034410e-01
-4.473719547631151983e-01
8.859066703626430339e-01
-3.351100272786844414e-02
-1.217552694558797555e+00
4.586888523610133106e-01
2.944112948024812937e-01
-1.812689764968142825e-01
-6.581215645781215429e-01
-7.180263356715457235e-01
7.756085071536649167e-01
8.188578376216586463e-01
-3.162186573491689856e-01
-1.586846774887295641e+00
2.062719898222065140e-01
-1.126159457820552934e+00
-4.992658889629675301e-01
3.607271299396987985e-01
-7.381691284394795716e-01
1.035987160581307798e+00
-1.055482412414693094e+00
1.597453133494655120e+00
1.795940188595162468e+00
-7.094873215154704482e-01
5.131772035432167200e-01
-4.273328977192729639e-01
-3.868883253406130152e-01
-7.572974274248593929e-01
3.677321316307473609e-01
-4.440577544824222400e-01
7.466506043722285213e-01
-2.189941055938078307e-01
8.450819133135700767e-01
-6.353594439916951941e-01
-3.138839866035310067e-01
2.362774865210788278e-01
-3.791913014362862100e-01
-4.417737324682731170e-01
-5.822898989743388043e-01
1.759350944581594689e-02
6.066779268451192308e-01
-4.880378537413490037e-01
3.275286190702324518e-01
-1.716520580913183380e-02
-7.264561516121883500e-01
4.409793515678464004e-01
-7.488536006827688496e-01
-3.863998183390835450e-01
9.269846342831993269e-01
-1.998981419159973072e-01
-2.912365611738447768e-01
-7.809495968957058665e-02
-5.406738480641140043e-01
1.181170983059658397e+00
4.279637934035491753e-01
4.223266617781318288e-01
-2.373504435177586913e-02
2.521529051555138068e-01
7.121886279561540078e-01
-4.678240768411878747e-02
-3.344681449615709568e-01
2.991538301284641932e-01
-5.670529659167060643e-01
1.555642510075809781e-01
1.141800163210446861e+00
4.097602304715097787e-01
1.026559745323769590e-01
9.325952828062575861e-01
-1.241832580385207052e-01
2.550568068883576345e-01
-1.074867221529816064e+00
-1.533079743431504660e+00
7.391416285346217308e-01
-5.426175913501127823e-01
-9.667793331911145316e-01
6.203719983709525820e-01
1.160130339419609413e+00
-3.049579261815900111e-01
-8.900703858555676362e-01
-6.815526756906491457e-01
7.102983114192920056e-01
4.359215304906882693e-02
6.814035865088143851e-01
-1.324881162602533635e-01
7.020007053437007372e-01
8.741752246538325721e-01
2.927883788076321991e-01
1.101026765341311275e+00
1.191511261706499347e+00
2.205564881268369248e-01
-3.574145669361428190e-02
-5.845821722918378427e-01
-2.204684754748562625e-01
-7.606734479865187026e-01
-4.410366796779552345e-01
-1.218865837599603097e+00
7.487401060804952380e-01
2.626575589139701350e-01
5.637603336812544441e-01
-2.236109773950700763e+00
1.163851467199645384e+00
-5.494444419544599612e-01
-5.466912636514722479e-01
-1.445854594076721789e+00
9.098703708100863707e-01
-5.861493153927463950e-01
8.449237675951906112e-01
5.818056398643998151e-01
-5.374277165641023757e-01
1.001579818882341932e+00
9.188426137292635687e-01
-8.231651337299332738e-01
9.542885296757228630e-01
-8.592821833954946698e-01
-2.407333884362241605e-01
6.069913416820611474e-01
8.944202311927762494e-01
1.373924792954550611e+00
1.827538746011416748e-01
3.707919516665878490e-01
1.802485904336796452e+00
-1.422057471672996343e+00
-6.764354880182974483e-01
-1.287146509256329452e-01
2.376388786855576640e-01
9.009413513341364421e-01
1.792216473381884612e-01
-1.570735591552745891e+00
-7.269219276830076737e-01
7.838218818280058287e-01
-1.047233738690787064e-01
-9.968370679636651133e-01
-1.593395854191221872e-01
-1.244792527880438815e+00
-3.767504259528626775e-01
-3.688872178222446507e-03
9.564438372716370651e-01
3.778531725795462037e-01
-9.347001515585855458e-01
1.618793385206337199e+00
1.022048247805987131e+00
9.793864116563799627e-02
8.494331405154040837e-01
1.263361549836572451e-01
1.293887629187873145e-01
-1.199886501250229109e+00
-3.617839503145834357e-01
-2.817185647585898067e-01
-1.616305764616768670e+00
-1.321555334640498014e+00
2.883264785762680305e-01
-6.930945679242404012e-01
4.024409250963048024e-01
6.723360773531794621e-01
-3.237635333861001996e-01
-1.661403102098333306e-01
-5.811844617314934069e-01
-1.733703863180178217e-01
3.161165413311559647e-01
7.569955517036417447e-01
-6.678892440394346153e-01
6.791304202240002752e-01
-1.043236526934796515e-01
4.429807981554576557e-01
-3.849668323625028421e-01
6.938060102681200547e-01
1.922142961703245945e-01
-1.516060538971952809e-01
-4.192164754289136042e-01
6.687267719081857464e-01
8.351323377496555622e-02
6.142262237446347584e-01
3.784593543002223726e-02
1.002731460890252890e+00
3.852110068215965910e-01
-6.079208371458557636e-01
4.395848345290778170e-01
2.385147129128757371e-01
1.660844711698690190e-01
-2.654951111532888319e-01
-4.717943664348265287e-01
1.007657039424996626e+00
4.602734652798536885e-01
3.552841309630769828e-01
1.545664684176006887e-01
2.589938030093428267e-01
-7.247388865336095165e-01
-1.535521704254403375e-01
-1.202406310704621006e+00
2.349967142632101158e-01
-1.097783139758927717e-01
4.704895853956161389e-01
8.774194097878176279e-01
2.652615673850178268e-01
8.389677882925994368e-02
1.517748494775616130e+00
6.807241714245755304e-01
-4.495728800998133323e-02
-1.255927670995164114e+00
2.664076792192915377e-01
3.281640221471384677e-01
1.631615559509516089e-01
-1.324678240353186709e+00
1.743328494750659985e-01
3.306131457774235116e-01
-1.494586868742295849e+00
-2.782558502525924737e-01
-1.386718995275524335e-01
-5.952422928202825148e-01
4.039809492075550068e-01
1.543941784740462175e+00
7.123941960807567142e-02
-7.208154214584343578e-01
-7.458655358591226303e-02
9.677591371068423598e-01
1.238309606034100341e-01
-6.885379847040082879e-01
-6.077493375231828310e-01
-5.837881553099162346e-01
-1.026929914946974609e+00
-1.039678707257623014e+00
-8.646999197471014753e-01
-1.738922750812799567e+00
3.721414380886969298e-01
2.834788605347240420e-01
1.316890916886837459e+00
9.823728206841320088e-02
-4.072366395298168129e-01
2.073532672313760372e-01
5.484699369546941483e-01
1.273241971081593427e+00
8.213710735529700102e-01
1.721046180625451782e-01
1.656398279257373929e-01
2.567131967626270495e-01
-2.634414766661743457e-01
-6.035272215940432616e-01
-6.036327485380006408e-01
1.902818116713111962e+00
9.349061479709668276e-01
-7.891192574270080584e-01
-7.009488016919362963e-03
-2.592239429105136495e-01
-1.049627630626881913e+00
-9.781199442284016499e-02
2.002911710714981197e+00
8.809241914447065724e-01
-3.628844072745831539e-01
-1.055999170118859354e+00
2.693637437283147307e-01
1.029600630538023864e+00
1.045324455424079702e+00
8.930078891791861651e-01
-1.967215450174245817e+00
4.478000677499194282e-01
7.507322249727712560e-01
-1.537884941763785207e-01
-2.458169483542524958e-01
2.313673700913484232e+00
-9.915513788252710015e-01
1.120340325388831992e+00
1.059064575303762190e+00
-7.007412175429656997e-01
-3.476296000771004202e-01
-5.659418228954171681e-01
-5.396452359441026303e-01
-6.852220764535754682e-02
1.484183680435300801e+00
9.428286208792071577e-01
-7.301588469167699103e-01
-1.634764408789672885e-01
3.866852402820688539e-01
-5.440037523587157864e-01
6.810547622916391930e-01
-1.087720570673963216e+00
-4.440335778309272285e-01
2.255295296732349186e-01
1.750325691448644250e-01
-5.923501065334990656e-01
5.599640527426714698e-01
6.064431290545151398e-01
1.060205083089210909e+00
-1.080288424655284629e+00
1.463181000781763608e+00
-5.438676777126216777e-01
2.451062384262323590e-01
-2.886390705451677974e-01
7.466671771776045574e-01
5.441086126670446887e-01
8.651201431800874531e-01
6.081170857212647718e-02
-1.988080318693579152e+00
1.516639493452609955e+00
-3.162081290304499248e-01
2.199924220697946353e-01
2.690943224361319608e-02
3.307718639420187401e-01
-3.316916114906396373e-01
-8.548230986770128936e-01
-2.000698968823551027e-01
1.799091177042289047e-01
-1.440605355838979751e+00
1.194288763531893061e+00
7.636568397449927659e-02
-7.470904130725699588e-01
1.385388355160674934e-01
6.118367197327900797e-01
9.570464707446095787e-01
-7.216013022711829095e-01
8.684668757239988324e-01
-2.456791455480971109e-01
-4.530397089421009937e-01
1.028757969462184008e-01
-7.224483473255300936e-01
-9.691240812596646492e-03
1.539068652677508808e-01
-3.128443679766146346e-02
7.260373171582079621e-01
7.606491005050388665e-01
4.681973800137173569e-01
-2.876626107681943267e-01
-3.908490288874997276e-01
-1.431856785640760243e+00
7.048733061126259969e-01
-1.530026700592511446e+00
2.151184694566099509e-01
-6.749836843115017970e-01
-4.625389910328889798e-01
1.636670281076174405e+00
-8.972291889155910027e-01
8.869705793377331560e-01
4.389975504553547125e-01
2.139852248064463502e+00
-1.036767407784693784e+00
-9.504231803848908200e-01
-2.895962125442448354e-01
-8.699628029273727137e-01
2.008664770654666754e-01
-8.514842894804868223e-01
1.136962650644624873e+00
-4.935138369075371401e-01
1.112040548968595388e+00
4.586573964452647090e-01
-5.924787023172539691e-01
-7.486380058094921353e-01
2.131879838884844780e+00
2.736669877712136767e-01
-3.204249537772607681e-01
-4.027575618111995936e-01
-9.399178452436585118e-01
-5.358260191691499585e-01
3.888254262245327553e-01
-1.326883701421496475e+00
-5.169694136296900666e-01
-3.055185006833660566e-03
-1.332607631459686637e+00
2.048107806222940752e-01
1.591756638974040072e-01
6.733528956036813895e-01
-4.004108807542854365e-01
-4.152077238674065640e-01
-7.380134189202278705e-01
-3.106140470791238783e-01
-1.432491444843915218e-01
-3.849742926685451039e-02
7.695230493352127610e-01
1.471843975806042870e+00
3.484374558420491041e-01
-2.966664688597457911e-01
-1.024929641036269601e-01
9.476894838889036166e-01
-8.324311920681592980e-01
2.437303140888147368e-01
-4.193906188671556734e-01
2.771938897970382953e-01
2.908275714848453930e-01
-3.817817682603541485e-01
9.512819739746145586e-01
-1.200987987986863459e+00
1.022738705010084459e+00
2.215709919946329265e-01
-1.097639386237890147e+00
-2.672236011413895440e-01
4.735167803888664650e-01
-6.269078405933141696e-01
-7.115500680901254427e-01
7.013035898423929382e-01
1.771952566284928032e+00
-1.765120647921129660e+00
6.135607604360293621e-01
-1.692177619327163818e+00
3.291048048645848212e-01
-2.130371252220033540e-01
-8.981105820782167015e-01
5.578404974687352080e-01
1.047948451941138615e-01
1.125907214892648334e+00
9.462135321651086173e-01
8.537772078041019341e-01
2.932442405221493686e-01
7.678044353284887436e-01
-3.878502322079571130e-01
-5.109153104247683430e-01
-4.528957130608812776e-01
-6.646872081476411509e-01
2.744603650809374074e-01
-4.191229985599704833e-01
1.012511854778002984e+00
-7.845692392635870149e-01
1.344047808209611894e+00
-8.921227149408927914e-02
-3.981985528341969172e-01
-2.090080974468122577e-02
-7.110382992486385945e-01
-3.898064126569185106e-01
6.104988389509680147e-01
6.800634434246743965e-01
-7.682769249949261692e-01
5.467668252023116793e-02
-4.598596715295135695e-01
3.942193245820977410e-01
5.509292386192257140e-01
-3.059465299685850681e-01
-1.066406571248679214e+00
-6.846100289434717823e-01
4.092909089347021023e-01
-7.080088122385390648e-01
-5.258641431053421300e-01
-6.239868537875370436e-02
9.117997050905817247e-01
-1.250018576719913455e-01
1.323387991489575199e-01
8.033948409948621361e-02
-5.459771831892137328e-01
6.775731404783336131e-02
5.698592421288184440e-01
8.385992325275726245e-02
1.187101960718631943e+00
-5.960262724122102895e-01
-8.213180573820189068e-02
1.279347375663700603e+00
1.524571212212922688e+00
3.386727344297826292e-01
-9.059789812281247023e-01
-5.305815608977413333e-01
-4.871485113564002489e-01
-1.738989303669091768e-01
