1.734215438425130706e+00
1.703732762966449599e+00
1.751080674355145916e+00
-2.721869689425560956e+00
2.130233686306915786e+00
2.794721958145897744e+00
-7.663432932759217664e-02
4.705111517724960279e-01
5.766734719382569097e-01
2.330484527386698090e+00
-1.468093315619922734e+00
-5.914410448454923142e-01
1.540443590052912093e+00
-7.958913876902471429e-01
6.389905565076023919e-01
-2.047681569637219035e+00
-5.548877053296514816e-01
3.965696208720537186e-01
3.034633182873369250e+00
7.457642591042574765e-01
2.522155358184261509e+00
4.792406784301483924e-01
-8.357266546866970458e-02
9.859437395333214837e-01
-1.410069816977841839e+00
4.833095457467067035e-01
-1.299805332818122494e-01
-5.651605596666957609e-01
-1.185614263545039293e+00
-9.863518609680292926e-01
-2.986396443451635463e-01
-4.776448516856879323e-01
-1.331157945871002113e-01
2.145799523957405697e-01
7.882000869112477659e-01
-1.195557942047274391e+00
-1.690666077836182613e+00
1.092963681007468324e-01
1.892585882034651945e-01
-1.493102756562838085e+00
1.419142721807035379e+00
1.308939187647819580e-01
-2.281951549705197202e+00
1.259211307679850123e+00
1.792521012970218486e+00
5.539582331575498841e-01
-9.647318943387892531e-01
-1.330605097802566306e+00
-5.156011965423701326e-04
-9.832767768189141222e-01
-3.063560674524212768e+00
1.324459693890398526e+00
1.781696533190721965e+00
2.331086045806609164e+00
1.970171971196197802e+00
2.643276899171500105e+00
-2.224066353850195910e-01
-2.240001918966708416e+00
-6.377333617044609326e-01
1.871920827578144042e-01
2.184504307345567220e+00
-3.088326935899532444e-01
2.223911167734239136e+00
-6.254950827577339112e-01
2.291837208669722514e-01
-1.099708803619052766e+00
-1.105638741473477626e+00
-1.666160517261101592e+00
2.503511029927443232e+00
-1.288345932148599715e+00
1.426775884603729061e+00
7.650698751585096602e-01
-7.947820467902957375e-01
-8.853721807543504241e-01
2.081759086467066311e+00
4.487027313031619613e-01
1.827774746069989575e+00
1.116054175159753470e+00
4.854970117666557172e-02
7.102330452561051999e-01
1.511266634140100429e+00
-6.705493906401560622e-02
-1.911549253661368741e+00
-1.967026698493622661e+00
-7.320693124875727875e-01
2.889657087297159421e-02
2.134520059616492382e+00
8.203624971398237875e-02
4.713248167121033561e-01
7.587759887123377567e-01
1.632027465228541807e+00
-1.632805769385590633e+00
7.654046687121081050e-01
6.057949914096605326e-01
-1.541928135177311088e+00
-8.410068780180148806e-01
-1.423441965628047257e-01
4.483842888122024917e-01
-2.387954009537525124e-01
-5.192579597243032197e-01
5.224013955045148094e-02
9.318721573769748190e-01
-1.391875062998153556e+00
1.128080215023130606e-01
3.252654950794156008e-01
1.031237617308464749e-01
3.121501398227399804e-01
-1.106376508441917483e+00
-1.445252796086990088e+00
1.722310949043226458e-01
-1.444850732029501206e+00
2.270553218624151270e+00
-7.272655554660065746e-01
1.378324781331602189e+00
4.666238482210722793e-01
1.694698992000683191e+00
-8.464278507729492418e-01
1.497614732752006184e+00
1.076599672648051786e+00
1.878421474154881032e+00
2.091511706612312338e-01
1.175263953373779202e+00
-2.365205328986847100e+00
-1.594351696844290345e+00
1.134668043665305603e+00
-7.246277641889786736e-02
-5.932672169979644750e-01
-1.509814461950116371e+00
-1.852589272009915966e+00
-1.752760948594396684e+00
-1.255822060683779551e+00
-1.361763597183175634e+00
8.747063805489325716e-01
3.344370259882021301e-01
-2.174578820663363832e+00
1.517332908321405327e+00
-6.067132604283997921e-02
-3.960005446952350461e+00
1.080277521139979768e+00
1.650314845707593570e+00
1.293112419873469143e+00
-3.656436515231753503e-02
-9.807073807364803386e-01
3.994904439716719935e-01
-5.588896567171151020e-01
-6.352718931208425346e-01
-2.023165854503918837e-01
-1.764171928333828188e+00
-3.815277419549722993e-02
2.064725179937485500e+00
1.893153147726086338e+00
3.028956922313907896e-01
-1.028367395940890106e+00
2.096712374207249319e+00
3.992701395822573218e-01
-2.187482921870227415e-01
1.136025816927110021e+00
8.824323375681899506e-01
1.657193064646356184e+00
1.383035352283354058e+00
-1.500505025449321739e+00
-1.326432658233855921e+00
-2.173086796025698320e-01
-1.167875233280499803e+00
-1.186577443025017331e+00
-1.011563057711698299e+00
1.669650619068434594e-01
3.734288484919883189e-01
-6.285397828392733643e-01
-7.551925008181381571e-02
1.126855562234299057e+00
3.070775196789554684e-01
-1.357262844527770795e+00
1.198541460768365319e+00
-1.025591062617421390e+00
1.238386349149694254e+00
3.623512195867483854e+00
-4.233400737408832271e-02
2.708470103867376189e+00
1.442474106076508278e+00
-2.470912820853286895e+00
5.197211921709543603e-01
2.007242797190609274e+00
-2.242250750098762069e-03
-2.584218101031340531e+00
-5.620658634351816119e-02
-6.220855525304189726e-01
6.176617481604873561e-01
-1.343020994934475354e+00
-1.081003684513280660e+00
-1.518211138565925822e-01
-1.464473301551069362e+00
2.002578979708950158e+00
-8.509358421270594164e-01
1.435206139409039849e-01
-4.845313479104085275e-02
8.751066980382615768e-01
7.374696231340216457e-02
-1.000455916471923778e+00
-4.948721718914237400e-01
-4.509343872058471092e-01
7.188963287071974406e-01
1.730712856827659962e+00
-3.360016173909841086e-01
-1.817525501505329988e+00
1.690895203415781367e+00
2.418492786155824525e+00
-2.619770850121386552e+00
4.597286707013257256e-01
2.627035123920993698e+00
8.834984479081464670e-01
-1.818665101402308082e-01
1.720659230651477856e-01
-7.059116034161059261e-01
-1.254198846981938065e+00
-3.785038280297816637e+00
8.347412980968211826e-01
-1.909706382846183548e+00
-3.556820386349421881e-01
1.160982757160216039e+00
-3.916398572841952586e-01
-8.601820457985489554e-01
-2.827178964630867597e-01
1.530961951818308187e+00
5.855109078372189302e-01
1.311163344380413598e+00
-4.550774210388262020e-01
5.937231143722776494e-02
1.087781337868739762e+00
-2.147738416358375702e-01
1.819068513325885483e+00
2.202891328474225752e+00
2.308908446495905764e+00
-2.687961857758711659e-01
-1.056452917352733500e+00
-2.518583185294840376e-01
-5.856798914608507545e-01
-7.106862927947528163e-01
4.279695075485667743e-01
-1.345478954548598338e+00
2.381918927374635508e+00
1.259800370343722165e-01
1.222021099986766224e+00
-3.279645452530374872e+00
-9.532656649586357389e-03
-9.494594045512609881e-01
-2.335593528353516746e-01
-1.598493584184392802e+00
1.300167066602498700e+00
-1.800193087835975536e+00
-9.409037522797554232e-01
2.095307332887960783e+00
2.648242989619840060e-01
-1.382763291675501716e+00
-1.990238852485495258e+00
6.591171545576290924e-01
1.208413873484741607e+00
-1.862193038790849187e-02
-6.044413605750422747e-01
-2.187616093662790195e+00
1.330575189736970643e+00
1.968409479375269555e+00
1.489323411583036716e+00
-2.356885544449043746e+00
-6.640188900599888200e-01
-1.063836220138831834e-01
2.246552109750640014e+00
-3.772635330690299327e-02
9.079751233130401999e-01
-1.705519077903025149e+00
1.201919235406511355e+00
-1.542829547854708494e+00
2.904651074978072955e-01
-3.460216973317642442e-02
-9.200593371029661682e-01
1.633575596570628896e+00
8.084953905776082195e-01
1.258966541381528970e+00
-3.583096563636045673e-01
1.525086690251034049e+00
-1.756084184952563021e+00
1.027275923752412723e+00
-1.709278462004361732e+00
-1.740166158419845566e+00
-7.209251081804524119e-02
-1.931235381862492773e-01
-1.593235371678294765e+00
-1.039925350141234439e+00
-1.348877340261711577e+00
-2.744110076566110834e-01
-4.415678608699558083e-01
1.076955048699547390e+00
1.899039310001676917e+00
-4.738611542912467556e-01
2.930532316356293521e+00
9.477282864935521189e-01
-6.326839940219581848e-01
5.655837937064855936e-01
-7.127078662622166050e-01
-2.454143806326158028e+00
5.710605035591189704e-01
-8.846796303772155312e-01
8.007368577992348690e-01
4.342765665381600471e-01
1.519355151418160688e+00
1.747046851378094345e+00
-1.377489364217430179e-01
1.060668000973407743e+00
-1.124646549746683988e+00
-8.676546714802038096e-01
-1.169377711822664700e+00
-6.266959812432091326e-01
3.885549982925429191e-02
2.985846143197257163e-02
-8.625264748100498480e-01
-7.359026323197799258e-01
2.888629638235300945e+00
-2.349717528593320282e-02
3.242921122088748831e-01
-4.337802899742992935e-01
-2.480746817541830573e+00
1.360374365819283504e+00
-1.005056308102479257e+00
1.531495654810171914e+00
-6.027221301741834125e-01
-3.426083840220686128e-01
9.491113139566831336e-02
2.351808261563270719e-02
1.172144603951075226e-02
-5.139528011387142215e-01
-1.983153092880749480e+00
-7.523341395616620630e-01
-1.303638717460209762e+00
5.524054862975535940e-01
-6.438402596739924988e-01
1.001263220208711502e+00
5.558114628613370911e-01
7.050670725697427699e-01
5.738617135008459158e-01
-3.767672910761632465e-02
9.795848571581613484e-01
5.197622211605343878e-01
-4.046472174345367989e-01
2.892889634410424904e-01
-7.795795167067378628e-01
-1.464152369780722385e+00
6.524731897238522649e-01
-4.330451552086636013e-01
1.413772880976384982e-01
1.847580034529929804e+00
-9.148080342938245124e-01
-9.467994393976404410e-01
-1.403727013613606189e+00
-5.133815128165419850e-02
-1.026508459032000609e+00
-1.769493508625767930e-01
-3.280436238503545709e-01
8.332749633618696805e-02
1.908949979480107473e+00
2.186112541336319381e+00
1.555285712447027180e+00
2.176193607616796477e+00
-3.997477724797002807e-01
-2.368034599257317296e+00
9.743938599963328784e-01
-2.185713592683411477e-01
-1.262537198289722440e+00
2.350079438230849860e-01
-1.532528373029213853e-01
3.943212476530195687e-01
-1.569222314996192136e+00
1.108923537157307848e+00
-1.006866969645270338e+00
2.368920212675353909e-01
2.298300266140774539e+00
2.685536376988828522e-01
7.797320848792379522e-01
-6.141518420961622482e-01
9.920569360567306205e-01
-1.179309033505250959e+00
5.478015323573535156e-01
-1.614803817266444064e+00
2.677576418032465710e-01
-6.037631454277470056e-01
-6.117954711722060068e-01
1.774217736712058624e+00
-4.829328156376835324e-01
-2.102651008339755379e-01
6.975684043415260049e-01
-1.614049781851452092e+00
-2.525742127576248386e+00
-1.593687518835785966e+00
-1.137441109285468599e+00
-9.984779676685704430e-01
1.781446596794067361e+00
1.494914976404412066e+00
-2.805360094730033893e-01
3.560666286545524528e+00
1.321237166818184150e+00
-1.484572719762208060e+00
-3.453316375793029636e-01
-1.404487813258548101e-02
1.794371967922637978e+00
9.356381948393668324e-01
-1.102257409164164592e+00
-3.078403357267047724e-01
-9.645509940688956618e-01
1.157156216369326529e+00
-1.604373443910932728e+00
-4.361650909729242187e-02
-1.965772489527477518e-01
1.584569157601700695e-01
1.793062356192855589e+00
-2.121371592273237905e+00
1.150854197264116863e+00
-9.003478128317112805e-01
1.592756053995162624e+00
-4.921277635763878777e-01
-2.150001809946368247e+00
9.494528181346240103e-01
-2.158614595604042563e-01
-1.026667678597099176e+00
2.933956677780836131e+00
4.634105957836451850e-01
1.444716169427310959e+00
1.703019450987852679e-02
2.326915998236493976e-01
5.611650041171492020e-01
-1.744339524023270638e+00
-1.794459202419322885e+00
-1.450736585767880449e+00
-2.776081778850286952e+00
-1.555771264868566206e-01
-1.993241723224814521e-01
-1.093903407899855296e+00
1.580978889438702240e+00
4.108951008956562845e+00
-1.408683981144873698e-01
1.366343663383435825e-01
1.282280411848224944e+00
1.591684985531106378e+00
1.120114845561264616e+00
-4.525276412395804471e-01
2.173398679325870830e-01
-8.784340815971596328e-01
-4.628679991574244923e-01
3.843728256195655391e-01
-6.995037522732232560e-01
1.627993291052725056e-01
-1.086080845360454461e+00
-1.016518472962104624e+00
4.456369516130296304e-01
-2.719500438034270218e-01
4.283957366869355354e-01
4.820832936428427473e-01
-5.969397612886169213e-01
-1.042529603854879916e+00
-1.821744646260854417e+00
5.397221732264556593e-01
-3.653274441508172377e+00
5.585434382674154818e-01
1.721175781893116152e-01
-8.370714039036721843e-01
-1.449396568784915296e+00
-1.170510828223746636e+00
5.730081467428256303e-01
6.393023954545640208e-01
-1.221444433304348820e+00
1.306934625269279060e+00
-3.118776015342234587e+00
-1.593483901599772601e+00
-7.279835334762374544e-02
-1.966458134377955247e-01
1.641584708743202725e+00
-1.518668972327813727e+00
1.886939821145439566e+00
2.831035562969526076e+00
-2.218741053311443778e+00
-6.844615534753977215e-01
8.308324720779634021e-01
-2.911694863799855426e+00
6.284374471327875966e-01
2.117899676067807491e+00
-3.669539187501715816e-01
-1.842207740157161489e+00
9.783486044747702337e-01
3.458068102348823558e-01
-1.618669104047066210e+00
1.717493660236227626e+00
2.021607741961492621e+00
4.422111984742276292e-01
6.879129022152872253e-01
1.047341413126261500e-01
-3.501116742873807475e+00
-9.827713303763268016e-01
7.518983908149143858e-01
2.009365645917703169e+00
-1.077362173355673747e-01
2.220974674738176446e-01
-2.153648164019092093e+00
-9.866637604198649214e-01
2.047174523838303450e+00
1.210953351972801073e-01
3.654769555840875483e-02
-3.155962852339883717e+00
-3.637203481223219015e-01
1.996238358569506488e-01
1.177748291843415451e+00
1.498475652848627604e-01
-5.868279726498712989e-01
1.228448998764243072e+00
-2.021328858322496203e+00
1.885466697332312869e+00
