1.648316296935979253e+00
1.843310035455565377e+00
-6.156335747637005085e-01
-1.841919802385172389e-01
-1.501192825821831889e+00
4.447787628771404655e-02
-1.021016457625624874e+00
2.990756582756057824e-01
2.287218390099550192e-01
1.083570253500369951e+00
-2.283848242051007560e-01
1.112600523939233810e+00
1.014452074789305769e+00
-1.355205948009370331e+00
9.230955087523717850e-02
-9.303121760442838450e-01
-2.104581637986200349e+00
-1.903870535700304956e+00
-6.726701987690040241e-01
-2.475451549097243742e+00
-2.624902767521710700e-01
-4.346108027401127671e-01
-5.774436346273263965e-01
-1.104472812146842564e+00
4.417134320698758998e-01
-2.217838280142754748e+00
1.156923053225779263e+00
-1.534780451014348568e+00
-8.801227347692739400e-01
-9.404265897970631727e-02
4.595064264959951572e-01
-8.226585275199802538e-01
1.556061488853877073e+00
-9.305501650198602093e-01
2.757952322146142166e-01
-9.750503105495980094e-01
1.189413866145500265e+00
9.070200746052572427e-01
1.177670559643341441e+00
1.216784621444169545e+00
1.054791802623046060e+00
-9.140946363518800410e-01
6.796280287993630154e-01
1.226350196106818835e+00
1.194553679069660035e+00
4.467712470071827369e-02
-6.881412928793730899e-01
-7.617528908906505691e-01
6.097926170700418425e-02
-6.566335985278639598e-01
-9.614400101143756316e-01
-2.273232424085322556e+00
-1.598030378351274372e+00
-1.941721837707287790e+00
-1.157196418223251921e+00
-2.519364345991853327e+00
-2.951544860068686660e-01
4.828361179244700097e-01
-1.361964737678131865e+00
-3.422804952748163210e+00
6.651813134434361174e-01
1.242111813592029712e+00
9.304721921016643194e-01
2.171547102538609053e-01
7.437707091521801317e-01
-7.404527851517022086e-01
9.714251907232176464e-01
-6.883755317626985004e-01
3.688352866024038335e-01
-1.256019021886430664e+00
1.356660359896983969e+00
2.452439699314395760e+00
4.747266215946748247e-01
3.147572239542085981e+00
-4.651242945095210857e-01
-2.157261775194294628e-01
1.977906057653865624e+00
8.568118767089094590e-01
1.505417465117943721e+00
-4.681012713681091952e-01
-1.717172567058814714e+00
-1.882427608314776180e+00
3.757056904945557108e-01
-1.075327179772052943e+00
-1.294006505857913325e+00
-2.083463637437455773e+00
-2.036241032164749498e-01
1.368360737780712988e+00
3.173711879849250295e-02
6.942955804587125357e-02
-2.317524202741575223e+00
-1.229748879307543064e+00
-1.358639281680948940e-01
-1.761747511483534367e+00
2.214956671460363680e+00
9.987805993898479784e-02
5.817634478560815836e-01
4.678525419386634354e-01
-6.584005461170239215e-02
-1.404720917266779168e+00
5.310152643343535317e-02
-2.625627493534952173e+00
4.325018659596242543e-01
1.588267362131890792e+00
3.041172750610384057e+00
-2.087548772637151551e+00
1.639626355468138286e+00
-5.010800813389799657e-01
4.494900886336816725e-01
-3.260736661702532402e-01
-5.144623642256052065e-01
3.608149586977793533e-01
1.078793178668613351e+00
-9.798087818402017035e-01
-1.853979359479938083e-01
-1.875414961159638239e-02
-1.300219273328246938e+00
1.067311177935572175e+00
-1.841865872817285421e-01
2.427892345172068644e+00
-2.541824827483495142e+00
-2.961256045487903776e+00
-3.539685082558285956e-02
-1.875424950495709897e+00
-3.330297444718688382e-01
-1.444305117946913519e+00
-3.347350716017780670e-01
-1.601837062830243852e+00
-4.637219275199466750e-02
-8.189979046836697307e-01
2.381750611165802667e-01
-1.061133911555847131e+00
-5.145062706532899099e-01
-4.701863964240349247e-02
4.389656926547669258e-01
-3.473899647746003794e-01
-1.587852490786800352e+00
-2.805245369921305354e-01
-1.013337260532896522e+00
-1.383637494091505271e+00
-2.056765865938396942e+00
-2.349838386119436073e+00
2.232662060202152965e+00
3.427849115660031032e-01
-1.387159531040374816e+00
-2.623264860458677905e+00
2.872998422522896611e+00
8.737498220695760764e-01
8.018550006040223721e-01
-6.511956452045444266e-01
1.728966706795095121e+00
-2.885596315934650491e+00
3.272371658281622686e+00
-2.886040443051225424e-01
9.214819290443774236e-01
9.559307926023183910e-01
7.332697855382885876e-01
-1.432038644756215007e-01
4.079165832840061512e-01
-1.214551568183457331e+00
2.107681649409411939e+00
-4.642082331413686092e-01
-1.982016057321817293e+00
-1.385061199110570573e+00
1.328854111978436059e+00
-6.776904678435311524e-01
-1.532837811528220406e+00
1.629834285154194262e+00
4.981864669444746596e-01
5.746449599688396859e-02
-4.754462498006217785e-01
1.445663108274716890e+00
1.165919972717660791e+00
-2.427717627549716539e+00
1.392295582937720155e+00
-1.164557988406578204e-02
8.305900795565799299e-01
1.606303389040793839e+00
7.315602817173694206e-01
-4.760415409751299620e-01
-7.901673545220262440e-01
1.752804402283634211e+00
1.433982663035422433e-01
2.262671839393002315e-01
-1.741754730127189621e+00
7.627297137685316031e-01
-1.261091608890837712e+00
8.932874122502276748e-02
4.840779028082655699e-01
5.820708258835338711e-02
-1.162566486142775357e+00
1.652081534463237134e+00
9.057896530905686916e-01
-1.634924531595825847e+00
-1.627215563340896232e+00
-2.198180596668922071e+00
8.111843174047557170e-01
-3.190206633727659113e+00
-9.840091794498526667e-01
2.325686617446791615e-01
5.177071397695920396e-01
2.144340532244354947e+00
-2.455313196433888123e-01
1.899596344508917234e+00
4.814252733084973812e-01
1.515599832960959681e+00
5.516581943741982741e-02
1.257420755516056587e-01
-5.844947305636889467e-01
-1.379345459713772204e+00
6.548681373777984760e-01
5.357511401559538200e-01
1.057997647744062242e+00
-2.614223228041860914e+00
-1.815722708612449665e+00
-7.378728782603785064e-01
-3.736503726842972384e-01
1.313416842846795163e-01
1.529114953935382104e+00
8.190369016579310824e-01
8.126846589506886431e-02
-1.194135186165646623e+00
-2.453099803108219845e+00
9.402656884448301611e-02
2.469334855628336101e+00
-3.385078883790031412e-01
3.893249659533797313e-01
-8.666994265573340073e-01
-1.167369365094819145e-01
-2.800692347897536294e+00
-4.771675317079582257e-01
-1.012606936165001414e-01
3.437679719341648621e-01
-2.533895161578384680e+00
2.324514333150460743e+00
1.866258511000400411e+00
-1.680491075556538760e+00
1.045332842380942040e+00
-1.316118776006618418e+00
1.022546567776537074e+00
-1.021229066010117315e+00
-1.369163825862966810e+00
1.888335921464413758e+00
-1.464251548637101052e-01
1.653685697236824126e-01
1.478251350559052213e+00
-2.157414547003710936e-01
3.612904208678200391e-01
-8.485922831681493861e-01
-7.254345903728047773e-01
2.373925864533057428e+00
-1.529252750518708126e-01
1.360673548010860046e+00
1.357382967189826317e+00
-1.680182332224170239e+00
-2.330833226862267793e-01
-1.087965477022975413e+00
-4.133347051530398275e-01
-4.782103814614160342e-01
1.032390540610555796e+00
-1.418935610742217079e+00
-6.824955287174878649e-01
8.304044218214450268e-01
6.652990648043575206e-01
-8.953786212789021093e-01
8.467357636795398435e-01
-4.983899246840506336e-01
4.359239805331158735e-01
-1.967451324083588471e+00
9.153180525796544842e-01
-1.749974300499257840e+00
1.991236678641534752e-01
1.281625791138850445e+00
1.158694340924021127e+00
-9.958007246834705839e-01
7.951794068145643379e-01
-2.116197537385167582e+00
8.908010162035493451e-01
2.901057615437476755e-01
1.944095325219006298e+00
-5.832071693192037998e-01
-4.309264393093146239e-01
-2.031306910926473641e+00
-1.270448286297025220e+00
-7.635761679953931846e-01
-3.778245108036486499e-01
-1.949402259513651092e+00
4.453846572491082512e-01
-2.102398671445240286e+00
-1.543055505500785518e+00
-8.004651865995660032e-01
-2.989577882125580288e-01
3.450703686320997221e-01
-2.528053789825151831e+00
-2.077051589387443720e+00
1.299721999994773114e+00
2.004052634092277074e+00
1.737370715861485948e+00
-1.697105843159686600e+00
-6.560381270035300361e-01
2.583466253300996662e+00
6.621718174593667072e-01
-7.825034306987364019e-01
-7.402263373199513552e-02
-8.611429892675177555e-01
4.722284308336544001e-01
-2.047647511787348051e+00
4.751001115238526751e-01
5.362447379468173736e-01
2.257592615619463672e-01
-8.836377025148420827e-01
-8.047813740349409883e-01
-1.847796320989389951e+00
1.817164017857822778e+00
-1.467115496897299032e+00
2.782227270418225373e+00
1.422425660574773154e+00
-1.714153754849883526e+00
-2.202831889974189217e+00
7.439199764607327126e-01
2.538641387137747785e-01
-5.394155069031949523e-01
2.274062047631648653e+00
5.115349192237381715e-01
9.003195899283067405e-01
9.562827485770846181e-01
-1.400442030493760370e-01
8.444572182145826389e-01
7.874763203188583915e-01
-2.293290828852025953e-01
5.317447701711355279e-01
-9.021424169925502667e-01
-3.430804233426520966e-01
2.269110262964028735e+00
1.423768816476201238e+00
4.599642535353449802e-01
1.340791412084367806e-01
1.765181605084656269e+00
2.999394105906318941e-01
-1.984149382496990022e+00
-3.350649257787177149e-01
-8.643524215364468688e-01
1.769957547966241052e+00
1.525893045606974141e+00
-7.617572485972692320e-01
-1.491622930250864343e+00
2.463485493304606422e+00
2.731943431116626186e+00
2.395848445363767176e+00
9.187190118871164657e-01
-7.348941544164055983e-01
-1.222045094974824497e+00
1.396325166858119360e+00
-3.239564804605805648e-01
-5.400540156499333833e-01
-6.709926770368559446e-01
-2.111281995073079898e-01
-1.474043578818633016e+00
1.231117497689471207e-01
-1.844953012623662403e-03
2.814388555693057015e+00
-1.870467993538582618e-02
-2.526883013460676786e+00
1.130662122331522745e+00
5.649116979606461086e-01
-1.205300148654008474e+00
1.796291255226725170e-01
7.376900716289380711e-02
2.262899530234854240e-01
-1.904795093070919876e+00
-1.181803076163170374e+00
-1.592354734975037100e+00
-5.638041258668025080e-02
3.762648181707444195e-01
4.349303017736350085e-01
-1.239564478255386959e+00
-9.170305140813734823e-01
-4.482064075592084862e-02
-1.334282959971941906e-01
-1.359073709616527736e+00
2.340250938266521530e-01
-1.405346618497388178e+00
1.069883224861585269e+00
1.122919762630852247e+00
1.343289592223486650e-01
1.466910901769490572e+00
-4.894465257970441741e-01
7.584998696386957562e-02
6.898327142403175571e-01
7.200368210110408285e-02
4.709954181929454364e-02
-2.707067459519857167e+00
-1.219355190367519270e-01
1.363233158444683291e+00
-9.585702761075909351e-01
1.370528562150505891e-01
-1.004724849418866306e+00
-2.726321201606621170e+00
-1.949075352028346586e-01
-2.104598279345564205e+00
5.904327984381119165e-02
3.080844281439501842e+00
4.458891458685032561e-01
-1.614772742127920768e+00
5.996263525411249518e-01
-1.156448002239534034e+00
2.023850236972375427e-01
5.871776286641594567e-01
1.439533211270875412e+00
2.125345874130848856e+00
-5.151445619747461180e-01
1.499471520088740739e+00
-1.473076966459381243e+00
-5.957289409505488464e-01
7.821048241179884286e-01
2.600257420053582180e+00
4.116349410761310779e-01
7.936145318653187175e-01
1.147585477638669360e+00
-5.626385704900283002e-01
-1.328221220745531284e-01
4.273484316337219369e-01
-6.354750362915257966e-01
-8.058310337860952188e-01
5.451187564931716523e-01
-1.010369567487421349e-01
-1.036546793071521755e+00
-1.192614440269375020e+00
-5.676684245752285918e-01
-1.670433950920479749e+00
1.655026317398075264e+00
2.047954584193054650e+00
5.133666110115511216e-01
-2.330988375413532765e+00
3.910339461338585565e-01
-2.306287441303780383e-01
1.749757604478855200e+00
2.397059633957763225e-01
-2.224457733157269246e+00
1.927623032037568684e+00
-5.999158300729057203e-03
-2.144702378332037362e+00
-1.529726582044887984e+00
2.196915507279387114e+00
-2.215673728351989169e+00
-1.550111361170409374e+00
2.744946204905556186e-01
1.623217074120892889e+00
-4.535611869575673083e-01
8.643992252369621099e-01
-1.583726417865565228e+00
-1.726300507944686480e+00
8.971720933953086785e-01
6.416043461372389345e-02
9.284700330472084318e-02
-4.207414334666772504e-01
-5.822290992476419902e-01
-3.585219841977336230e-01
-8.181995831711379452e-01
2.055126815409503926e+00
-1.811513243013860297e+00
1.721959844080681812e+00
1.624420465347221842e+00
-9.273483548753498340e-01
-7.858852527171880098e-01
-1.753400661677773087e-01
-2.100198843989723230e+00
-2.311960174620705910e+00
1.228936877414104956e+00
-2.612903339504111688e+00
1.253034239821722018e+00
4.226575331417325998e-02
5.531233285293390978e-01
9.704945168603806849e-02
3.503917639510838455e-01
7.965244528392076973e-01
-1.358937188110600047e+00
1.865396898520391034e+00
-2.811923290755143245e+00
-1.699905374807929803e+00
-1.773815977143297751e+00
3.921050310967419961e-01
3.442843376321498283e-01
-5.378970612659053074e-01
1.601428049999199743e+00
-1.317977477164738342e+00
-1.935780391032171366e-02
-7.897243223410406188e-01
9.150251444830068692e-01
-1.376988229933019170e+00
-7.083615791189359356e-01
1.958008804607185738e+00
8.867809291085819723e-01
-8.100461599624377840e-01
2.672040790289118561e-01
1.929141340191657505e+00
2.279604611707854112e+00
9.996069920828265509e-02
-7.938821180005319889e-01
1.231049921412168402e-01
-1.423961467359191602e+00
2.069521547186194965e-01
2.095105347493229075e-01
-8.771349321502377450e-01
1.492515737493640415e-01
2.862009376493119817e-01
-3.237357317388784850e-01
-7.601588697318959476e-01
-9.053049960229966331e-01
8.228933805802229884e-01
-2.340056274833857142e+00
1.124421380864211173e+00
7.572688263882021431e-01
