1.770112280821754425e+00
-6.046925118795343224e-01
-2.731853882752224294e-01
1.772927679875943241e+00
9.747113831793852157e-01
1.745697642748220701e-01
4.895031011470285520e-01
5.712312626731108622e-02
1.041788094193169201e+00
1.543148905014413153e+00
5.557693550549753780e-01
-1.537910309112281659e+00
1.008415378611550395e+00
-1.764307621203365706e+00
1.485391437138101622e-01
3.850961010257822892e-01
-2.477780665741092125e+00
-4.349183364450448508e-01
-7.964586426341524472e-01
-1.037877812512935094e-01
-5.299447910743806389e-01
6.572195341298670002e-01
-7.696844165986780339e-01
-2.765133979661564823e-01
-2.712903263277457455e-01
-1.089221866681514328e+00
6.990470910238428814e-01
-4.345930462152409746e-01
-6.530190568576585974e-01
1.390607742028411309e+00
-2.237010697807910731e-01
1.257888059139009584e+00
1.396173258429359798e+00
-7.480886532506065834e-01
-4.031172668894340561e-01
-1.020647016184563327e+00
6.172946722442018697e-01
-2.108865359634553016e-01
7.580287324128418547e-01
-5.067508403026330654e-01
-1.245283468533679549e+00
1.113048432808925625e+00
4.395905372279482748e-01
2.068229016651018881e+00
9.005376463922445396e-01
-1.550240542645821229e+00
3.425807876617481540e-01
-1.217505719193702873e+00
9.455328422524722498e-02
1.406384422210825491e+00
5.854844237446652500e-01
5.790312471008114414e-01
9.090976431538200231e-01
1.698348284663870444e+00
1.587506659685624655e-01
-8.820651921755882086e-01
7.718999115566340663e-01
2.531863184909379783e-01
-1.012697628157220198e+00
-1.669793014694733735e+00
-1.014665718736380118e+00
1.168871312420590058e+00
-7.536329080493597843e-02
8.143400453085112289e-01
1.056416640492841452e+00
-1.376151264369163130e-02
1.056838474552384000e+00
-5.226556680852452175e-01
-9.542329447305419876e-02
-1.009636458037568740e+00
1.369573227245012959e+00
5.597802735524348705e-01
-4.827477159678617014e-01
1.238982823994117410e+00
1.211778262252286353e+00
-1.378638920807091495e-01
1.840342301430476724e+00
-7.037208590970847055e-01
1.075753571359334693e+00
6.325062838976549529e-01
-2.456752013841723148e+00
-5.354067261608772554e-01
-8.812983899850168612e-01
-7.404547582851535026e-01
-1.099565166052606457e+00
-1.371101739602731406e+00
1.103104030733453200e+00
-1.348236724420161181e+00
-1.453491557852699234e+00
6.395445827769226099e-01
-1.502130925384175253e+00
7.564608109939872094e-01
-1.463028890598548237e+00
1.024886286025919802e+00
4.510879831503213921e-01
1.260612992582829328e+00
-2.646529920223370524e-01
7.556955169528727367e-01
4.804393628525893689e-01
1.283578674484617821e+00
1.353127587401524501e+00
3.218289017344311276e-01
4.519521312673635549e-01
9.111739681310044858e-01
3.780339660017411063e-01
-1.356316203646628082e-01
-3.172485600012082685e-01
2.027381746122536299e-02
-2.957816589303892130e-01
-9.912049019399704619e-01
3.849372975848632805e-01
-9.389170535612256785e-01
1.428226655319331684e+00
4.889527428184159419e-02
-1.853190661065040601e-01
3.437658688868827639e-01
-2.005356347706915177e+00
-6.653351125921469489e-01
-5.361558932261063504e-01
9.323299335476082916e-01
-1.469399166645894983e+00
-1.522191827976050682e+00
-1.013875044503375733e+00
-8.758067528669286617e-01
6.347283311019946694e-02
-7.376059032859032527e-01
-5.316597504566846766e-01
-1.790692796596911052e-01
-4.925920520579314399e-01
-1.303442182212268818e-01
4.569226415440308386e-02
8.799084487625394857e-01
2.476640852251605907e-01
5.831333959952544888e-02
1.384978578393263327e+00
-5.453493110849416681e-01
5.176552190570751222e-01
-5.541058842622579306e-01
-1.465073961519580692e-01
-2.085138659455751942e+00
-7.716785924089784032e-01
-2.076629883553282596e+00
1.202271135624134679e+00
-6.388651965877647498e-01
-9.147486273035143611e-01
-1.917193551070495161e-01
1.377819001672468957e+00
9.278862444936315512e-01
-1.070932052675535484e+00
1.913241967495586948e-01
-8.265811361231643062e-01
1.864972949183378859e-01
7.309039496645821643e-01
-1.367389726305283659e+00
2.998325877052998578e-01
9.244768319519440780e-01
8.657686652447615927e-01
1.933479740608703423e-01
-3.058237826084466704e-01
2.428770491624572259e-01
4.338388017993102252e-01
7.637972384381281898e-01
-1.952203316501535113e+00
-8.951021178344022999e-01
-3.644218213336190004e-01
9.208351213607981478e-01
-1.484194528437849492e+00
3.965614548700200359e-01
1.583239484952532194e+00
6.720527215031317780e-01
-1.074321552891240650e+00
1.058128214858466976e+00
1.116903469286595119e+00
-3.984990535362440411e-01
-8.734704845953089603e-02
-2.489469549887219912e-01
1.071560668246115178e+00
1.886323855137482575e+00
6.754126057915570414e-01
-4.490880912158310423e-01
6.497340123830905867e-01
-9.145287948460634198e-02
2.502255727863751389e-01
1.984537402512378534e-01
-7.200349654206634753e-01
3.051929731680107949e+00
-1.463155502460653068e+00
-1.101899907785908184e-01
-3.259001934458121141e-01
5.674041025237110958e-01
-8.919966079055798858e-01
-3.490731867703713576e-01
-8.530693115931953230e-02
-7.659576584708096547e-01
-4.095017483899550115e-01
5.958518608214005141e-01
-2.160048334830699801e-01
-1.178898933502261492e+00
2.817841363285920053e-01
-9.901520506558743051e-01
1.106349961196919196e+00
5.929078531610878500e-01
-9.204949583881605335e-01
7.095133295083568825e-01
2.210154811394138719e+00
8.463074374154411217e-01
-1.629591435356184448e+00
1.805216308064530040e-01
-4.958026799956201103e-01
4.319762041101586902e-01
5.574099448039016025e-01
-4.373516827017551734e-01
1.116930612762433661e+00
-1.709964980671019319e+00
-5.932766133164131261e-01
2.632650678053716220e-01
9.146216227514081254e-02
-3.517554706513008611e-01
5.133127172662828031e-01
9.653906002188703539e-01
-1.647156046072169033e-01
-1.438677205703907447e+00
7.118845547858132505e-02
-3.474391137962129505e-02
4.283500601462986168e-01
-6.902100968685953575e-02
9.029092942196115246e-01
-1.247392240800955232e+00
-7.109169489204845149e-01
-1.786258863875065384e+00
-1.686415620664014625e-01
-1.730080943080638534e-01
1.227612513606484157e+00
1.283765777475025516e-01
2.203897069996990865e+00
8.423506260113535760e-01
-1.146066245466229816e+00
5.626924381521440921e-01
-1.815109828446009210e+00
-6.739026848565199401e-01
-3.317421140100744736e-01
6.191864978297871858e-01
1.158735044958598692e+00
-5.920852698269722936e-01
4.920547632600600352e-01
1.213922287838810732e+00
-4.415218201379937923e-01
-1.775667574983227581e+00
4.446353628963608529e-01
-2.457608221775730684e+00
1.083796546275839212e+00
-5.433587344243751005e-02
1.056412973936310173e+00
1.220177467954580486e+00
1.096401615036944222e+00
-1.912136742110064347e-01
1.006613248111172254e+00
-1.658780138884181632e+00
5.800089397856487139e-01
1.450948396707207877e+00
4.111659006128256522e-01
2.844626551230513556e-01
-5.438591883757677437e-01
-8.284573538359767397e-01
8.654488862683864525e-01
2.005516863675662620e-01
-3.275568222915561378e-01
-2.304511088266112395e-01
-3.980722291110270206e-01
-1.207527961557563589e+00
8.656997083908413160e-01
1.047953524860126606e+00
2.046854382364906577e+00
6.697919910783767250e-02
5.423600678124067542e-01
6.226077939254173188e-01
-7.694926426254191654e-01
-5.658516668581068387e-01
3.061946241620860931e-01
8.325930075050411716e-01
-1.716137361794531913e+00
-9.871107577229096819e-01
8.675511414145740119e-01
-9.711109620508837637e-01
6.190608820961536196e-01
-9.310469205099947132e-01
6.461219322250215669e-01
5.088009253709033786e-01
-1.549821504544581785e-01
-5.277057804688070064e-01
6.202344672399000558e-01
-1.392598373200217843e+00
-2.472690323049855365e-01
-4.394643167846004062e-01
-1.037350427746414283e+00
4.797301858542635244e-01
6.178720173885121625e-01
8.807204516065390010e-01
-4.395181734940978302e-01
-4.215540456959967486e-01
1.603923571448042651e-01
4.066141487045857872e-01
1.556619528389370899e+00
-8.366816348553935967e-01
-3.602663429902950298e-01
5.497953535273136794e-01
-1.340619187304326054e+00
-3.119788191182273351e-01
-2.761634475835919034e-01
1.351430805488824660e-01
-7.259181678259984949e-01
-8.656249816538270636e-01
-1.025265859095534360e+00
8.017708254851729777e-02
-1.825337070262815331e+00
-2.477762959212803651e-02
1.977138426329005938e+00
3.922899730982054578e-01
-1.712041448966754587e-01
4.488297216973240467e-01
7.894698782894096212e-01
-1.615227330237978265e-02
8.011682454217634586e-01
9.174132576121980520e-01
-4.177245606155022273e-01
1.624276145401790217e+00
-1.202411664569853933e+00
-1.410058434496134439e+00
5.493070683337588633e-01
-1.580178420984967858e-02
1.316492337394570278e+00
-5.039991816569040495e-01
-6.057377205797305209e-01
-3.885015334380161889e-01
-1.704712821038972148e+00
-5.185166480222944685e-01
6.586219092958645049e-01
-3.513965160729650705e-01
2.933246992858959956e-01
-3.360730862291383403e-01
1.533321993493519386e-02
-4.256636437270815421e-01
2.499933678477308518e-01
-7.785452688983616198e-01
-3.752844512828179546e-01
-1.625471098997279373e+00
1.121438629050389935e+00
1.274508554566077478e+00
1.442147398570861938e+00
9.512389890651355984e-01
-5.225192602969954692e-01
-4.559949553131019684e-01
1.760641518565318364e+00
-3.590336281356574233e-01
-1.037497583687985170e+00
-5.759652877863654652e-01
-2.858134252448625290e-01
2.000068530119714083e-01
-1.284130275593149406e-01
8.768746038845387503e-01
-1.325538828232462052e-01
-4.717681852870043713e-01
-1.766235921282772736e+00
1.671887772282190099e+00
3.798545269971320693e-01
-9.124089726187021299e-01
-6.850361383062715248e-01
1.521847775034240513e+00
1.106439967241824363e+00
1.202200177834029660e-01
-7.972857166186573252e-01
9.570187619763546039e-01
-4.184248720161942714e-01
-7.373359165373685187e-01
1.891159837922396392e+00
9.199249108607965297e-02
-5.616428687533518982e-01
-8.107380434490680798e-01
-5.242807920247507525e-01
1.032909887607047494e-01
8.900552839679498618e-01
6.796688796301548763e-01
3.553442769014552027e-01
-1.250037650181843318e-01
6.067198896061762881e-01
8.178718180320903031e-01
-1.612425792896869936e+00
1.745076309801429915e+00
1.902411398514889385e+00
-3.160597157306437310e-01
-2.708776202339988615e-01
-1.384173406955981456e+00
1.506869748255858177e+00
-1.411189947629107877e-01
-6.129269398047778594e-01
1.126464971087689726e+00
-8.770486609410088619e-02
-1.228351141114528033e+00
-3.339817721005458040e-01
-5.680988509073294779e-01
-5.640880887855459491e-02
6.051888240167988542e-01
1.472823458079686176e-01
2.139657334827527180e-01
-8.061570917524605306e-01
-1.917150655369477263e-01
1.055262663092904063e-01
-5.290579620256634641e-01
-3.560778729458222713e-01
1.427421543411484528e+00
1.284359202085201268e+00
1.013794762118314097e-01
1.385550248038489585e+00
4.471361289783715165e-01
1.406579448265846466e+00
5.403396447886379406e-01
6.638819984200985402e-01
-1.973724016856779784e+00
4.701973153320748722e-01
-3.489275975603387536e-01
1.211856614186618941e+00
6.626227961001855959e-01
-1.581376087843981981e+00
2.906255908570267721e-01
8.231451842465711266e-01
-4.522961319931066981e-01
-1.597711305375107749e+00
-1.781594428785115980e-01
3.328805944295130104e-01
-1.168827165958271408e+00
-1.761346374668724124e-01
1.341023135016770063e+00
-1.337173507650488702e-01
-1.393506805523321734e+00
-1.274979475995983158e+00
1.048834304862184652e+00
2.426638600204498175e-01
-3.111392621489290633e-01
-1.274739272092799691e+00
9.933353766790142814e-01
-4.870676137209972723e-01
-2.472206943292505343e-01
1.201680427955704289e+00
1.955740708365816261e-01
7.765515830161628941e-01
-1.697635183707006945e-01
1.492376505857913038e+00
1.405354692503594904e+00
1.684342818748476134e+00
1.402807657682938469e-01
-1.624926964245810179e+00
1.915611361227886889e-01
1.408843003272379768e+00
-2.752433266000160472e-01
7.574998379536248549e-01
6.285327830165705620e-01
-2.875573391434889103e-01
-8.595376231379923126e-01
-6.448441675161831199e-02
5.336293993259300095e-01
3.311610304912129266e-01
-9.466880951629672580e-01
3.247469048242574985e-01
1.990907946193543054e-01
-4.244688367494928727e-01
3.643487181174895895e-01
-1.640655488747716717e+00
-3.501298320098458206e-01
-2.987357960747401009e-01
-3.091851364072848440e-01
6.038548168854553921e-01
1.460096213639547891e+00
2.156654636441910355e-01
-2.001145270649844488e+00
1.053015968250701206e-01
-2.389540932167735221e-01
-5.397733446814694247e-01
5.896802350258720793e-01
-1.407220882944341334e+00
-1.433932258639361912e+00
-1.294649202587567771e+00
-4.329437945950722622e-01
9.693442390220408100e-02
5.881981836197294200e-01
-1.051911136121975510e+00
5.666089298919807504e-01
-1.314635085785287316e-01
1.192665933709900372e+00
1.283354669397811065e+00
-1.413644930450606907e+00
2.360126017832131495e-01
1.458827701289189704e+00
-1.463520395278825603e-01
-7.418727696775473390e-01
7.635581751094040470e-01
1.810033909343031766e-01
4.592247712080244071e-01
1.307097844422877131e+00
-6.725513848780693138e-01
-5.380161222907018370e-01
-1.624628708971194158e-01
-4.919750891755052535e-01
-8.142668167529789613e-01
7.274625337397830904e-01
-8.754985855230410507e-01
-8.777929415715179928e-01
-9.240828458818297619e-01
5.384739600968426743e-01
-6.745861294336190639e-01
-4.760870542749211509e-01
-2.927317159672515601e-02
-7.370065742684595023e-02
2.961191895418799902e-01
