-9.465039074224250726e-01
9.844686466206198361e-02
-1.005141253522107814e+00
-1.328353409193816503e-02
-8.619606260275460841e-01
1.605880993872190743e-01
1.330986894263812559e-01
1.052687811658941541e+00
1.732302475081475279e+00
6.630165590311740687e-01
-6.807023496116704209e-01
-1.330086039716657176e+00
-8.739020421003704797e-01
-2.140899831098741490e+00
5.674710915864924488e-01
7.547149334089864325e-01
-2.031836430733440224e+00
5.430039413826781569e-01
1.743339078157840838e+00
9.127614144645468386e-01
1.549144260092132797e+00
-1.034214394212128241e+00
-9.922162776057019684e-01
1.840866988060757770e+00
-2.257443938197540412e+00
3.404753202945220991e-01
1.936726101691870205e+00
7.305474288991540277e-01
-1.842742793408601365e+00
-1.034291018189934519e+00
1.805049703089547819e+00
4.143975120568850201e-01
2.194011564336610043e+00
-2.876193008159888098e+00
-9.144464350500776106e-01
-2.631573490251631675e+00
-1.562541546201861031e+00
-5.040105454162233656e-01
6.119137884425072116e-01
1.950903960447236685e-01
2.368888267600532060e+00
-1.460445681170083887e-01
3.440935406660184270e+00
7.139360593285148937e-01
-1.545027004799749193e+00
-1.605714526498571715e-01
-1.577977916259023061e+00
2.870066481208173315e-01
1.744378052963391212e-02
7.678408513894297016e-01
1.478473647265920121e+00
9.084187347424208525e-01
-2.816013312526717272e-01
3.959791552677662807e-01
8.717405674261966553e-01
6.269301217182610131e-01
1.693544996410743408e+00
-7.432184612477055197e-02
1.252461140514671278e+00
-7.588360634109578839e-01
-1.846817189184601915e-02
-3.872010894861404040e-01
2.579081006092831529e-02
1.424591954960352069e+00
8.460342567146916792e-02
-1.444341539920609208e+00
-9.360719157970835980e-01
-4.776137333808447849e-01
1.220168195321979177e+00
-7.068348664583128382e-01
1.164349329812035094e+00
-1.647177182466073475e+00
9.033323392668464180e-01
-7.425093026015971986e-02
1.150840959517090312e+00
-1.824232183412576092e+00
3.600416708110094177e+00
1.121595201377107998e+00
1.187301170461267041e+00
7.169198833914443014e-01
-2.042511100032609939e+00
2.187104348289734546e-01
-2.983375495102805086e+00
6.277360394582807146e-01
-1.026262901481500123e+00
1.805009385434761526e-01
5.172891368288272673e-01
-7.547601922383542217e-01
-7.743823561252582977e-02
3.120292364878700653e-01
7.888128012353723406e-01
7.970930973736223280e-01
1.113234052827829501e+00
-1.569337036039214262e+00
-4.634854767338500992e-01
-4.087922959735337258e-01
1.104473697903014084e+00
-2.698939520761181043e-01
1.359354176843512008e+00
-6.013893827392422509e-01
5.460758137986641003e-01
2.831026398340732442e-01
3.148179665446990683e-01
1.048861799390876648e+00
2.581264824469286623e+00
-1.512445531247508246e+00
-1.272220685445049071e-01
-2.510003869637158491e+00
-1.302609489470908599e+00
2.960941618831931521e-01
7.969433857099499363e-01
1.088174550284351838e+00
2.626775646502387929e+00
1.992477131588596961e-01
1.745577872837333899e-01
-2.005849279707021982e+00
5.835938634053423613e-01
-2.295493374941246500e-01
-1.615315495278243141e+00
6.289399199452381239e-01
1.393208522179615549e+00
-1.810575799893491045e+00
-5.368774803395988116e-01
-1.544588212553232864e-02
-9.496663336799411326e-01
-8.817501407236285615e-01
-2.886624622868163570e-01
-4.742722403414623145e-01
-1.286294653944224375e+00
-4.148207920730415665e-01
8.864567725195104941e-01
2.414500979733933406e-01
-5.764124035111635180e-01
-1.325724225296398551e+00
1.162805008681719876e+00
-1.305520178013862775e+00
1.962701387190417535e-01
1.353089050383946557e-01
3.104200313346332507e+00
-3.943927430157270209e-01
-6.735822683115273435e-01
9.924447049353481987e-01
-1.348447126797533979e+00
3.251687170350381351e-01
-6.939445591911521660e-01
-9.257172652843665972e-01
-4.632084990469227392e-01
7.683344449811553289e-01
9.461675867601098133e-01
8.642878118222627748e-01
1.038450376263532426e+00
-4.488800730953492746e-01
-4.589267751492451808e-01
-1.581560271981992116e-01
2.457396772541256880e+00
2.156026471879566309e+00
-5.612030480122491838e-01
1.731126826427001220e+00
-5.349865569778060603e-01
2.468330941395651124e+00
7.667547801894318837e-01
1.369732658943690673e+00
-5.814281799722378352e-01
-1.586279648676137910e+00
-4.968149987577348270e-01
-1.682358780779900975e+00
-1.156895489267219190e+00
3.348295809887886776e-01
-6.737612394921734804e-01
7.430372127750448641e-01
1.545329769462774117e+00
9.081109398360496243e-01
3.232217731353134837e+00
1.827404603801573657e+00
-7.018702321575451819e-01
-1.085045574794670120e+00
8.543201026565014899e-01
-3.932444051431298604e-01
-2.678424662065479467e-01
7.690021752402023125e-01
1.920190733204742983e-01
-4.763440155249476504e-01
1.423864351477014623e+00
-2.797892947185420809e-02
-1.467881010130084540e+00
8.898165513807887450e-01
1.577092343831036914e-01
-9.709223095118204583e-01
-1.843022098372788520e-01
1.275236692613730405e+00
-1.940410609072762416e+00
-7.662603994162298093e-01
-1.739262450556235962e-01
-2.853237501470298199e-01
1.774221593128483043e+00
-3.272838764149739177e-01
1.113480219903868473e+00
-1.868171302644240583e+00
-8.077618596538229667e-01
1.103971292091951995e+00
3.568661760211551126e-01
1.818450680711279688e+00
-1.141896980816614615e+00
8.097242579848416000e-01
6.707747338637402024e-01
2.832171478433167522e-01
1.021347203614837440e+00
-1.793126156269091886e+00
-6.314181253368804647e-01
2.309650770922808682e+00
1.066317644378454332e+00
-8.430209716792091967e-05
-1.036250170113639513e-01
-1.534720296022877850e+00
-9.228207779821779866e-01
-3.902564312675727010e-01
-8.014929561394179558e-01
-3.033710392794439770e-01
2.534774033796871606e-03
-1.469171130822908289e+00
1.714418961377024431e-01
-1.178236586131874652e+00
-1.272663407253614043e+00
-1.229423512236750948e+00
1.135665327730719376e+00
1.036833773509285628e+00
3.524001460720686651e+00
-1.635288111286025803e+00
-1.069305478814684740e+00
-4.090619100879955283e-01
-2.359181579864291223e-01
-5.110507172681408861e-01
1.198665175133536209e+00
-7.089311196104048918e-01
1.243405881789534817e+00
1.799133518298827283e+00
-2.708285069349374297e+00
1.221535411758868150e+00
-1.631451717254162936e+00
4.659858399858309852e-01
2.097668811102496811e+00
5.392128690655129120e-01
-7.212908592917033346e-01
-1.146251825635274280e+00
8.255134969320998550e-01
-5.183283929568629489e-01
9.254585323532102947e-01
1.370823600166330536e+00
-1.619489264479378576e+00
-1.220505023462164829e+00
6.232877219231669486e-01
7.069842877679013426e-01
-1.443346651540597936e+00
-7.309313859266461932e-01
4.480733009294732838e-01
2.068674958484325366e+00
-1.064551155104944247e+00
8.143441015756982537e-01
7.886262966473180924e-01
1.602035322756036884e+00
-1.187503517031935463e+00
1.377564416727103946e+00
2.204990987527910562e+00
1.698763386650847806e-01
-1.592583879398711488e+00
-3.004971191339805170e+00
6.138841111752153523e-01
1.126632832521857530e+00
-1.310451900462265673e+00
-1.096947178832385905e+00
9.404821127124041169e-01
4.523163425022307393e-01
9.035889986653504735e-01
-4.077833274559026222e-01
-3.420253734931462120e-01
-1.484331166946613934e+00
6.804231859885785383e-01
-1.510022778001688160e+00
2.178986220423696274e+00
2.385155989266527499e+00
-9.086521032349326177e-01
-2.095932595100568729e+00
-2.091853799924620727e+00
-5.927943281059455671e-01
-7.766696223620082051e-01
-2.467246498355189388e+00
2.786581779751085008e-01
5.689094518908230924e-01
-7.981168654907415672e-01
4.085355756699886598e-01
1.045545250199353404e-02
1.161856917228057284e+00
1.472029609534564187e+00
-2.916536865027534731e-01
-2.033470636476132576e+00
-2.815605916394439134e-01
3.707990475361473415e-01
5.990898716350434583e-01
-2.345786615457878810e+00
8.152134799612067440e-01
2.656916174139338338e+00
4.831039432635275688e-02
-1.221198802494205538e-01
-1.203590678651185186e-01
1.089423907254149171e+00
8.819102937653768848e-01
-6.157999623761956087e-02
9.389644487068702361e-01
6.333917797556329887e-01
3.628936616703430929e-01
1.724152532550080608e+00
-4.438675735333763583e-01
5.160177436517869864e-01
1.397094066433095527e+00
-1.103122503896002193e+00
-2.132683853738113200e-01
4.552963030380174914e-01
-3.989426198258083645e-01
-8.919932349490933277e-01
7.375735708586024231e-01
-1.812936798164728192e+00
-9.447578370850067131e-01
-1.499489632202068989e-01
1.508752588286156104e+00
8.683592873825105585e-01
2.405279991485422819e+00
1.530091586156434147e+00
1.449095960547869488e+00
-1.090828877282232767e+00
-1.380403383496717762e+00
2.081894557659536460e+00
-3.141113907284251994e-01
6.600792711218428366e-01
3.333663313766956904e-01
-8.400148123015274138e-01
-2.465845195566619630e+00
1.671424898205246201e+00
2.688747242938748450e+00
-8.527720335437383170e-01
-1.067513966794770841e+00
1.247004021877271995e+00
-1.150184854540290402e-01
-1.699928431277850649e-01
5.438506489274441691e-02
-2.141748023144547375e-01
-1.575997275951421805e+00
3.008813426764493926e-01
3.697819953225112144e-01
-1.224432604856797724e-01
2.292848871007797662e+00
-1.744355180305298791e+00
-5.747797371809308942e-01
-1.496191602021048617e+00
-2.155770924156424684e+00
-5.834646116762094437e-01
-6.707906892650372654e-01
-2.848292549135287288e-01
1.096468053324719527e+00
1.515046954249472222e+00
2.247487162429193219e+00
9.577041470611389329e-01
1.631746094388105917e+00
6.759222179801529506e-01
-4.860121574810882805e-02
1.060412217932448442e+00
-3.938584131006619415e-01
-1.021417195229883390e-01
6.663139395281998389e-01
2.709102653224393364e-01
-5.577929929422262845e-01
-1.633078342484955314e+00
-1.299968091724250652e+00
6.519496304726253300e-01
-3.227973592000212832e-01
-1.195204705717065607e-01
-2.511453577052335184e+00
1.153222568739025178e-01
9.613345094936045498e-01
7.291756991828872714e-01
-6.113802264872489900e-01
1.010236544065968189e+00
-5.337630667175385923e-01
-1.862735984045093662e+00
-2.066451406999538776e-01
-2.199673840219871224e-01
-6.504137764996649196e-01
-1.653570942059808146e+00
5.614359861208502167e-01
9.951960022269048523e-01
-2.227449924688187366e-01
-9.246975243446176052e-02
1.116275240382098133e+00
-9.397785379856626875e-01
-6.960071311768807334e-01
1.578702736226185621e+00
-7.447895620494895397e-01
7.478886444943526612e-01
-2.084409684972259313e+00
1.834356377559047679e+00
-1.061190289960999067e+00
-7.126330499571533750e-01
5.942615685682604010e-01
9.004668573378085128e-01
-5.449571416867158291e-01
-2.425922756329030872e+00
6.569865421451916987e-01
8.144994983435269731e-01
-5.210261864465639547e-01
-9.326748818746910530e-01
-1.738322786679074028e+00
-6.731518501284954326e-01
-1.522613728510672004e+00
2.565118321190501760e+00
1.259472277559079423e+00
-1.120776535791583317e+00
9.675576550746569637e-01
-5.132115010460003290e-01
-8.089344972029524072e-01
-6.166298660410980403e-01
4.147515113076938320e-01
1.485323535484759816e+00
-8.363930402254364793e-01
-3.575660096489450268e-01
1.517188493301429020e+00
-4.288033763320306946e-01
-6.313570038035702936e-01
6.474432505069751542e-01
2.070950282083670047e-01
4.003960346089385780e-01
-5.136477652627071677e-01
-3.336954441941966110e-01
-4.573475730177731791e-01
4.412789415555700145e-01
-1.385401705723904975e+00
-5.185702965603100623e-01
4.839974901906174409e-02
1.158051540200633944e+00
1.409425794518242014e-01
4.509635734722881040e-01
9.809685877425415867e-01
2.962586833274078124e+00
1.105104774129681999e+00
-1.250200328261347416e+00
6.810107774812790282e-01
8.224511206086502213e-01
-1.193864425911263627e+00
1.846621244841621490e+00
-2.826442788176484200e-01
1.027703627171647760e+00
-1.639806063092006827e+00
-1.308228138908396065e+00
3.090507922388008311e-01
-2.369553886224500694e+00
1.653324344434503601e-01
-1.182566889064514903e+00
-1.180581481497986474e+00
-4.997726471055106146e-01
-5.206020944523137572e-01
-2.732248784339939007e-01
1.258878444099034155e+00
1.875680768263695342e+00
-9.421694054189355683e-01
6.373465499312294114e-01
-9.539012420426304928e-01
-3.432236279323090500e+00
-2.060518442217498247e-01
1.444726424259591191e+00
4.713599539156030360e-01
-6.575369567770028567e-02
-1.554295881674541135e+00
-1.091210686615193826e+00
2.962199344390990419e+00
1.418775192122961215e+00
-7.229223365495878184e-01
-2.134421045527457039e-01
2.341314015789361491e+00
-2.310260045638108828e+00
-4.801688353099278217e-01
-8.260641925728480217e-01
-1.382802936058210364e+00
-9.103503313911582850e-01
-8.574495743693999472e-01
2.839205883692907939e+00
-2.342006689101685968e+00
-1.816748036793719656e+00
-1.737880529866201229e+00
-8.608727043405934864e-01
-1.796218309424484350e+00
1.885862715963186886e+00
-7.616129985419615167e-01
9.520328963964015401e-01
1.351536768212636019e+00
3.056106442376762544e-01
-1.667737867327386159e+00
1.071542213961230949e+00
1.529927901838035176e+00
-2.021414459883423831e-01
1.869697929372122758e-01
-7.866467901735116897e-01
-8.451861857605242889e-01
8.755100084136069327e-01
2.803575792575021097e+00
-7.535419762456214698e-01
3.079110365695616025e+00
-1.066152858002221926e+00
-1.107597522462195894e+00
-4.818907440451356550e-01
5.370329490545477924e-01
-4.648224459498777605e-01
4.201379699535756629e-02
1.005126767806583388e-01
-1.470573806100952119e+00
-1.109074109219090332e+00
