1.660684711829634175e+00
-1.238073538009549779e-01
-4.055776549007337195e-01
1.771457894339335759e+00
1.019046726173034045e-02
-5.140599147435489513e-01
-1.299091213015191038e+00
2.777023151758601927e-01
1.180630381498470882e+00
3.482349591472679862e+00
-4.104478978265380107e-01
-1.004486962893188284e+00
8.722633489333482260e-01
-1.949367899264831117e+00
-1.451814204534882524e+00
1.740182512379524482e+00
-1.619203625332899410e+00
1.182857087332818580e+00
-3.638896652816780986e-01
-6.220425931823569954e-02
-1.508397987442360311e+00
9.350147529270387281e-01
-6.780595259194885926e-01
5.078945081108399151e-01
8.814838062221186377e-01
-1.174162550893709245e+00
-8.183938160801460526e-01
-1.105055805885440279e+00
-1.291841759890086649e-01
6.406461361601136772e-01
-1.608708016351959813e+00
1.005323560920645676e+00
-5.403126710683494593e-01
-1.249326424805055957e+00
9.001137285882512273e-01
-4.123577755537031209e-01
-2.309742161708889796e-01
7.826057159869961311e-01
-5.141205902349543777e-01
-7.746464108811714766e-01
-1.513385530545239277e-01
1.181615208255612615e+00
-1.578301630388283527e-01
-4.140643733176059271e-01
4.307571418255218276e-01
-2.457114119669817853e+00
1.397269727181992494e+00
-5.715427960314931610e-01
7.982842881709490968e-01
4.180150963836126721e-01
8.168052178622975390e-01
1.338035957476355620e+00
1.317351388657713507e+00
2.690683385807996153e+00
-1.235163979692386338e+00
-5.291791689946334643e-01
1.457369447189771350e-01
4.027125677859437758e-01
1.132551165370445645e+00
-2.565344146477037679e+00
-2.927633985636877156e-01
2.020735066610072295e+00
-5.551516095796129591e-01
7.379898719917576955e-01
1.397313247913843703e+00
-8.923087615788283244e-02
1.665833767704116397e+00
7.538044275291380103e-01
7.070584460665720883e-01
-5.367972121280510933e-01
7.993169305890468479e-01
2.402335273196340992e+00
7.428477656871876889e-01
5.506648910589015955e-01
-9.662034169546220852e-01
1.439514484762037583e+00
2.203673939398743897e+00
1.507863440277290579e-01
7.282568410517065161e-01
8.078858758500082615e-01
-1.297456367303959635e+00
-2.220254196023008664e+00
-5.806005958055058258e-01
2.055962759262355277e-01
-7.681906210985101069e-01
-1.429655467096393462e+00
-6.213006594607692890e-01
-5.165552889472406761e-01
-1.413842395271261765e+00
5.360057811246763393e-01
-1.949197154202078064e+00
8.021493540555502122e-01
-7.457361586930391084e-01
-6.438769579745864391e-01
7.737244524574959925e-01
3.814587138125986598e-01
6.177727463339097724e-01
2.398043472292926026e+00
-9.471226938739141232e-01
-1.186610506611227578e-01
1.807448763587532703e+00
-2.466165840332434911e-01
-1.987530765695602497e+00
1.317695873923963923e+00
-9.421116844225227993e-01
2.922263666212376876e-02
-4.935798822755819160e-01
1.148823867251636877e+00
-6.687081522990636628e-01
-2.173222960525702074e+00
3.302241124743243716e-01
1.700821301978461264e-01
-3.075143918201099780e-01
-3.485237229835860262e-01
-1.710434848769650795e+00
-6.534917733634886261e-01
-1.586737235987908612e+00
-2.438963093873219634e+00
7.567411808646795635e-01
1.449365083084829919e+00
-1.511985819882698756e+00
-1.271193660280447446e-01
-6.301440680294287944e-01
-1.230057100098258527e+00
1.520100301554414557e+00
5.015113500584442718e-01
-3.524064745315325098e-02
-1.226846245816612502e+00
-7.519830181037869821e-01
4.850516490195930785e-01
7.353615548848182470e-01
1.278356573185982725e+00
7.794700140072112760e-01
1.675062585815433991e+00
-1.046671785406209310e+00
1.183018701844527065e+00
-2.371520205808210768e+00
-7.361528058221518123e-01
-7.108390483446243024e-01
-2.637361590092313968e+00
-1.779080979865108159e+00
-1.367724340618959644e+00
1.980447949502429417e+00
-1.468695357839253646e+00
1.052186323239770793e+00
1.592597279513543462e+00
1.110026853701196359e+00
6.564400168633097721e-01
6.780217203235094914e-01
1.280183131667975260e+00
-1.876454154626424398e+00
-6.838584744512834490e-01
9.362662404525190496e-01
1.027914827722920421e+00
-3.578084582270975034e-01
2.658242288948464704e-01
6.323935661556632226e-01
-1.029822103544640655e+00
9.053785005644083839e-01
4.616205991305708523e-01
7.615958666230984164e-01
-5.209624296788462061e-01
-1.230631763156888159e+00
-4.285718985788431468e-01
1.300976889535593095e+00
-1.048708226881656991e+00
-1.417447041656700435e+00
2.994921512957304799e-02
1.920776336391474715e+00
3.467687572682587316e-01
8.043025547098503480e-01
-3.325615893217443997e-01
-5.621678897087338811e-01
1.219308781391425178e+00
7.357149701646825690e-01
2.014439417570118351e+00
4.811040388925587052e-01
2.468388442988631581e+00
7.254097006910873446e-01
1.388655101841287376e-01
1.190083347594450558e-01
-2.257773139713172839e-01
-6.959434434198294994e-01
1.229815531209936807e-01
6.494025029911050240e-01
3.217243140208642771e+00
-1.642092487266610945e-01
6.285951069537283331e-01
-7.134514792538597661e-01
-7.696646531612607589e-01
6.406177244276580751e-01
-4.968794050405378471e-01
-2.038945173257960874e+00
-2.452553174291287608e+00
5.316568563754229260e-01
1.588097341087289394e+00
-5.773346381075050715e-02
-2.912538704179477023e+00
2.082149726405119416e+00
-1.835834991745404654e+00
-8.836861425033646356e-01
3.191133812786635104e-01
-1.415618670136070456e+00
1.169304665668743581e+00
7.522916590461186104e-01
1.341874637580322549e+00
-2.635270749152711200e+00
9.596217465743883679e-01
4.497773038538710466e-03
-3.685971879877758539e-01
-4.074084413200624866e-01
-2.263313066976238908e+00
-1.271076627161264128e+00
1.020215388440783855e+00
-1.098665093116398594e+00
1.366680018043933131e-01
1.649993996975918975e+00
-7.595275699337253883e-01
1.119411572227038576e+00
3.294274071344286625e+00
-4.483381072801506662e-02
1.363721864343645507e+00
1.950569681575977654e-01
-1.119239018773195760e+00
6.196684345505758529e-01
-1.062931899919863366e+00
1.101657820471846350e+00
-5.401722651136413589e-01
1.199369013618323265e+00
-1.422154889413467682e+00
2.680833212429693191e+00
1.715869575199395314e+00
8.519624658823818919e-01
-1.124734241680626745e+00
1.730142352076250667e+00
1.149829697311660404e+00
-9.806346380975767829e-01
-1.053364686639130632e+00
-2.427364905452597199e+00
5.096948840709742967e-01
-6.475723827391171028e-01
1.799167279277220644e-01
2.787492110538125623e+00
-7.495718460561313634e-01
1.687837324890841373e+00
1.120818057223362807e+00
-1.987384195442503110e+00
-1.773196327852107235e+00
1.236770643534750747e+00
-1.630093297562662080e+00
1.632315722117658296e+00
4.151169650791830534e-01
-4.590340718784702290e-02
1.257294750652924620e+00
-1.181067123113846762e+00
-9.541869983795505661e-01
2.061651181124897647e+00
-1.534697929901586377e+00
1.612223259352207450e+00
1.266303424506638464e+00
1.110210746805671889e+00
2.019299018394312917e+00
-1.006234396792249353e+00
-3.454019684539231250e-01
2.109479753271390479e-01
5.155461508305396734e-01
-2.095963694407778632e-01
-1.573551559809285294e-01
-5.635715579134616959e-01
-1.577484683946562605e+00
1.186119820307935058e+00
1.785013458232853623e-01
1.379994811461516591e+00
-6.826249750361705892e-01
2.009041938797146543e+00
-2.219056981456546396e-02
1.490334102717345566e+00
2.599954072576320385e-01
-7.459139550550508702e-01
9.116028156016398043e-02
-1.656441343826346113e+00
7.239449419911938577e-01
-5.553689436444173566e-01
7.672626876489552217e-02
6.197088864623889748e-02
-2.225993058010588665e+00
-6.882223533907891877e-01
1.197135008590274552e+00
1.290598857739637673e+00
5.735411196797466360e-01
5.597395438424683789e-01
-1.655611505846856346e+00
-3.342015869133510009e-01
2.720784955012600648e-01
-1.286146728551717189e+00
3.176776165624419335e+00
-2.513509524874413259e-01
2.357826368590751898e-01
1.914056874413932796e+00
6.722913646249235597e-01
-9.154211644424572469e-01
-8.101344957949230263e-03
1.230772856935850257e+00
-1.766319885568644388e+00
1.147219089079893450e+00
4.328606548438429513e-02
-6.341354895978845718e-01
-1.563733515974377930e+00
-1.975689750954234825e-02
-2.195654316118316185e+00
-1.426859458218583399e+00
1.002305405735848254e-01
1.168365306822849448e-01
-1.916278504018382733e-01
-8.291734250354343416e-01
-1.323021788725977643e-01
1.638884747768520889e+00
-8.518754380493867018e-01
6.647409475503636145e-01
-7.708016072996688450e-01
1.895062448682962142e+00
-3.347366762312535826e-01
9.530763352097570973e-01
-1.621164594065067632e-01
2.601382334930875118e-01
-1.313152478284412616e+00
-8.988762975983259906e-01
-1.485557372308884183e+00
5.863326013900120870e-01
5.407651722281370255e-01
2.869576216719902817e+00
5.350479807189456594e-01
6.612909804029829530e-01
-1.803214215494062245e-01
-1.072630494439247073e+00
-2.162503317859787444e-01
-7.279248591193443474e-03
-3.032750391040739402e-01
-2.312473918778170656e-01
-1.070776343682945608e+00
-1.627343406895769284e+00
4.401468489345958801e-01
-1.077882057640318969e+00
-2.023277945579971870e+00
-1.606629787966794787e+00
2.451722219609111519e-01
5.468733425747807075e-01
1.217098541787207999e+00
3.775422478701617734e-01
5.135877447288823561e-01
-1.510100721129616019e+00
1.335928128030098527e+00
1.064786781920350478e+00
-8.349345050008647462e-01
-1.445081666946493648e+00
1.003880616372016199e+00
4.303170178810677982e-01
-8.351027162647550739e-01
6.568518741588924570e-01
-6.367246899311318487e-01
-1.442609503389196135e+00
-9.594618406313877301e-01
-2.506109830151833862e+00
7.581061619676727759e-01
-1.240783013277369839e+00
-2.487142231102632550e-01
-1.052511684813648429e-01
3.375266061597219647e-01
7.353563771549165295e-01
6.005386783184532007e-01
6.085596033055438170e-01
3.250128474025117953e-01
-1.254338710585352068e+00
-1.079650371064788672e-01
5.018625075844056482e-01
1.275974921329698475e+00
7.492638719336328634e-01
-4.981524880681451606e-01
-5.419688210591964150e-01
5.640318941472832748e-01
2.574651465525090721e+00
1.549336567073142490e+00
-1.134201360178863638e-01
2.390438006688002659e-01
-8.759121262933451391e-01
2.781302760601325197e+00
-6.934771145239393420e-01
9.381739882697655020e-01
-8.510776888245823457e-01
-2.631028134090751536e-02
1.127257556378502557e-01
-1.203601606563413640e-01
-1.177544476743088708e-01
-4.178566659824056728e-02
1.156267696999458749e+00
2.573370789228918376e+00
1.385542229722092067e+00
5.781805649205224995e-01
1.050963573562089692e+00
-1.431493552444122130e+00
-1.614379945832366658e+00
5.310183771512715367e-01
-3.011135040458690071e-02
5.232029773892215019e-01
1.543367967148334685e-02
4.071102962838502037e-02
-2.066722903719859783e+00
1.430576812394857456e+00
1.019575197953049184e+00
-8.052179238850811771e-01
1.872421166778953427e+00
1.006691425778703852e+00
2.857676650387546147e-01
-5.542175599170926503e-01
2.083409241659690991e+00
-1.032096037760723117e+00
-9.734520656031433461e-01
-1.130250202554839767e+00
-6.533723207735597782e-03
-3.053900323368994307e-01
1.797431776039813300e+00
7.545572977689438687e-01
5.730575645900337634e-02
-1.189350384362894975e+00
-1.881137961450009222e+00
-1.856661887332247574e+00
-7.623054688819390634e-01
-1.772750319664897489e-01
-4.744188788397485368e-01
-1.527477793126692518e-01
-5.967117217790587347e-01
3.011229019295447173e+00
1.315420037366265227e+00
6.827462704517213155e-01
-1.533907167493999246e+00
1.391557646089422562e+00
7.741556557500883784e-01
-8.189510105409363305e-01
-5.025326041384285958e-01
8.634506006897897379e-01
-2.135016501625611518e+00
-6.114835283340092076e-01
5.043956509841285296e-01
-6.344793900163381295e-01
-4.392034677974958612e-01
5.188539381010954799e-01
1.298351199713447812e+00
-8.994959558429371782e-02
1.447159342251990388e+00
1.257228457631218710e+00
-1.696907381143669014e+00
9.513859253990162301e-01
1.093117190894593804e+00
2.414339555013658156e+00
3.272281278418729400e-01
7.949433940880901162e-02
-1.832790011044588496e+00
-2.427772145974511631e-01
8.038379004713025466e-01
8.867456721608357739e-01
-3.999952129626658248e-01
-2.724219901940028610e+00
1.716849345486666678e+00
1.183030003717879808e+00
2.192526358455646474e-01
1.388397183764817910e+00
-1.044188300827896931e+00
9.881352059646575370e-01
2.391066602341753722e-01
-5.597128312265446937e-01
1.809184534337474837e+00
-3.362504278558375859e-01
-7.181450370493314139e-01
-3.067529630537485730e+00
-1.731370615580054562e-01
-2.701900175337543786e+00
1.507000670325551184e+00
1.181139530517169689e+00
-2.290107803354211047e+00
-1.143580770908462441e+00
-6.560135258045649564e-01
3.866930686168981168e-01
-1.714907387336285005e+00
1.352517689364972853e+00
4.826803936692787289e-01
1.646451338448295054e+00
2.209942355775353917e-01
1.352228382722248767e+00
-4.548236047500413548e-01
-1.379737436096220460e+00
2.365730505573448994e-01
7.850626003891996163e-01
1.224895645771804098e+00
-7.115729844237037582e-01
1.090155823748316877e+00
-4.593133419600716749e-01
-4.028335051300802050e-01
1.335642748491583376e+00
-1.565515072502101646e+00
3.752355436441412451e-02
1.117963252208077130e+00
-1.099979807229489737e+00
-1.586017008045153442e+00
2.617140012681860028e-01
-1.020648831628565567e+00
2.406547496110427176e-01
-1.796450503855382408e-01
9.477880487725549585e-01
2.033112114880911037e+00
-1.333834671696880747e-01
-1.191061424413950576e+00
-1.059309091034912331e+00
-1.497017206670481215e-02
