7.801290173627961622e-03
5.931465032144922489e-01
-1.118788739780486985e+00
1.209462220213746164e+00
-6.300235903841304719e-01
-6.826567097348554825e-01
3.522947695147937708e-01
1.645555147575350929e+00
8.999079334166690813e-01
1.548359135593053715e+00
4.849201559387150695e-02
-5.296710611696724413e-01
-4.722527873446864533e-01
-1.254611149636906120e+00
-1.770443619968213866e-01
1.194793396933806484e+00
-2.261287812157637411e+00
-3.886001644131296118e-01
-4.985311261406621952e-02
-1.913218406026651053e-02
-9.213804228544510977e-01
6.776385416926871130e-01
-8.151088981378951104e-01
8.760575645841806036e-01
6.336905346871031242e-01
-8.034250798020616813e-01
2.106383888089018441e+00
-1.193243152290119902e+00
-7.932870431768961339e-01
4.620781747774094228e-01
-1.847845064711091112e-01
-7.641006313014475637e-02
1.301366502398774827e+00
-1.535974555543972109e+00
8.297045225020438508e-01
-9.515813471857015315e-01
-1.000829534815068644e+00
-5.195540730104744043e-01
2.497108885047136795e-01
-1.347209109756168033e+00
1.592503901772142072e+00
3.250903599704058067e-01
1.682697167728806065e+00
2.297800972907975137e-01
-6.078371744072423866e-01
-1.212188179051114645e+00
-1.347487879219213536e+00
9.759009251833816734e-01
1.518017898355681794e+00
1.226231111271086860e+00
2.129666346002691668e+00
3.564426347404481277e-01
-8.784084061318750969e-01
1.017215462702130147e+00
-1.020866934251365876e+00
-1.075857911412132495e-01
1.101717551181468302e+00
9.061367549516630149e-01
1.671761218830982720e+00
-1.363426796864843027e+00
2.897702142408746795e-01
8.885557958233603060e-01
-1.770525964561037391e+00
2.836915106143049314e+00
9.419658165333633093e-02
1.111663343752300470e+00
3.065657458185153672e-01
-6.555112052623144336e-01
4.594908466479443732e-01
2.678326606369818563e-02
-1.744011687421673784e-01
-3.090323400634558126e-01
9.997061089006447077e-01
1.655676074812594933e+00
-3.776181851502116160e-01
-1.280999032962816031e+00
2.565112038740371858e+00
1.917125850530805309e-01
8.673952645891187530e-01
-1.259778150920907613e+00
-2.262394934592726337e+00
-7.388241227531331390e-01
-1.524228696455437237e+00
2.109061165049341824e-01
-6.272488663925042118e-01
-8.223091454034330283e-01
-9.673103556352442567e-01
-2.269654892456545170e-01
-7.383113917097716694e-02
1.491255825538608804e-01
-2.795245072401497666e-01
6.932959233995266146e-01
-9.668357588529890023e-01
-4.678288340789196198e-01
9.951516673837810245e-01
2.030741592121456662e-01
-2.789586935561736425e-01
3.548159802296364518e-01
1.496761955669368760e+00
1.974705767023543501e-02
9.509160496419184483e-01
-1.903496876415537997e-01
6.726237083540640427e-01
-2.707452593945367525e-01
1.289615433501047903e-01
1.609080157040176928e-01
5.170427607240188905e-01
-8.793596182529173078e-01
-9.745458903942161299e-02
-8.400464453218301486e-01
2.966440699771508704e-01
-4.924021827349882585e-01
6.154139377617191542e-01
-5.965427627529242827e-01
-1.293848044876462211e-01
-2.002791923328555601e+00
-5.730674506765609522e-01
-1.787906293920600742e+00
-1.186498544276340716e+00
9.673712702173880018e-01
2.237211945752370923e-02
-1.785354869656340604e+00
-7.544991447419224784e-02
-1.279699074439140105e-01
-2.344434042359564430e-01
1.165913724413041308e-01
2.997269470891206211e-01
-6.011279447225863493e-01
-9.453493795636545016e-01
7.195052991856041302e-01
1.677665275997101801e+00
8.108402348654228931e-01
-1.172817610540759503e-01
-4.043327484941574568e-01
1.615969933050064533e+00
-1.092456641200310052e+00
-5.518996098730966082e-02
-2.114001106493912374e-01
1.305758862366963591e+00
-1.845063325178694313e+00
-1.317622814293066824e+00
3.426033932961516371e-01
1.053701863368755376e+00
-8.403841685780033544e-01
-9.097804366061339465e-01
-8.656712757820450577e-02
6.174098604413362779e-01
1.371922100190539062e+00
1.736223145311699412e-01
5.217447764908573760e-01
-1.813026822348975386e-01
-5.571827313665043135e-01
1.244509486089136807e+00
5.016731624132386713e-02
1.375197510648655808e+00
2.369852181025410509e+00
-6.913967465638153342e-01
-2.481349174827212067e-01
-7.590582120767308538e-01
5.103312226462008994e-01
1.295595506569380717e+00
4.070976418777458861e-01
-8.602562886273945608e-01
-7.302492131534243924e-01
6.100261768210071267e-01
-1.385899232121519553e+00
-1.282833059385153351e+00
-4.471706894847127245e-02
6.132839452390115298e-01
4.237838826269380021e-01
3.895098290247043238e-01
2.821656891457440253e-01
2.539454446106801377e+00
1.249345253615684825e+00
-3.802980867586258640e-01
2.111402655569065701e-01
7.504165382011347418e-01
5.580519148970175536e-02
4.725770358500369639e-02
-1.323344889517946932e+00
8.699119572734641537e-01
-8.157958856169358342e-01
7.969252583484465191e-02
5.356672099576869073e-01
2.949612356280448822e-01
2.315182803473774698e+00
7.469814881756464686e-01
-1.606440787600031506e+00
-6.182731505835459274e-02
6.066386128160017321e-01
-1.178181567351851200e+00
-4.577908786272990582e-01
-1.296798880276627486e+00
-1.577710377441319256e+00
1.878988387265003723e-01
1.074391388248105983e+00
1.057935557840843366e+00
-1.634351477610129333e+00
6.844390592714812982e-01
-1.148826494267825016e+00
-3.707274429100255730e-01
1.383321985969071299e+00
-1.430640540598523636e+00
1.667668952583445829e+00
1.274771314903171415e+00
8.090977729135815366e-01
-1.101065600543063017e+00
2.110912072936885764e-01
-8.077829044439068795e-01
8.519889591966700593e-01
6.708695740353221026e-02
-1.328725203694895995e+00
4.240306259680082235e-02
-1.080612926455175593e+00
-9.650382802748236344e-01
4.472722689165316012e-01
3.016917395303373439e-01
-2.013133613308015768e-01
1.331525846579785011e+00
7.405963942169488945e-01
-6.324860118403101694e-01
-1.182839663044835010e+00
-7.676817993753290992e-01
-7.666763252146306939e-01
1.082787084027959423e+00
-5.659797324682394049e-01
2.327903408038904054e+00
-1.002120096393622095e+00
-1.436870153206680989e+00
-1.116995581039693874e+00
-2.119066539533269733e-01
-2.656983453580608057e-02
1.109236816840205364e+00
-7.427760075897289482e-01
1.946899961052810824e+00
2.161430232456026168e+00
-1.859111108254666078e+00
1.703114991987622062e+00
-2.216364383212434674e+00
1.432659832153113655e+00
7.224216888558938621e-01
2.525973069574849461e-01
8.082692138469695919e-01
7.726734763769327330e-01
8.022125687743724143e-01
7.847996731394513148e-01
-3.322691967517847900e-01
6.800488634539529897e-01
-4.864090978906414620e-01
-8.535597901267655274e-01
2.103692308450239246e+00
5.863658734429115782e-01
-2.003571967916385255e+00
1.348111465742313442e+00
2.816070136807660163e-01
1.279513915745744690e+00
-9.824767810709289506e-03
-9.067161803302701273e-01
1.429248714157989930e+00
2.373838236092162823e+00
2.309339706772615131e-01
1.355790471847782008e+00
5.265510580403853780e-01
-2.622868066933801146e-01
-9.931620903841826831e-01
-6.842068132042378181e-01
-2.988945655492569742e-01
1.526084435189334343e-01
-1.991267335001739802e+00
-2.722108280159654115e-01
2.907952498085482063e-01
-1.754222164714125398e-02
8.394636842620339934e-01
-4.186556966638903532e-01
-1.858262011735787311e-01
-1.017409303607195614e+00
1.480180383940354893e+00
-2.062704668107896211e+00
9.172748849772673907e-01
1.401856145091158190e+00
6.433083965461783293e-02
-1.728581273422725051e+00
-6.542973061314842909e-01
-6.660065995837447517e-01
-1.575494793131662519e+00
-1.766999208434746116e+00
1.510675030909345296e-01
1.523460869156347819e+00
-7.278949057792418742e-01
1.423744404423308296e+00
1.514686914426156328e+00
-1.825094735250480937e-01
-4.410174495667993355e-01
2.215231027438662181e-01
-1.719210610979541975e+00
3.918737625420725124e-01
1.756286802576311423e+00
1.090875973439576541e+00
-1.194794410609123503e-01
9.979891680030146262e-01
1.488784599941181952e+00
-3.593740209027949106e-01
5.289579657840697280e-01
-2.646908614292229345e-01
7.360837569983154083e-01
6.547892072087329041e-01
-2.396069634784945279e-01
-9.544450588721096196e-01
4.477967214893894266e-01
-1.595547281403550954e-01
8.079163058556062538e-01
2.722495958380335423e-01
1.230503321178769482e+00
4.613887053593064280e-01
-1.859315443781348165e+00
5.221617343759898944e-01
1.387260639905854021e+00
9.067411145161017316e-01
-1.470383288049976755e-01
-7.463010255301085749e-01
1.165985890683557180e+00
-1.789819478100724837e-01
1.162461885942414952e+00
-4.363184370233437193e-01
2.299294249377190624e+00
1.312990897593994788e+00
6.652308776681312708e-01
1.018414866568382315e+00
-1.248233562158417520e+00
1.867584364972252331e-02
2.633631088799866404e+00
-2.858211794649543336e-01
7.008160742039866165e-01
1.497042409125040052e-01
-3.046548827916062407e-02
-2.348705705403347110e+00
1.515986739535124528e-01
1.500989836285617329e+00
1.833075901011032016e-01
-1.119451253232983223e+00
-1.035203440484947279e+00
1.042244558260554399e-01
3.666089333432740460e-01
-8.816655339938543889e-01
-4.514768038032030972e-01
-2.881225075064559604e-01
1.124572159348438127e+00
8.702755070198815446e-01
-4.278590071595722577e-02
2.581352126863505347e+00
-8.706533715873998602e-01
6.365378961916592360e-01
7.713830843991154040e-01
-1.169600274476277235e+00
3.140024461904822317e-02
9.009708458233243178e-01
-3.330258922078055406e-02
-5.888810713579113454e-01
7.836939203297550449e-01
5.210657376523268880e-01
-7.081618086554239966e-01
-2.203535801913769632e-02
-2.862850241813399421e-01
1.371062185068071315e+00
-2.318545524945472280e-01
-6.669815963454874819e-01
6.465242882938015967e-01
-4.469108423277567965e-01
1.124567867705044577e+00
-6.635584314785187843e-01
-8.446734246831226756e-01
-1.138368048932312693e+00
6.001488970218593622e-01
-6.590664608394369850e-02
-2.183226203466563931e-01
-6.034329206144644075e-01
4.036281216755597256e-01
-7.522457819351480168e-02
3.367380111060960246e-01
-3.228186968733419704e-01
7.078127168698049587e-01
1.022664026271675297e+00
-6.127325931503193601e-01
-1.675004505307509106e-01
7.587954240191248090e-01
1.178575529736969330e-01
-1.858613939243924484e+00
1.985829710927948355e+00
-1.079686402091777353e-01
-2.298123573227250915e-02
1.538173764692540857e-01
5.955489912651330542e-01
1.846381386362239141e-01
2.619084290818740612e-01
1.199146077812944355e+00
-7.731498350213854565e-01
1.001723869078105622e+00
-2.079023010300526497e+00
2.384557667405164949e+00
-6.837506177915901873e-01
-5.281102070120731184e-01
4.673958835989147076e-01
-5.724155491238072102e-01
5.560861792688189809e-01
-2.124047200189249640e+00
5.283114413444796043e-01
8.096891108611714571e-02
4.129771407532984995e-01
6.771859110090510114e-01
1.072223457693048942e-01
2.804334787458220291e-01
9.366859896624131210e-01
1.247184110098398691e+00
9.005156521600587993e-01
3.666959861455199032e-01
-9.131217896269383516e-02
-9.404543920470365137e-01
-1.140499464366127924e+00
-2.506935565496899443e-01
-9.358325376053215905e-01
2.262571693966294539e+00
-9.350152094826018612e-01
-1.122765612202452079e+00
2.098757907557295965e-01
-3.712216218666846146e-01
-1.711220050683729177e+00
8.165215806138714782e-02
-2.221761873766752160e-01
9.630394508859776437e-01
-1.753757097319077474e-01
-4.785135450405046953e-01
2.694677571541013172e+00
1.659916698682558867e+00
-1.137296514965352223e+00
-7.322631843654221484e-01
-2.516978735799000333e-01
-3.248066995321394757e-01
-1.073673195323134433e+00
3.845384354051093467e-01
7.079638729523445306e-01
1.162196987764718692e+00
8.143354889708041000e-01
5.004755465199117737e-01
1.255705561692330718e+00
-2.002065611501420150e-01
2.475168018180955443e-01
1.156632571957551647e+00
-6.653292232136038820e-01
1.043162182033842811e+00
-5.307349507596770266e-01
-1.428356745808301742e+00
2.040861428576761227e-01
-2.974680418578419250e-01
6.277343047981869262e-01
-1.464386092173181275e+00
4.940350500374730558e-01
-1.123815871401944833e+00
-3.551822442145837755e-01
1.925318543320573283e-01
1.451487164219649628e+00
9.634010537464687829e-01
-1.450184221141546104e+00
1.407433493443734029e+00
7.974060497930866021e-01
-1.172418535994657063e+00
9.782468931246839361e-01
7.352484789361195539e-01
2.512784284834346238e-02
-1.043556293782725852e+00
1.596008568384839066e-01
1.646050756329806575e-01
2.751468244054970924e+00
-1.819672811847725669e-01
-1.451439189138893582e+00
1.058466728832931913e+00
1.179495197762610914e+00
-1.852365999732576984e+00
3.451310142404295789e-01
-9.551449791481108065e-01
-2.759793041026874505e+00
-6.308963729356129591e-01
-5.173417841775878045e-01
1.121326253171788245e+00
-1.475987953809024589e+00
-1.262805058646356837e+00
-8.094488769022998298e-01
1.405679748818666752e-02
9.416532421361987204e-01
1.139545360297390175e+00
-2.487347797246598269e+00
8.925088608259015288e-01
2.119601425339347145e+00
-5.604549745705798003e-01
2.689491775280448138e-01
9.568919379782041545e-01
6.051082421110702825e-01
-8.186377215969811161e-01
1.801165472498521325e+00
3.695143927885258250e-02
1.684304193738928035e-01
9.208756633232173527e-01
6.639641103564661861e-01
-7.968810314457632771e-01
2.750288989390831773e+00
-1.013301647227345725e+00
5.091525609187055323e-01
-4.160924586639840328e-01
1.197994398707197483e+00
-6.941633600169438978e-02
-3.693333731050589819e-01
-6.635121647613768658e-01
-6.578421793132358530e-01
-9.665390252463907927e-01
