1.347783511316963612e+00
9.775389313271976022e-01
1.070407548227345629e+00
-1.510592137766764154e+00
1.942909824955620479e+00
1.195324897799166841e+00
6.275042153899468289e-01
3.673016091322587329e-01
4.462200289655608998e-01
2.004951734240941974e+00
-6.815291014612299136e-01
7.458601003482989711e-02
1.145184258799210042e+00
-6.269190814398175604e-01
2.234221395898376983e-01
-1.360028563033760740e+00
-1.344552158175880141e+00
3.562620276841990119e-01
1.849301425484750183e+00
-5.549108900915786791e-01
-4.690760552012545048e-01
6.030202489332303628e-01
-7.224548944607542822e-01
9.239633942907925501e-01
2.352134692863119270e-01
-4.496767909503391891e-01
1.137994620139256341e+00
-2.786620043221930132e-01
-4.731215109849422618e-01
3.238353951551689036e-01
-4.315032862215275600e-01
4.762084534402699632e-01
1.247713662694698300e+00
8.120961362492442603e-01
1.629921707306625223e-01
-7.480326617469970074e-01
-2.190297968624479452e-01
2.072662593737009118e-01
1.808379381100522210e-02
-1.497912992572675073e+00
3.097378516913815716e-01
-4.719949777112528722e-01
-1.087117335841816690e+00
1.688045509822062584e+00
1.614029207531235244e+00
3.803236430686931513e-01
-4.692744012993843583e-01
-5.591158613258224719e-01
5.996370433725886073e-01
-1.190837687149390423e+00
-9.629479625117829400e-01
2.396582430975850997e-01
2.039361221456790219e-01
1.791140221109667863e+00
1.569127090628597010e+00
2.895425267883773301e-01
8.910970913571070184e-01
4.763542737263550819e-01
-1.789750500415396850e+00
-9.389721609965420157e-01
8.809675388519080386e-01
8.295292275282335481e-01
4.284806784791603818e-01
-5.799327447246938050e-02
-7.143608788604964843e-01
7.214551335685337463e-01
1.240974015076656833e+00
-8.766964267376646802e-01
9.156570950811362408e-01
-1.055234900915756668e+00
9.129051821201619177e-01
4.182630804870033359e-01
4.102774879147030873e-01
1.468036303900062123e+00
4.747945127480139860e-01
-3.695234679398957667e-01
1.966387390734450236e+00
5.909046485572577723e-01
7.494738184369360567e-01
-8.478817456823675158e-01
-1.154506995688819870e-01
-3.247479163636199928e-01
-1.679555613590740570e+00
-1.073853594925679555e+00
-3.750823146481367942e-01
-1.203292535331303537e+00
7.486091724456827023e-01
4.542917570368212310e-01
9.268448934409878603e-01
9.396257372626486415e-01
-6.035922043409911453e-01
-1.778828810077592859e+00
3.580749002884200394e-01
1.400611815581886077e+00
4.402862686145123661e-01
1.514581594049859703e-01
-1.394681961725108721e+00
-1.225214295358119099e+00
3.523932578902826407e-01
1.421615418230626204e-02
5.953160158803871838e-01
-7.539502295306785840e-01
-1.003229772946876430e+00
-7.119555320476829152e-01
-1.055198726270565768e+00
3.959048763293813167e-01
8.376346398749801025e-01
-2.750592821977120295e-01
-7.812477493622242974e-01
2.410196443550098877e-01
-7.501428856842231596e-01
3.334749139090353864e-01
-1.727853747415011298e-01
7.149628135336625334e-01
1.099452151205487560e+00
1.701993201470175521e-01
-5.639867533079652162e-01
-7.411966365533384504e-02
-8.974301710125640597e-01
2.488100358280341595e+00
-2.110665228042828190e+00
-1.288900899327635408e+00
-1.328185934911025434e+00
-6.497499346040571666e-01
-5.764821207067596376e-01
2.219972835318229087e-01
6.478432799778488516e-01
-8.470474874931852582e-01
-1.615113781579418983e+00
7.616895985577141204e-01
-2.580384798852879413e-01
-8.885047868186104481e-01
5.672480662398555751e-01
1.270145721222313284e-01
-9.032465518287686734e-01
5.041362117480332472e-01
-3.502185499057084428e-01
-2.315314748388656696e+00
-2.826420909301061712e-01
3.309853392266592920e-01
-1.229344669224321507e-01
-9.240334069480056201e-01
1.027705634083710962e+00
1.014265193647015728e+00
-1.004096188849179505e+00
7.132754117360118329e-02
5.399784202826047874e-01
-1.292661012631836748e+00
-3.743821734859027472e-01
8.048143633932172136e-01
6.320945007973666208e-01
7.407728193753371215e-02
9.174121579896770129e-01
9.452472745017921341e-01
7.916716344243637238e-01
-2.268093233377470597e-01
2.181751272650069851e-01
3.345322768394343171e-01
-3.988957083137520954e-01
-2.350017453156159064e-01
-1.318771979703332153e+00
-1.252387350876777994e+00
-9.882185268387218002e-01
-6.161363762426077528e-01
-3.677046442779259294e-01
-1.341958596292727179e-01
-3.130713514267382536e-01
1.175129497207144880e+00
2.565798151556286655e-02
5.651433576037367956e-01
-9.572609251416235310e-01
1.579244010748228177e+00
-1.127696610011943434e-01
-1.038160681892428272e-01
-4.663951811295810046e-01
1.796612605231750592e+00
3.027050703011816779e+00
4.653847285182397542e-01
1.797083486365043115e+00
-2.259046515362799212e-01
7.045826887396877680e-02
1.394544315814396640e+00
3.495499918602895661e-01
-4.482635929906342298e-01
-7.835343122662816739e-01
2.124214307620162501e+00
-4.115104242727243289e-01
-2.586728548024739283e-01
-1.221277992549230973e+00
7.972234822350294792e-01
-9.817227731985287420e-01
-3.169448004237205296e-01
8.779592854668560875e-02
-1.388768732925504068e+00
-5.043227490131290125e-01
4.803695971907497864e-01
4.169845706129038376e-02
3.603147929155703366e-01
-1.105498036660065964e+00
-1.468839075365180769e+00
-6.739614324827494229e-01
8.100382557315590759e-01
1.099874989883360854e+00
1.820472587220503868e+00
-6.810981950324528356e-01
2.535620995195200678e+00
5.286828072312355076e-01
-1.704499730301063387e+00
-1.661829942299348772e-01
9.582930788953429868e-01
-2.642111989528785898e-01
-1.376230197529753063e+00
5.106665029934429612e-01
-1.324762183185537179e+00
-1.304438573119889977e+00
-7.929470802758338266e-01
2.462354877957473320e-01
-6.492297884996798274e-01
1.055264404747134677e+00
9.797842678043044984e-01
-1.133504411844705739e+00
-9.768060363602293350e-01
-1.377799665512885241e+00
5.454305115845095031e-01
8.895238749924851973e-01
-9.412772648198863834e-02
-4.559595811470771309e-01
-8.572498405626145512e-01
8.409855035459301575e-01
-1.525549736938350165e+00
9.191555133643447562e-01
3.280445712256039315e-01
1.475116556476945284e+00
-8.864221648262304853e-02
8.085705004073862057e-01
-3.446898169454657435e-01
-1.242370159308558542e+00
-1.627287737356208908e-01
-4.684942618783241031e-01
-6.011204743944631446e-01
4.550805509150199768e-01
-3.894630969935306553e-01
1.261750489036097989e+00
-1.197704274578728079e+00
2.724975900324544398e-02
1.023537030221659094e+00
-5.511330912502998558e-03
-1.899596543907455803e+00
2.172779914265889900e+00
-2.402366131230531998e+00
-6.239764052844343212e-02
5.921562084012874649e-01
1.051879128026652843e+00
1.750492280828110481e+00
-1.151064140460267282e-02
5.434422269072838318e-01
1.427875136234488807e-01
-1.857865567609958468e+00
4.977180409580972409e-01
-4.241564876398840056e-01
1.170161620745647113e+00
2.271070052544565954e+00
5.520417403632018605e-01
-1.651619669354700282e+00
3.667084559000857169e-01
-1.884849290712420355e-02
3.528237891064840426e-01
-1.656524840098271056e+00
5.900845484852030864e-01
-8.578155773873348267e-01
-2.644330303347519617e-02
-7.060747960337012685e-01
9.193478888077333266e-02
1.087877832560391056e-01
-1.766935740007589128e+00
1.319351601917476913e+00
1.108672377965874922e+00
-1.037224542259582716e+00
1.033756692112843822e-01
1.701379154594389043e+00
-1.510200003071368258e+00
8.049264445696868719e-01
-6.123609345812566218e-01
-1.165995624723001889e+00
-4.469222595710053980e-02
8.840632224474198608e-02
-1.061155210438835539e+00
4.789692445745394878e-01
-1.975603583610661129e+00
-4.165988747071915910e-01
9.497428148627626854e-01
6.037756521526125297e-01
1.756688851188499711e+00
-1.578532775728348270e+00
1.153952000765999131e+00
5.409276379899079501e-01
1.784892649067231218e-01
6.658259661706411592e-01
-1.186037056915993926e+00
-2.913707234593970519e+00
1.506505902408781239e-01
-5.340645848795677608e-02
2.099538207212585661e-01
-6.158092194982254242e-01
9.739200981894180487e-01
8.186958974496549857e-01
-8.575548327773470092e-01
1.429081698706742287e-01
-2.409200252223764327e+00
3.032130785286977215e-01
-7.499302057564687374e-01
-3.435208996832432859e-01
3.026547419455170029e-01
-3.511772347035204689e-01
-1.413291811584085345e+00
-5.518849543597701413e-01
1.797527319180848515e+00
6.367368542710627466e-01
3.369713773123637068e-01
-7.195026441427359032e-01
-1.357904929677762773e+00
2.099737450643706538e+00
1.692743480640959142e+00
9.269183654788815119e-02
-7.213750871891910776e-03
9.512425916180689001e-02
-1.538065213991934854e-01
-1.049967904764020243e+00
-1.008538828238561003e+00
2.879605778981009223e-01
-2.228783833108387569e-01
-6.008083349809458795e-01
-1.068717943514495339e+00
9.124013853568850863e-01
-2.351395704289966915e-01
-4.777171892102547446e-01
-2.323408337812438162e-02
1.059987943568039270e-01
1.165951362135544400e+00
-9.129434808875203089e-02
-4.933917671581786735e-01
-3.320538385114328861e-01
1.321035892488904295e-01
-3.160916529988773149e-01
-2.737168829559992744e-01
-1.093781874213481942e+00
5.233231657174535201e-01
3.239012980598223734e-01
1.742262625940043108e+00
2.054007880771296257e+00
-2.232687559612758221e-01
-7.748710732850021543e-01
1.213454565805427876e+00
-3.051588713361992333e-01
-1.321301964234770310e+00
-1.836549954411150765e-01
-5.973853845080876468e-01
-1.249127664098113044e+00
4.332793276623236878e-01
5.276332508153727119e-01
9.571679588351580392e-01
7.792941030042710437e-01
-1.551585290021210817e+00
5.455144381992829139e-01
-5.338735470715851861e-01
-9.603811077221138248e-01
-1.477579158956743299e-03
1.569031759935638703e+00
1.267496470889348359e+00
2.628005368017483079e-01
-8.450406065653357501e-01
1.801589318590797184e+00
-1.196238841849455170e-01
7.138480039039372116e-01
2.269710792994671600e+00
-1.747937727465558311e-01
1.006501120563399354e+00
-8.668497291175558672e-01
5.843889135310273986e-01
-1.411701839418245896e+00
7.691091464954036283e-01
-1.519288657476707272e+00
1.061862479703911788e+00
-6.532272379087622483e-01
8.042232968890044020e-01
2.593594782606636784e+00
-1.170398127835834856e+00
1.104154963138052281e+00
4.728564938739623358e-01
-7.660381050288487259e-01
-1.240325586042190231e+00
-1.734540758007047323e+00
-1.172420733910551682e+00
1.008802342482217007e+00
1.816847395421525846e-01
1.237441977562045992e+00
-5.063384441136005165e-01
1.253148719400845046e+00
1.254791121658334951e+00
-1.810721828282900958e+00
-2.968062009867979967e-01
-1.546524272160985092e-01
9.457411826085575512e-01
8.702922840615379130e-01
-4.234069008823944102e-01
9.643339886465813748e-01
-5.240668547543503308e-01
-5.003411398579675762e-01
-6.039081548787974540e-01
1.552595105925506758e+00
9.939112458922654270e-01
1.712451301096324485e+00
5.928578781448479162e-01
-5.503599724049381692e-01
1.232485142137791811e+00
-3.333416055838060998e-01
9.360138963549093916e-01
-2.600920060544460455e-01
-1.238311719534956890e+00
9.294941610981908298e-01
1.437617478604016341e+00
-1.349646473561169735e+00
5.810456832346861944e-01
-8.053688539956791459e-01
1.257063192527663631e+00
2.001970895309446163e-01
-3.745159115401808236e-01
-5.987076330416751802e-02
-9.270486234653922963e-01
-1.595478169124466383e+00
-9.356088563754569876e-01
2.423136481200129921e-01
8.278369718318820958e-01
2.122184788925585153e-01
-6.609733058376496828e-01
3.967027046075379815e-01
1.937389532287998151e+00
2.599932778632920716e-01
3.988797399963059931e-01
1.296028950101315580e+00
1.060839109043669737e+00
8.602545509357808484e-01
1.231049114096178343e+00
1.526675013374935830e+00
-9.816194058256488830e-02
-3.834917566184774529e-01
1.664207413737076813e+00
-1.697012673779996206e-01
-2.332281312907795723e-01
-7.076875685503694058e-01
-1.151849967174793044e+00
-1.256033122030064675e-02
8.352006305532349018e-01
1.356408684022749611e-01
1.919824415569257425e+00
2.003098725963710081e-01
-8.947141808342573555e-01
-1.333588970034979226e+00
1.009658400039751491e+00
-1.015045655883046738e+00
-9.792886850324808989e-01
-9.712841879986635618e-01
-1.507269682019469759e+00
3.975867847221952189e-01
-6.428246506689303530e-01
1.049874944839075397e+00
-4.571600834405940006e-01
-1.218841893368274309e+00
3.778276222816518981e-01
-8.886151940480209177e-01
2.327628350316581773e-01
1.681573457037869090e+00
-8.463707811519363133e-01
7.573185017367576322e-01
2.164809710796600228e-02
3.749168990686087000e-01
9.790372422677222630e-01
-5.976678794540566386e-01
-7.370694631021406096e-01
-5.779984436811105297e-01
-2.905635222770647896e+00
1.148252550169220676e+00
1.766281513168433293e+00
-4.861387911815775453e-01
-1.295452946269765704e+00
-6.492875059718485886e-01
-1.804286985349232708e-01
8.007606877175614812e-01
6.153042124675849323e-01
-4.594686043236073658e-01
3.238933928458731515e-01
6.836885213099872516e-01
-1.240710335766620709e+00
-1.299887406602672435e+00
8.646847119845428864e-01
5.553650883865968169e-01
1.068092513321437842e+00
-4.553874929520773662e-02
4.416447119553108536e-01
-2.179064456531945915e+00
-9.106480187620977773e-01
7.742823248997456886e-01
-8.022187580656403583e-02
4.594719501219826086e-01
-2.615016832968080962e+00
-4.936517721755295796e-01
-8.189680927708664626e-01
6.632444964871817561e-01
-3.278194862726557801e-02
1.038977975255702901e+00
6.901538703357648075e-01
-3.227583162963867380e-01
1.416995441994806093e+00
