2.797084583354934040e-01
1.408331709602243187e+00
-7.423722186002246204e-01
-1.097825113422770116e-01
-6.516146549761527851e-01
9.828080095169813291e-01
-5.068892076653916945e-01
3.420116095187353267e-01
7.795541153515594957e-01
8.375744743539739190e-01
9.003765491115629516e-01
3.509686112764009991e-01
-4.259218006538558754e-01
-3.354244215805803009e+00
2.594074923105269548e-01
5.576622116679992303e-01
-1.238339142386707614e+00
-2.508508661973403164e-01
6.427020283401461143e-01
4.286561375067146074e-01
-4.390084492888268741e-01
4.240941120306951362e-01
8.350496185210189992e-01
2.535403926485768622e-01
6.723931205529218857e-01
-1.338576619292481062e+00
1.358290072860559583e+00
-2.452109330001688292e-01
-1.385355411571435269e+00
9.015806557133743127e-01
1.094024797595956500e+00
5.604192357693795756e-01
1.761312841218288128e+00
-2.004760513760661222e+00
-1.120572608322597752e+00
-2.235527811659966169e+00
-5.067172735445879539e-03
-5.908132164764250405e-01
9.238401771961051168e-01
-6.860044548565946698e-01
1.499724919495041497e+00
-1.709387358494414144e-01
2.543619496147064396e+00
2.064260312199667879e+00
-5.239796613806131376e-01
-6.088222088818673328e-01
-7.022693282171763585e-01
4.880838612591134051e-01
8.016487259638047647e-01
7.018021881335778644e-01
5.542737022378361189e-01
2.042032255379044869e-02
-7.128583492981857006e-01
3.697956380402223076e-01
-1.105422632046233478e+00
-1.987408620153188199e+00
3.961102140609931155e-01
1.358672263152969961e+00
-1.001434789775670353e-01
-2.003175421647895860e+00
7.345793484569895782e-02
2.275374799400351478e-01
8.987708819403747995e-01
5.393592062599017467e-01
1.679932429855279352e+00
1.110645082158081109e+00
-2.099590474081640679e-01
1.556399915677437740e+00
1.788333584491130779e-02
-1.457841137031200773e+00
1.121400727600414982e+00
5.229176072693437760e-01
3.094023685812491209e+00
1.785072442513680357e+00
-7.300909356109430703e-01
-2.055463983249496973e+00
2.462649270978662486e+00
1.580863000957837272e-01
4.159891608524945994e-01
6.696865871814861038e-01
-1.900602273635120909e+00
-3.269325025888463188e-01
-9.831055757012716612e-01
-2.655555940857698971e-01
6.892921820414912304e-01
-2.377488258749180794e+00
-3.333041465485182542e-01
-1.455411772001275139e+00
-1.894623066849714377e-01
1.723213708971007563e+00
-1.586543489742288315e+00
-1.529405340988727602e-01
7.723599911793339601e-01
-7.590761893099973179e-01
1.515919985471045450e+00
1.176786648145747627e+00
3.719628695307051203e-01
4.769047121073732853e-03
-6.328233656122357331e-01
-1.199093745933779154e+00
8.253024772198873649e-01
-2.260059042346077796e+00
-7.644418652063844632e-01
5.386134415539425291e-01
6.969845356041046713e-01
-9.614067891433943913e-01
1.325307641025220917e+00
1.084905635463055518e+00
-7.211185741723102893e-01
-4.658497474040999009e-01
1.261770515673843462e+00
1.799227118639858958e-01
2.186010322347071266e+00
4.707037390748247674e-02
-5.517089120340781250e-01
-2.065430218112714655e+00
-6.681921632373652997e-01
-7.183159678946626769e-02
-1.718529784853615183e+00
2.184859260025763916e+00
-1.200579946811556553e+00
-2.154783942126924146e+00
6.661271739752150367e-01
-5.432033009782433197e-02
-8.333773275684599469e-01
-5.207104195092195909e-01
-5.585678453887723549e-01
-8.431126330961991044e-01
-2.620294291146594290e-01
-1.375711782914725845e+00
-4.397325733081434151e-01
7.578771327795656987e-01
1.229767775443124656e+00
-6.539883865732338819e-01
1.383292137876869887e+00
-1.035710160959708137e+00
-6.027838159860960943e-01
7.263357628498825491e-01
4.460886986223115969e-01
-1.064527908601453632e+00
-1.798032160403888469e-01
-1.206287999602073224e+00
1.100493509114297552e+00
5.456182686379706936e-01
-2.102411319078936636e+00
-1.756856896344287211e+00
1.599646061731298197e+00
1.019807751795362094e+00
-9.438543624708550794e-02
-5.200645507762917674e-01
1.526741895653884740e+00
-1.999792710141826468e+00
1.477150470813323402e+00
1.056730609623969031e+00
-1.508173423012379999e-01
-4.398345249631603338e-01
5.016862277918043844e-01
-1.338994983686009554e+00
-3.836607941483078932e-01
1.025194579089372837e+00
2.011610262760199497e+00
9.096874985013272408e-01
-2.260548807891636258e+00
-1.350961999466897101e+00
1.341406298473981629e+00
-2.088424658315544136e-01
-2.608694204537400196e+00
2.312171880475075270e+00
1.004861010326330906e+00
2.116900564404174290e+00
-1.130798408565545810e+00
1.085531820774642497e+00
4.369829808725729237e-01
-5.698491819759556876e-01
1.414019086645615708e+00
-9.347159119494996560e-02
6.803512779789899767e-01
9.648279693484376196e-01
7.563339399025714727e-02
-7.854879546407111945e-01
-5.917741864503192062e-01
-2.111165234158285386e-02
-1.025907266583515387e+00
-1.902333966700213708e+00
2.806978871917635843e-01
9.118657395997704640e-01
-5.513407047384637494e-01
5.262013833205063662e-01
-5.745582508511244413e-01
6.011668218110042261e-01
-2.816014394485859551e+00
8.150693962685746641e-01
1.058253227220564696e-01
-2.201972346815692649e+00
1.198069870549280935e-01
-1.180015324562713186e+00
3.068243756916597675e-01
-1.953048114476088948e+00
7.642327650749516366e-01
1.661456887898626889e-02
3.354586583111522913e-01
1.171332816614281569e+00
-5.114147881377375526e-01
1.833215922005333454e+00
1.199841720814147195e+00
3.321677400829017301e-01
-1.323287157492073263e+00
2.367855525594393384e-01
-1.480386932836527336e+00
3.354977034125115054e-01
4.358766509530900279e-01
8.480953753601694345e-01
-7.377839335725679959e-01
-1.124099420661027970e+00
-1.187575732871303025e+00
5.037228615983755375e-01
5.478996218541452023e-01
-6.027092103497890818e-01
5.367651759142111345e-01
6.612223323720813895e-01
-5.577211975338345340e-01
-8.682151433093734383e-01
-2.624902383086205937e+00
9.352817903249945886e-01
5.681551368474879737e-01
-9.828157270335218243e-01
1.928242366292684196e+00
-8.025793044823839040e-01
1.005169062918978007e+00
-1.414312141102042730e+00
8.641577661832089419e-01
1.954208218430864008e-02
-1.455507793605452793e+00
-2.540138359669359858e+00
2.480027934855231209e-01
1.842576924343648059e+00
-1.933238051250238509e+00
1.180335042827811876e+00
-1.689527299799669535e+00
1.220612622648772572e+00
-2.779668190890998147e-01
2.558688803173492232e-01
2.132551597652305730e+00
1.837545221820713337e-01
7.918554119029908023e-01
2.130127370988017077e+00
1.813868355653882602e-01
-3.150335569560205329e-01
-1.321589577848657271e+00
-1.416267827537311508e+00
8.003923899332354708e-01
-7.756453873705195790e-01
-3.961487777820558165e-01
9.887936912986905469e-01
-7.605549754791116612e-01
1.111824689218963158e-01
3.367786637674452521e-01
9.196548913803281877e-01
-6.373497092121480634e-01
2.050002123847116664e+00
-2.470007505462223918e-01
4.369390423330408169e-01
-1.118539329241810432e+00
7.740176566240863920e-01
-1.482412052559566540e+00
5.293902121381686143e-01
5.815410264011724450e-01
7.489579676718953749e-01
-2.113724311865455618e+00
8.572738824999515117e-01
-1.469904692472367103e+00
7.698811895193813370e-02
1.830561808639759036e+00
1.153908419773813421e+00
-1.116783592975521877e+00
-3.454064832323897605e-01
1.538935583712603972e-01
8.275989455598296018e-01
6.367741165945712822e-01
-1.196250284606747982e-02
-2.558984933022840469e+00
3.648021439802278110e-01
-1.827978697491268179e+00
4.994564159944436810e-01
-4.804921366641412561e-01
-2.051069164263016997e+00
-1.185826356269488624e+00
1.190472198734080500e+00
-5.948066891836809589e-01
2.463552520217460184e-01
-1.428417009183223563e+00
-1.090864093890193676e+00
6.164606584839837922e-01
-3.440753643049525579e-01
-1.495445006260346155e+00
1.349942712868932304e-01
1.933805433799822282e+00
-1.038943073171942899e-01
-1.638879656704218313e+00
-4.862576636251727535e-01
5.400088450787858818e-01
2.332995942538182987e+00
1.178602261838856968e+00
-4.755897349372055771e-01
7.903834395189708317e-01
-1.377773244577588763e+00
-1.889691512709319454e-01
-7.892200918441485413e-01
1.990216821557027060e-01
4.087338230178652054e-01
1.406709316678922406e-01
-4.157035802280821812e-01
-1.354921380034642908e+00
3.299982838473614066e-01
-1.890417250187056197e+00
2.068018139768037500e+00
4.100824125370063911e-01
-1.376314650498437153e+00
-8.084830262305509052e-01
1.408481588548742280e-01
8.927383885100335092e-01
-4.217484245265152865e-01
2.754995369668145955e+00
1.481164809031537466e+00
2.405707693231473598e-01
8.140921789487487459e-01
-7.581984450997643066e-01
-1.098133654704165352e-01
3.799972745851487588e-01
-2.002370962703370338e-01
2.140773564722111999e+00
-1.505466743391750128e+00
-6.741257250019847547e-01
8.849974224241066167e-01
1.036237541540061535e+00
-8.869809085733155740e-01
3.515946218361793996e-01
3.383813239977921938e-01
5.023790494016751040e-01
-1.822645864792971082e+00
6.115090581031434880e-02
-1.217462864747249629e+00
-1.265663624845898561e+00
1.304898236666625522e+00
5.658130793552897941e-01
1.441231582069111283e-01
9.562031002740569718e-01
5.503459610910699240e-01
2.581161394105366824e+00
-2.423770994499365727e-01
-1.722926213525095562e-01
8.640355364492791068e-01
1.658025557328102195e-01
-2.024940587576005147e+00
-1.406460634972483970e+00
-1.284275291937663876e+00
1.081274287413187096e+00
-2.181652286474378144e-01
-4.072500452711675933e-01
2.958837473914517346e-01
9.200067744336406506e-01
2.207096262367347350e-02
-1.580341263990192591e+00
1.804815153126049232e+00
1.755639603922355185e+00
-2.384836641658135470e+00
7.184086916337530937e-01
1.342588798260315741e+00
7.858987809145965286e-01
-1.490824280179640748e+00
5.947148043261716310e-01
-7.065599240575517470e-01
8.848550766968372727e-01
1.348737122736682892e-01
1.104307380912739056e+00
-5.970145654885072872e-03
2.533274216900514020e-01
7.559215456088796969e-01
-1.120128117990554451e+00
-1.671731223964542767e+00
4.653763161926143255e-01
-6.151268437585013515e-01
-1.762191249623619171e-01
1.130238297371782608e+00
-1.562199400258501569e-01
1.842647529605137890e+00
-1.846641328503380031e+00
7.533648075592473958e-01
2.071504358832472192e+00
6.416834372375834761e-01
1.686047348802577339e+00
-7.622416701909040526e-01
5.228653599668495744e-01
5.281641616024357333e-01
-8.279836431648321948e-01
7.028103742940068344e-01
9.871521404024008461e-01
-2.603301438827617886e+00
5.719245863061050983e-02
-1.172524988032943583e+00
-7.142468508290686913e-01
2.436254755707460973e+00
1.349586730288519831e+00
8.041683198443747571e-01
-1.034915566628163752e+00
-2.527940597384512600e-01
1.489507900024484854e-01
1.308697800152138768e-01
1.007619360696777377e+00
1.307403420456836329e+00
-1.279108753397846243e+00
8.638063410576535261e-02
-9.799591351936420836e-01
1.076494233385787425e-01
-9.101284499281261375e-01
1.171020974283136340e+00
1.249246614732309801e+00
-1.328289484125875219e-01
7.880204146403544385e-01
1.969592770950159277e-01
7.711822559141285893e-01
-3.413004798917302907e-01
-3.728921454238260935e-01
-9.272484698558338678e-01
-1.033210837242905633e+00
-1.148632101592210741e+00
1.038855531180685077e+00
-1.953380630924577144e+00
-3.269267748245594518e-01
-2.586538782460414687e+00
-2.312344575766305255e-01
1.866273527779453545e+00
1.794250239175281258e+00
-1.916713808211294445e+00
-1.406487477006743703e+00
1.150636339176634770e+00
1.922809285490201248e-01
1.058265184047604279e-01
-1.331121167924032012e+00
2.031910209969394643e+00
-1.629305059266874522e-01
-1.009912627346547076e+00
-9.520102350803938407e-02
2.966315139908662246e+00
-1.315375462802825357e+00
-1.655299948663469412e+00
1.381174900120544891e+00
5.501937161310976876e-02
5.199396773336495414e-01
1.975503345228193375e+00
-1.716542318201921713e+00
2.482710409113959571e-01
2.222818381806090926e-01
-1.237311367980051813e-01
-6.601210748821273455e-02
-3.051949367023940596e-01
-1.717028079229957704e+00
-4.857306059313870605e-01
4.793513546412793147e-01
2.165487210887011571e+00
-2.029713335061398283e-01
3.310930816877641902e-01
1.587762666671437728e+00
-6.869089788383897499e-01
-1.165823616811787478e+00
-5.000994893017018939e-01
-8.129698211645877137e-01
-2.056249424352518673e+00
1.664917081529926790e+00
-1.339559782360563833e+00
1.534735503362560927e+00
9.008298684890716501e-01
3.558935774665785701e-01
-7.966637132832863344e-01
-6.694915518348310002e-02
-4.591379685181733450e-01
-7.019689336585699380e-03
2.861596804104604708e+00
-3.360769034602011374e-01
-2.923813937440165045e+00
-1.063440286534742540e+00
-1.225397711347143037e+00
1.068188914733115169e+00
-3.182160005603975605e-01
-3.248294277538317232e-01
-1.819188366268291279e+00
-5.335707591961789120e-01
2.957615213276323374e-01
1.309028717693239585e+00
1.080868553133136345e-01
1.657847143537457768e+00
2.133403234320674358e+00
-2.858040823185001855e-01
-1.564453531516960538e-01
1.045252900432288357e+00
-6.059292126850976956e-01
4.702451963330913642e-01
1.229585549468965588e+00
-8.540352464483795814e-01
-6.116566810431764978e-01
5.275832128672330867e-02
-5.223961721188663532e-01
-1.608851099858056521e+00
1.198416256574691197e+00
3.833471811040549682e-01
7.434607347873667393e-01
-2.444719786984350662e-03
-1.186635118140682010e-01
-3.880076884105765345e-02
1.947881679973464841e+00
6.718314046203701650e-01
-7.818286690835423158e-01
2.730592575373247399e-01
