2.666052359845005881e-01
1.912431110230614628e+00
1.415597113419096331e+00
-3.274769123285458328e+00
1.119355792982272391e+00
2.091301900215634113e+00
8.143015655227339167e-01
1.090120927656897720e+00
1.780514775353172041e+00
2.830710376646043969e+00
-5.930431862727996162e-01
8.595209645122059428e-01
6.043107902684159427e-01
-1.058703450953935921e+00
-7.292779370442055153e-01
-7.177811262121958080e-01
-8.192544212864190101e-01
-6.231602960706261740e-02
3.124392867908902360e+00
-3.999913772147314361e-01
-3.601375230072623168e-02
9.046635494045141002e-02
7.099217977203444718e-01
2.494657586052984044e+00
2.080996051395231916e-01
-4.406186899887716280e-01
2.426130226161845371e+00
-1.153651814805719766e+00
-1.468992726916074076e+00
-4.104650346098237534e-01
-7.991968428889215659e-01
6.296127547637073718e-01
6.912606422907412451e-01
2.635128554596555261e-01
8.111970072996230741e-01
-1.905196104397136381e+00
-2.469121597444435601e+00
1.393331921363786030e+00
1.424760873527830540e+00
-2.715948867110143272e+00
1.235670183327856719e+00
-2.317123288090206401e+00
-9.231988996127586944e-01
1.382348491911536748e+00
2.156543974697160415e+00
1.095391895564734597e-02
-1.633905892873364518e+00
-3.170519403726803631e-01
-4.591179714062523232e-01
-1.207695024573335552e+00
-7.206806990900949117e-01
8.591553447554298728e-01
-9.308527029416469034e-01
2.284615464959931508e+00
2.216640017015459208e+00
8.857095096680556168e-01
-3.960871110942143503e-01
6.681010095086481471e-01
-5.013710720132600329e-01
-1.750148886311840180e+00
1.565132439868750502e+00
1.653942911767668278e+00
6.486885336537060454e-01
8.450122857811424026e-01
-1.160649959471009129e+00
8.117208932347965700e-01
1.484713701688685994e+00
-3.226872769928244011e-01
2.075800230599888607e+00
-6.117781739587533352e-01
6.873919537827450910e-01
3.450928915668320940e-01
1.562179819404293291e+00
1.316995878238853557e+00
-2.733777781475001945e-01
-6.001870753731708419e-01
3.638601419028702821e+00
4.528108397502599303e-01
1.414013029563720991e-01
-1.700655642533672740e+00
-8.417777351208215464e-01
-7.330802845837292026e-01
-3.480590003205127125e+00
-1.982461247556180250e+00
-4.805345093709707527e-01
1.789788060969570438e-01
5.821388093832098320e-01
1.458135347136613191e-01
1.344762166067390297e+00
1.789307735643012265e+00
-1.358268608845918379e-01
-1.460363255836660823e+00
1.291248454439286597e+00
6.828184235579026762e-01
7.543876153488016101e-01
-1.676510838759490696e+00
-1.479582895547173926e+00
-1.057500578007612546e+00
6.263370973816133613e-01
-4.074621923657053557e-01
2.110116713177894177e+00
-1.770934810005400983e+00
-4.458232812230331632e-01
-1.016891055264024235e+00
-1.626235801188986585e-01
-9.640698444004378587e-01
1.848579925828045312e+00
1.094302798684410050e-02
-8.576761287352558938e-01
1.027495173789708893e+00
-6.002356421920254093e-01
7.984281843314100513e-01
-2.127029313993595849e-01
1.877940670558889025e+00
1.143849847828572130e+00
-4.077861547776144846e-01
2.270622605790029169e-01
1.125301616814953221e-01
-7.961070231979219258e-01
2.620625353971610672e+00
-2.641744112290310031e+00
-2.468557115453831496e+00
-1.283400670449685865e+00
-8.616066303386906711e-01
2.695018410040672663e-01
2.576175771147575233e-01
-1.100818008591430530e+00
-8.215098586908142764e-01
-1.880052638315543145e+00
-5.073859302238972191e-01
-9.273407420455690442e-01
-1.656644942333922454e+00
7.910698954642843006e-01
-8.517633287453740820e-02
-1.501260926585977984e+00
-1.394802322220165536e+00
-7.578328117048975798e-01
-2.025889390690086778e+00
4.517850378376913056e-01
-7.659599259090104084e-01
-3.209751386453252309e-02
-1.206899052326168675e+00
3.308148032156443819e-01
1.385830016734701076e+00
-1.253926282496164113e+00
8.095872550160638781e-01
8.437337384262004747e-01
-6.702913088853996726e-01
8.296920869327006898e-02
1.781503738155452155e-01
1.910777285955607141e+00
-2.944276366000044831e-01
9.740799413380329952e-01
2.528691670553891768e+00
6.557481263560580587e-01
-5.417348347391266472e-01
9.052730692294836956e-01
6.087179448767745527e-01
-6.901525923374354221e-01
6.065375607613532338e-01
2.933092751430539380e-01
-2.413672292757653715e+00
1.241386427629613820e-01
-2.081750457957416423e+00
1.217388403774954497e+00
-5.629853527102026689e-01
-7.073370366316646951e-01
-1.282536540302530170e-01
-4.108720846298767881e-01
4.203292835375407321e-01
-1.153685359797727905e+00
1.405772088516744844e+00
6.943181509471596513e-01
1.458242230045123655e+00
-7.376863632631511791e-01
1.376074116971635064e+00
3.607198703641413928e+00
8.211984529864855276e-01
2.095321703686259696e+00
-1.498841616626289230e+00
-7.583357121609193285e-01
1.894868032713530326e+00
2.146742812556272639e-01
-4.729558194386900283e-01
-7.870312808336619170e-01
1.815667110924390926e+00
-4.318310933300342214e-01
5.995187535365875675e-01
-1.016822627903717358e+00
4.344612603568851483e-01
-1.725012202650690885e+00
5.708876967423019977e-01
-3.147585367249305932e-02
-3.017132349967044380e+00
-1.488521113886145386e-01
7.076582476956936318e-01
3.685118278289500893e-02
-3.282500504959475762e-01
-7.191432675118001328e-01
-1.176068037528523735e+00
-2.214799193265084565e+00
4.588440263168811484e-01
2.268629062910669347e+00
1.112007797417222221e+00
-1.674810013953147436e+00
3.662997220809911525e+00
1.237261301141220571e+00
-2.426866977093648625e+00
4.388465575099820271e-01
1.690443482605595626e+00
8.042758531558238388e-01
-1.343994491367835220e+00
-1.177770573642090035e+00
-2.298919594972304914e+00
-1.701110065856435760e+00
-1.025232895787915322e+00
5.227103845871248211e-01
-1.341090339414538590e+00
-1.243395233845836501e-01
4.281039535776507421e-01
-1.612980106553378423e+00
2.630176709248583933e-01
-2.616782873842844026e+00
7.723758406207270610e-01
1.209119164819507652e+00
-2.702542156072240687e-04
-2.407396045678042995e-01
-6.665855496710006989e-01
8.160319465664809258e-01
-1.157577919885955264e+00
6.359515254457122069e-01
2.043676611717923919e+00
5.209318567392067223e-01
-5.084546374838376792e-01
-2.143068456533221422e-01
-1.920293084284248053e-01
-1.924665693703301095e+00
4.065591604951634963e-01
-1.581919745630697705e-01
6.733032538124286148e-01
1.697296314191886424e+00
-1.151886734684107516e+00
1.556937294035501296e+00
-1.214219189782193009e+00
1.100365884383391446e+00
2.187743466118319269e+00
-5.045183133149677701e-02
-1.650700932243714281e+00
1.547671520775317333e+00
-2.866843376745601191e+00
-2.493703068374273357e-01
1.161557171029983238e+00
1.392138945630572167e-01
1.331934630720112978e+00
-1.639092645347226096e+00
-1.257216107113912074e-01
8.413096990615382964e-01
-9.653473524463702660e-01
1.145619815137967734e+00
5.723707478415285266e-02
1.224263564657881886e+00
4.199828429171272859e+00
2.049011723676548158e+00
-7.726246937469847254e-01
-3.826767519937854800e-01
-5.261850860629806448e-01
5.042183577036034592e-01
-1.359449960009788239e+00
-2.407862957536002213e-01
-8.583880161679573462e-01
2.217906415895036787e-01
-3.018627192195804110e+00
8.349762846006232309e-01
3.858140167373855789e-01
-2.921443164198293196e+00
1.489357418015120338e+00
2.208744092794059810e+00
-1.003968208797294537e-01
1.508391768914401077e+00
1.242537697495586180e+00
-2.301522862404986824e+00
1.277271233482501600e+00
-2.720250526072585107e+00
-7.358248335892598746e-01
-1.511328154370452648e+00
-5.091577869426320291e-01
-2.111456067841436912e+00
5.395477219844639905e-01
-3.948624136129327944e+00
-8.321611995932896022e-01
-9.820633086090602148e-02
-4.890223727901510387e-02
9.452754160490695057e-01
-1.688750949293351233e+00
1.399011688690308119e-01
1.368019404041630693e+00
2.310307435131804255e-01
2.712373113235830857e-01
-7.363294329448963893e-01
-3.596027852390810686e+00
1.828063479500214861e+00
7.269012181261444994e-01
9.417921244118971913e-01
-3.792225641616528975e-01
1.940599628972236701e+00
5.646060845750273671e-01
-1.339017626777899039e+00
3.896722357428767936e-01
-1.949573093278353042e+00
-9.493117058843125733e-01
1.427909173451418212e-01
7.452717648783817594e-01
-5.251894622103865373e-01
1.446589061528493758e-01
-1.818104147838003115e+00
-6.351899702024743632e-01
2.207320964129994678e+00
-3.919424158957243165e-01
7.539507808719090320e-01
-9.386242225351351109e-01
-1.799276473743863569e+00
3.325464671644112968e+00
2.890316953702032343e+00
8.426730796377945865e-01
4.165649944988025766e-02
-3.227893268733437182e-01
-3.987736129481831426e-01
2.784252696410947081e-01
-2.090700796290478447e+00
1.121143667487163320e+00
-3.838373913721255803e-01
-1.893487122205934625e+00
-9.193678046075701715e-01
3.043327021150984635e+00
3.427760776455714975e-01
-1.228685494721159621e+00
-9.461850298500040779e-01
1.066513439754501746e-02
2.064532922427881445e+00
-5.025060279726005774e-01
4.728125953789508173e-02
-1.196529813906943573e+00
-5.886825393174293097e-01
6.188967717703244276e-01
-9.613093295458421395e-01
-8.144243187089292846e-01
1.815506055396172158e+00
3.173434685831981739e-01
1.905551315066569273e-01
2.271527619153310695e+00
-2.028297443529742949e-01
-1.769017202100516162e+00
-1.539080149094766981e-01
-1.759737260371665446e+00
-8.152999599105932305e-01
6.432534788193011721e-01
1.022372021801652764e+00
-1.357175901554495745e+00
5.548327923547091700e-01
5.091220295535237028e-02
1.644467972061192995e+00
1.704668770600270555e+00
-2.273878262343674184e+00
-3.187030429410953047e-02
-1.107210770074447126e+00
-2.006693953807794362e+00
8.903962267604192959e-01
1.090316428900840684e+00
1.887905315844608189e+00
-1.403452738081290008e-01
-4.213384009795282381e-01
1.146553809647806510e+00
-3.220609714904796306e-01
5.241498233420216479e-02
1.983946155340485795e+00
-2.132943685592536553e-02
-1.806534154576686646e-01
-1.423290428249925021e+00
-5.643365052870983334e-01
-2.669923996440887848e+00
1.160045629581322402e+00
-1.497340807974971266e+00
7.836424094640248583e-01
2.288074767618919481e-02
-1.215501847073028330e-01
3.294007256741618761e+00
-1.688178182633200297e+00
7.383705777042433027e-01
5.010445432150421041e-01
-3.885396522463393509e-01
-6.631217313560657800e-01
-9.262537802712866863e-01
-2.115686900439897933e+00
4.023655820802893857e-01
2.457308186927766869e-01
1.925678456824146956e+00
-4.444400422019008090e-01
1.572255619483083677e+00
3.099283790009414119e+00
-1.757180440041579139e+00
-1.184975188781757893e+00
4.208517142550327605e-02
9.126315167082257318e-01
8.189882082558366250e-01
-1.945977870428338807e+00
1.200236891674099304e+00
-1.344380587344537581e+00
5.404632593861400380e-01
-2.511452933601177051e-01
1.624745130810164362e+00
1.057046585254081350e+00
3.470287356335335360e+00
1.363577891301854805e+00
-7.519407733450442777e-01
-3.633523978227621853e-01
-1.137630267378657578e-01
1.053059991104409399e+00
-1.165547118017871142e-01
-1.003960309355009795e+00
1.021375216885781256e+00
1.195764677072231663e+00
-3.087505252776474585e+00
1.525845365564233447e-01
3.837087769088665112e-02
-3.509397528662292487e-01
-1.257336205470547252e+00
6.662871438174358119e-01
-8.548675782699799441e-01
-8.869768442928567254e-01
-3.279207079534556257e+00
-1.002744963398807254e+00
7.524382465735452996e-01
2.011317171522310154e+00
1.172332931085140473e-01
2.967304482234052188e-01
4.063764062185137860e-01
2.222996901296623307e+00
1.223457973042493485e+00
1.418846260422603756e+00
1.947875842129663582e+00
2.187967974282366335e+00
1.358313090177698967e+00
9.808200088187888355e-01
2.405700592204052413e+00
-1.890570800033988696e+00
2.653509447684685441e-01
2.494172735484047720e+00
-1.501534856538314422e+00
-1.181730936226700557e+00
1.038760808950865311e+00
-2.273891326041183714e+00
5.476706564315145798e-01
1.044936686796045677e+00
1.443933398906106724e+00
6.285587803595129586e-01
7.935508096390702093e-01
-3.053274529876252252e+00
-1.689024859117007615e+00
1.195418966593324583e+00
-8.151563145543372357e-01
-9.216360906701179800e-01
-1.533451773685974739e+00
2.135502993749938128e-02
3.945752398979003317e-01
-4.652974627219750303e-01
4.161580303866578845e-01
-2.711758002989856919e-01
-5.928909622546534308e-01
5.103884610890521145e-01
-1.719777278673855214e+00
5.622617446128685970e-02
9.489967242582473261e-01
-1.383784627983896787e+00
8.075361777275755770e-01
4.448542721385368992e-01
1.120525250877818735e+00
9.200179738139633301e-01
-1.063933018037892531e+00
-1.222464880736478854e+00
-1.614683750552190489e+00
-4.280414636615922142e+00
1.056467381749946810e+00
1.536760746846605130e+00
-1.749134488017491051e+00
-1.926030036220851560e+00
-1.174194144192321154e+00
8.854240053319362147e-02
9.174814026921218613e-02
8.804452951219960966e-01
-1.174047750184310512e+00
-7.535962691074615805e-02
1.375906095029640674e+00
-2.215931806343122368e+00
-1.565922474228936601e+00
1.447399265476878583e+00
1.657531833788286058e+00
1.263758170935229685e+00
-8.623242728118167832e-01
2.779479316839648106e-01
-1.708990158861211306e+00
-1.611430602946224422e+00
8.333496248966181241e-01
-1.142662181174678437e-01
1.461610251748142630e+00
-3.542680950996597300e+00
-9.329193852940864673e-02
-7.332858455143895782e-01
7.164465004265583303e-01
-1.150057743845262159e+00
7.657720216172663186e-01
4.075711045032281987e-01
-1.361782334405192696e+00
7.970621686082068891e-01
