5.271507787603910700e-01
1.936247096004438006e+00
7.934259561612533318e-01
-3.047288995792012400e-01
-5.105900663243012616e-03
8.741120335455123680e-01
-4.821954025934029886e-01
-3.430065327556155452e-01
-7.013651618581810965e-01
7.437756021646082516e-01
1.529387418242086127e+00
9.088966430121239171e-01
2.305991337393962226e-01
-3.256954605573183503e+00
1.244072495930633515e+00
-1.045763089185424821e+00
-1.554744296501345602e+00
-1.274219316169567406e+00
-2.937872053310099485e+00
-1.803081703373140776e+00
-1.350797708180244694e+00
-2.391747948141848212e+00
8.425814323598075362e-01
-2.915730631156226327e+00
3.430902060186580727e+00
-7.584633058297924890e-01
-1.357831128067487292e+00
-9.797015789776324368e-01
-2.167320662692706623e+00
3.482440737448023071e+00
1.179835489142955218e+00
4.886476514387947390e-01
2.401641767325596533e+00
-9.258050457237230191e-01
-7.719814962808841941e-01
-1.290286163655680607e+00
2.322115967794225355e+00
2.102158918845038471e+00
1.454195986594002399e+00
1.216013350362853629e+00
1.164468241480278721e-01
1.478342996713766233e+00
1.086881758892012328e+00
4.341327985068344830e+00
2.044182378734315186e+00
-1.134244977565890267e+00
7.351441723007825502e-01
-2.271258269934735008e+00
-1.497614358628024611e+00
-5.020746094925669922e-01
-3.690835772781112745e+00
-2.143385510099288460e+00
-8.362306549188378568e-01
2.389466978627776683e-01
-8.398015872488677758e-01
-2.273977358073043575e+00
-9.790161796561740459e-01
1.974255744709468630e+00
-2.492034033450605257e+00
-3.756122034911885343e+00
1.307187570903804996e+00
2.212702030355123028e+00
5.921601822611801680e-01
-1.300390457536528377e+00
1.313479026625161694e+00
8.370909413335407834e-01
3.715092463125735378e-02
9.016613477009229882e-01
2.195199864657171318e-01
-1.098179542971688960e+00
2.304593706852830159e+00
2.331981963203202390e+00
5.916660772781323629e-02
7.297900740945806319e-01
6.677142062076049100e-01
-1.845945456570148746e+00
1.485950818931809359e+00
-8.893546286862736849e-01
9.725195473416636816e-01
1.414109455788663539e+00
-2.756894198779446636e+00
-3.667103219193279529e-01
1.568665685827030032e+00
1.236509028056600457e-01
-3.186750541355882760e-01
-1.614267225693141405e+00
9.218197483164516370e-01
-6.705963348412797842e-01
3.234972149936936603e-01
1.122861789335170002e-01
-2.380952978546152288e+00
-8.665253878976999502e-01
-5.860590641139218349e-02
2.305829021804139956e-01
2.189428056223913011e+00
5.318755911297721184e-01
1.109011290250361270e+00
2.746537833153563923e-01
9.550988956003791941e-02
-2.139566063097815274e+00
9.216752555405101077e-01
-6.290137171652379067e-01
-1.413941347231038037e-01
3.739042512898521409e+00
2.282950725301771122e+00
-4.613210936943826113e+00
5.171797363172192519e-02
2.811880289944360456e+00
3.224236034629308634e+00
-2.067798488836368520e+00
-9.167131027304344926e-01
-2.772002134328790390e-01
2.918077620942771233e+00
-1.587273062506499244e+00
1.921126552887737482e+00
1.144666742079349930e+00
-2.694516584516480240e+00
1.328993248959637441e+00
-6.785007816735149078e-01
3.095797135160578861e+00
-2.865757559493136597e+00
-2.614820792745477185e+00
-9.908294018505356959e-01
-2.249413376339732817e+00
5.083333001658392192e-01
-2.637133024042607854e+00
-9.511159722848185893e-01
9.988762103846662299e-01
1.630302313492970612e-01
-2.986949705472430328e+00
-1.948422668537268532e+00
2.306198856999915670e+00
5.745641784546489106e-01
4.124357934786546664e-01
2.439073518809109942e+00
-1.095559570556503548e+00
-8.764012735461843562e-01
-1.665452279851292516e+00
-1.417204874873750242e+00
-3.933489692560912410e+00
-1.785530626191359715e+00
-4.938034371720227078e+00
4.086027044992524893e+00
1.020076641199258560e+00
-3.711549296155136179e+00
-3.634240941140824077e+00
4.211988588271250222e+00
8.771567313560506562e-01
-1.135073393157697286e+00
-1.977617466079448771e+00
1.823881269673687910e+00
-7.994117190859597599e-01
2.346503580106177544e+00
-5.965901896057008713e-01
1.463397664917973628e+00
-1.085917941528959041e+00
2.060475075665589628e+00
-2.855010534824639734e+00
-1.672405503427301099e-01
-1.400181830930993687e+00
9.751462092765095235e-01
1.601039068605913940e-01
-2.544875796271155455e+00
-1.538494917115300620e+00
1.666610485492311611e+00
-1.062249781093056455e+00
-2.137567575001870779e-01
1.234300612215357695e+00
1.360078152311974264e+00
-1.737072866471545574e+00
-2.923582484993437092e+00
7.325601614425920616e-01
1.050336475411912218e+00
-2.562601462239796568e+00
1.213539929073380819e+00
-1.347238525416303290e-01
-9.232274867183480893e-01
3.049281134184619546e+00
3.208340097108276723e+00
1.415676982877851486e-01
-1.281564432060666725e+00
2.583247063963049150e+00
1.794014740741369351e+00
8.900167876588591653e-01
-2.719120087272226538e+00
2.671465418065970709e+00
-2.180332243779984580e+00
1.472001951731489733e+00
-1.271838605516291132e+00
3.573008838870279646e-01
-2.312156301516705259e+00
2.830639351129889292e+00
2.100901664247545320e+00
-3.657063692962354118e+00
-1.972205154606669453e+00
-2.045176506983076514e+00
-6.515739206651005588e-02
-3.473820113615782024e+00
-1.909048170960296442e+00
-2.119649428225249821e-01
3.476590254273689951e+00
2.945207361219619457e-01
1.492172401589064279e+00
1.635178739451982111e+00
2.605262086841242386e+00
2.775087373124700107e+00
-1.259474763406011277e+00
-5.849558898172126931e-01
1.141424469151601784e+00
-1.906492123446894116e+00
-1.118206208088334819e-02
7.377422262344897064e-01
2.070995221952705023e+00
-4.891288978383639297e+00
-1.774761584420212479e+00
-3.616994842513028274e-01
-1.311098478637805265e+00
2.272654458120548782e-02
-1.300584360808318962e-01
1.690508800224892028e+00
-1.116109636370605784e-01
-1.011652082379252970e+00
-2.811464787981872604e+00
6.183259777168350624e-01
9.165826701810519950e-01
3.929375873874549896e-01
-5.059791502954533726e-01
-1.694688677534883947e+00
1.890930132847199019e+00
-3.073786117566391418e+00
-2.014789883257588343e+00
-8.303749520118692828e-01
-9.346077547568167887e-01
-3.165397621395094951e+00
1.137384800551418884e+00
3.023644628911529963e+00
-1.587314736331388865e+00
-6.567860257211695085e-01
-5.151606993496686826e-01
7.573812998592757140e-01
-8.828821875493098048e-01
1.663342671585326116e-01
3.738930470553462726e+00
-1.732676075296279095e+00
7.262879340628884961e-01
3.394549068201570208e+00
-3.258808408599600526e-01
-5.836320906793979191e-03
-8.306517869476923721e-01
-2.741594603616322345e+00
1.105342978198702752e+00
-9.475245129418432555e-01
3.286478638525771601e+00
-8.775039352705613638e-01
-5.189769598822095986e-01
-6.573195929295296835e-01
9.210896360754903256e-01
2.184681139766109226e-01
-1.679404590022076427e+00
1.615451455558889471e+00
-3.390201335974353469e+00
-4.592672577573440051e-01
-2.184260551825818464e+00
1.647135713546333591e+00
-2.369370493446348203e+00
2.322308138736634220e+00
-4.167733385302208049e-01
1.892402356578526401e+00
-3.173471698278394371e+00
1.134444784293908270e+00
-5.449546611575133426e-01
6.590894595543677070e-01
3.312866314875437368e+00
3.093020932329695327e+00
1.615018138767212008e+00
7.429310227834271529e-01
-3.226103586229322140e+00
2.569662668611889522e+00
-1.575768427355846768e+00
-1.949420272601228632e+00
-3.208209435188984049e+00
-1.366621025205825291e-01
-1.850534323689849714e-01
-2.179149211132877628e+00
2.091156343845632648e+00
-3.545263368901234280e+00
-1.451740578219260946e+00
-6.313109193826091925e-01
-2.108744199025762267e+00
-4.176128396954642774e+00
-3.783637262494160325e+00
-1.520964925021140779e+00
-1.285763064379117360e+00
-2.402773974699845549e+00
-2.414699950597184674e+00
1.362313473412024578e+00
2.470261320025501028e+00
1.045362007828636308e+00
-1.009604646418063023e+00
-9.974944727668670907e-01
3.180740386213711801e-01
3.931375097846425248e+00
1.001231600884993078e+00
-1.301228871124669340e+00
6.213463407563679652e-01
3.201109046482955023e-01
-2.400710046829312549e+00
-8.377911264549711134e-01
2.535020908517839899e-01
1.951264853863410309e-02
-3.133889145127112918e+00
1.121021264639649573e+00
-4.717832904012523088e+00
-4.173907872142841313e-01
-3.881473936352556109e+00
3.011994576481182406e+00
2.545550585439242397e+00
-2.584387979010873693e-01
-1.897628762447107764e+00
7.943405751309029483e-02
2.395920667810585769e+00
-1.283153897384202935e+00
1.249204763389616168e+00
3.815085587975907799e+00
-1.248422656170937728e-01
5.476208695966864326e-01
-4.628200515724403274e-01
5.649416197118810601e-01
3.210579970248732096e+00
-2.187234495457885508e+00
-7.747981897529143680e-01
-1.766901297750588462e+00
-1.763046800532255265e+00
2.878423987168639897e+00
1.155371585563662151e+00
8.577239758395744929e-01
-3.276596533368882902e-01
-1.156830029348403510e+00
-1.816139458610805946e-01
1.899019767872029973e-01
-1.000212381947843454e+00
-3.113344905457023248e+00
7.382153683971086622e-01
2.368363771784240512e+00
6.020652250332290123e-01
-1.084798459692561945e+00
2.363647690299756299e+00
4.739486095833782997e+00
2.519824469410786527e+00
-9.698348568857095842e-01
1.141008596320859603e+00
-1.031417098882456695e+00
2.470239322762788348e+00
7.448601138804509247e-01
-1.375482218044389526e+00
-1.977893448898115025e+00
-7.175069605775608039e-02
-1.876910032924624439e+00
-1.745417804721158817e-01
3.089143918555361523e-01
2.687254644574464280e+00
-8.659087237758775757e-01
-3.017470867716448346e+00
1.743155677245357360e+00
1.542937819969560920e-01
-2.664345716824670696e+00
4.862202945927354136e-01
9.298852715361078936e-01
1.924693532786014849e+00
-3.620736099757859705e-01
2.040213389645364472e-01
1.095976675810401701e+00
1.412053536570779144e+00
1.246583525743387710e+00
1.408929305274721600e+00
3.119330135661513737e+00
-2.319680176471758948e+00
3.671576783862215976e-01
-2.114432488287716350e+00
6.656197534386993908e-01
-1.221888660129243576e+00
-1.297865911533079064e+00
8.749268410307964317e-01
3.270955815651888088e+00
6.560467513088044100e-01
9.609397054555390838e-01
-9.870277525728532453e-01
6.345481888415926974e-01
4.121437498630740492e+00
1.136266912522714279e+00
-1.846253831845852122e+00
-3.716919426677227634e+00
1.035592614522250265e+00
-1.574458181256426226e+00
-2.592474436832604923e+00
1.508385952905477723e-03
7.918783918556098200e-01
-3.403324251442145343e+00
-1.706829203850795729e+00
-1.978855526701119860e+00
-3.649145552656989366e-01
3.137794110318509411e+00
-1.706913432170035883e+00
-2.312784391722492394e+00
3.444940609934166176e-01
3.569515448816549252e-01
1.492569577510865386e+00
1.129538854430186312e+00
1.902189138640850707e+00
1.651025364711852461e+00
-2.291640515395680033e+00
2.117436247773321512e+00
-1.246058260564884890e+00
-2.826535323878704986e-01
-1.016026482048699275e+00
1.699086641770469086e+00
1.583659291687855131e+00
-1.858158304797560056e+00
-5.991490466124957948e-01
-1.564282795092144518e+00
-1.773753231381787199e+00
1.055050295320990372e+00
-2.118937448319656802e+00
3.479415130943808165e-01
1.184820502044776624e+00
8.751321237730378400e-01
-1.992782218908390135e+00
-4.703467055630458304e+00
6.164111148678603769e-01
-3.665448188055488110e+00
1.364436877290049921e+00
1.760618527041169834e+00
-1.918145817250458407e-01
-3.234374149521840103e+00
-2.120630679037247557e+00
1.076987636291748984e+00
1.171946995490467991e+00
7.619054178520041631e-01
-3.894641510310936638e+00
-7.673420766246774605e-02
-2.276594093700979649e+00
-4.050394256274118199e+00
7.197575334334676000e-01
2.683797751588090641e+00
-2.291896292218378761e+00
7.756897446320021317e-02
2.966828419838918762e+00
3.510403211058815032e+00
2.739937654378299392e+00
4.111722881976762167e+00
-2.851911480283795708e+00
-2.418115859082679453e+00
2.423119869844545526e+00
8.492272576049728627e-01
-7.391788410462805103e-01
1.734788931936481760e+00
-1.086178761131773918e+00
-1.327422804372458742e+00
-2.139964777546644825e+00
2.662258711097580388e+00
-1.029758842555899001e+00
2.360719728249779159e+00
3.394913954715370608e+00
3.537712202068199474e-01
1.969077072684013885e+00
-4.124820486900810934e-01
-3.975363303104310297e+00
-2.678279686741694032e+00
1.939439487679948115e+00
-2.382724097565360744e+00
4.290966783655312256e-01
-1.507071645113429170e+00
5.775228925293429683e-01
-1.297301898830083733e+00
-1.698764416728208104e+00
-2.195650908993691530e-01
5.100702465874240588e-01
2.925827648270876935e+00
-1.270939229645531743e+00
-2.458555876724167533e+00
-1.674641046746033979e+00
-1.287584646023364421e+00
3.090883755990159187e-01
2.916723702398402729e+00
1.729799608036621805e+00
-4.889620818925530799e-01
-1.275837060879230211e+00
9.779385520112757746e-01
2.111763822730772233e-01
-2.160796973222636197e-01
-7.530318210465933859e-01
3.839714660260330703e+00
-4.362421753640965960e-01
-1.499330669580162478e+00
-1.198223811610892309e+00
1.915106057552535823e+00
1.580902791321054934e+00
2.173506960029028434e+00
-2.963167654586895239e+00
2.369275342156651476e-01
-9.833565745775016964e-01
-3.381095447903247120e+00
-7.794486527525386066e-01
-4.153344397354885587e-01
1.967571467214516368e+00
-1.601726856731656490e+00
7.518665162227513576e-01
2.901257713218434731e-01
-5.516335718715197345e-01
-3.260636357602049173e-01
5.580925902058790911e-01
6.701544211682906038e-01
1.560326621773152844e+00
