1.118340995678138938e+00
1.130185465030635328e+00
-8.390817913818864326e-01
-6.138456168674082392e-01
-9.379430613643346959e-02
1.126489291382533509e+00
-4.475744357830233611e-01
-3.457413589797120324e-02
1.445538214167938484e+00
2.940230347709121617e+00
-1.265312702621837371e+00
-5.396394462663547387e-01
3.047607991519889481e-01
-1.937352762650911053e+00
-4.809579465685960287e-01
3.306893802957278083e-01
-1.455485458801699217e+00
1.351279367294178080e+00
2.513332507679537642e+00
1.763341583466084828e-01
1.755343355140395190e-01
4.101310322882749659e-01
-1.984957451855695609e-01
2.133573648531670308e+00
-7.877640604270386149e-01
-1.253842950600543737e+00
1.189875382876863341e+00
-4.067783743066835100e-01
-4.585982735705567137e-01
-8.183651424328317603e-01
-8.638636793686016446e-01
5.416279957376044507e-01
5.894945063015732956e-02
-1.167600744023722825e+00
3.693300512306265659e-01
-2.373389256199884390e+00
-1.332771083373488707e+00
1.354792620853126905e-01
5.521065720746776151e-02
-7.404252993675051187e-01
1.133440329101947697e+00
-8.410566838309083693e-01
7.736025246041977610e-01
1.217507490414764248e-01
-4.045372812623044823e-01
-1.858303551658773145e-01
-1.035745537871548549e-01
-7.540831433409227458e-01
1.142095811104662850e+00
-5.019979877925306866e-01
7.315628708663108881e-01
1.168574338348470576e+00
1.062249969660289395e-02
1.663818258579388143e+00
2.096533054356530812e-01
-3.960821382544761349e-01
7.185660864290577265e-01
3.589132144880800013e-01
1.423765739497113714e-01
-2.000203312472645045e+00
6.066689675143379645e-01
6.433955514650691043e-01
7.106383809470724344e-01
4.712905466214776240e-01
6.397910139797708950e-01
-5.196661127532387070e-01
1.421755307366674437e+00
1.061565619575652875e+00
1.699385728560112163e+00
-1.671128235934081552e+00
7.959997798129307967e-01
1.182407550468407287e+00
1.977396187531117455e+00
1.146344739910506227e+00
-8.379881587588844383e-01
4.129590828604170483e-01
3.209226898646528880e+00
1.895174378554785655e+00
9.125832295991305187e-01
-1.015783322873451411e-01
-1.135721162126053230e+00
-1.105172762026272792e+00
-2.337162514605055197e+00
-9.585485419395780582e-01
-3.680620585209881668e-01
-1.676449516630013736e+00
3.191266374384369442e-01
-5.928707931990819802e-01
-5.899155322142668467e-02
1.655601087185548437e+00
-1.000389367733947044e+00
-8.144296247157107871e-01
6.215018703744608075e-01
-6.480015569208079640e-01
6.605319522843275948e-01
2.544997266664434932e-01
2.054053256431673802e-01
3.271389159848574479e-01
-1.067184450884202107e+00
-1.126150032584410710e+00
1.477208778588183336e+00
-1.928312739416347288e+00
-1.570726291592097645e+00
3.875737784522970131e-01
6.671699275721820754e-02
1.492663251881083397e-01
9.114947955659635781e-01
-4.781903413618984189e-01
-2.113088674557608293e+00
-3.691340355880043944e-01
2.299721274140056337e-01
1.223888499224789150e+00
7.159218066713961548e-01
1.201725842823369028e+00
-1.197987562676440021e+00
-1.518086654709604577e+00
-4.441055465778385170e-01
-1.409012489526153544e+00
-7.565617978423029300e-01
1.794679704892622851e+00
-1.949942175451876203e+00
-1.193129116137243262e+00
1.017961456044282897e-01
-1.255548989612436550e+00
-5.253329619266917661e-01
7.824865268027725307e-01
-1.944412873458043478e-01
-1.627752593055209474e+00
-1.292359466152890324e+00
-1.152877908558371800e-01
4.114533502361439332e-01
-5.866865635322362493e-01
6.754107401582478687e-01
-4.401206536440334105e-01
-1.277944560303772015e+00
6.195773197469209848e-01
-2.138419591978605983e+00
-1.063616414966930268e+00
1.023979394440673651e+00
-2.636975932456060434e-01
-4.821681514710469685e-01
-8.187901504951948795e-01
1.768914287105065597e-01
3.486839751393731035e-01
7.796502635576807450e-02
6.632170938935990634e-01
2.428258005698511468e-01
-5.530556751467319287e-02
7.906395627736166887e-01
1.096569129620945660e+00
2.238445754368196816e-01
-1.752277670477328186e+00
1.521928230102195911e+00
2.181064793855500561e+00
-2.648048747577638196e-01
7.400429056443336151e-02
8.398843680367029663e-03
4.127594279180595294e-01
3.584689335089112916e-01
9.575865956120246381e-01
7.069820182208266246e-01
-9.330363985632041945e-01
-1.476209302292757819e+00
-2.113639194424001833e+00
5.967044209391305642e-01
-8.399934891157156969e-01
-1.879337785809582329e+00
1.320263833390944441e+00
9.694916262367234694e-01
1.712390121668489584e+00
3.449597369046975004e-01
1.544789526290061943e+00
-3.291455355238142033e-01
9.443280776891338490e-01
6.672131799732117230e-02
1.786502759158339337e+00
2.167193307225371512e+00
1.060150006184831462e+00
6.395131707683976430e-01
8.414932768407634711e-02
-6.101657187023521445e-01
6.137014966774048119e-01
-1.180417650927481521e+00
-1.002099299895895523e+00
1.698140761684623357e-01
1.785046746049308908e+00
-1.197069136505115594e-01
1.048841304513274508e+00
-4.887479174912296997e-01
-3.176152174024959862e-02
-1.552954957113055201e+00
-4.907247275268051823e-01
-9.570478344265263004e-01
-2.396123321413390794e+00
5.636455729746350229e-01
4.454039013587349771e-01
2.048006375624344955e-01
-1.881635299562097074e+00
7.110639209018678741e-01
-6.197800130498896110e-01
-1.596620683629490500e+00
1.484079537039572294e+00
-3.423916242181688219e-01
1.652673230136713300e+00
-6.611990356526220580e-01
1.712950958142572588e+00
-4.688142010803240112e-01
-8.165923483097223823e-01
-9.141821635632521037e-01
1.044790402542479235e+00
5.269906424714676518e-02
-1.201869013961356369e+00
-1.409804592147000157e+00
1.636452022578973597e-01
-1.503053522097421268e+00
-7.771147508577902485e-01
1.666055268092934583e+00
-6.809747730437019086e-01
1.841483182071491420e+00
1.617494723777469723e+00
1.437603935739426575e-01
1.023521269170234227e+00
-1.405459153269856820e+00
-2.063919785208572222e-01
9.035232450410735083e-01
-5.415135076004675696e-01
1.337191925460508024e+00
-1.225422445285879736e+00
1.663953283468369015e+00
-1.630464788186238412e+00
2.535359545704160666e+00
1.411094373810851010e+00
3.505088604776975814e-01
-1.575079372251651399e+00
1.012866172505956897e+00
1.111189862055854682e+00
-2.399065458368408343e+00
-1.292745956377263639e-01
-2.195449831249702388e+00
9.020833588737886544e-01
8.268628416168075645e-01
-5.263249809660521805e-01
2.045232463314039961e+00
-1.361878112883174285e+00
9.274176699466627483e-01
1.312583643115987186e+00
-1.484690474783247893e-01
-1.970690655632636457e+00
8.013592459486451602e-01
-2.014196085927422164e+00
7.251647039482387314e-01
5.915652775727542334e-01
-2.812829923914339503e-01
1.530525633958628617e+00
-1.945916403518777926e+00
4.985579082119606653e-03
5.804253761619682095e-01
-8.141501058263775903e-01
5.103359349919873722e-01
9.772071221614631042e-02
9.730243057188925349e-01
2.670574838167862453e+00
7.653577370172506278e-01
-5.950791153933359112e-01
3.654898744731038818e-02
-7.054132796606795708e-01
4.769945435929496824e-01
-7.515296429735114359e-01
2.197320766626216226e-01
-9.503033493836312573e-01
-5.000699783974980051e-01
-4.056832882384808769e-01
9.886784706126405808e-01
4.016130408525686590e-02
-1.001084268188665582e+00
-3.719181014788661699e-01
1.903887478551573587e+00
-7.387688425320160235e-02
9.390025214480939297e-01
1.969516448056056745e+00
-1.828085030902220520e+00
1.533840633487583816e+00
-2.807823363913835024e+00
-2.388162412369325693e-01
-1.361379933110192120e+00
-1.219422534795490343e+00
-1.050655227942741021e+00
7.898111937030813934e-01
-2.813345180356705555e-01
1.037572532320051977e+00
8.647133425512798510e-01
-1.085400249386301308e+00
1.598283508390528240e+00
-5.872021206396667026e-01
-7.819249746389616007e-01
2.230213324975260036e+00
-3.365930825397809301e-01
1.854577155368497543e-01
-5.790998246001786143e-01
-1.392592599255291219e+00
1.090448468826780370e+00
-5.059976883361381184e-01
5.427383339732640977e-01
-1.418879492213089843e+00
1.819751487563230796e+00
4.801268978749089200e-01
1.677797192136987192e-01
-1.224075880240107495e-01
-8.736460207829930269e-01
-8.143001895195061124e-01
-4.350189041532459555e-01
-9.188852369299489453e-01
6.742351933304311373e-01
7.461339735495702286e-01
-1.073732449687141433e+00
-7.012102583234458564e-02
1.167397925868667308e+00
-1.430716657993778007e+00
8.763027972005676958e-02
-3.441672508384714391e-01
-9.138902658852101624e-01
6.133063322592278155e-01
2.470508033583371343e+00
-3.177423687139580011e-03
8.435309388359968352e-02
-4.061014976655199504e-01
-3.656081737471037485e-01
-1.766991758086202680e-01
-1.057304289967700761e+00
2.956185890870273170e-01
2.470180818487436980e+00
-5.059020840433356980e-01
3.173333322993006078e-01
1.146446273012690753e+00
-7.527105483586611356e-01
-8.312281504154821477e-01
5.050087213998288860e-02
1.015726611356528863e+00
5.325932462204274742e-01
-1.820487298224032990e+00
-7.399698126091811545e-01
2.565437151090037560e-01
-1.380201633002657413e+00
-2.247031345466012908e-01
-1.614336915294706465e+00
8.562003940686402359e-02
6.453308348720572241e-01
2.553316496319872897e-01
1.154672977024368663e+00
1.082914234517444285e+00
-1.505399757989942522e+00
7.160211558638183149e-01
-3.248994078942519792e-01
-1.760262495519277159e+00
-1.425227492775703375e+00
3.897573748496085955e-03
3.225831682542334988e-01
-3.534626634919249000e-01
3.758763865459746611e-01
1.285807424113416531e-01
1.948290201349323070e-01
1.224650467810128873e+00
-2.199139974238823569e+00
2.973390386290279963e-01
3.454310580238573181e-02
-1.634001468438745164e+00
5.161450975193480062e-01
8.098486693993294239e-01
5.865725429357695475e-01
-1.728441191699765511e-01
-3.292703706767889926e-01
-4.600044572478001470e-02
-4.612466545318847366e-01
-1.124749181379103291e-01
1.546689327094351363e+00
-1.053605024988607752e+00
1.423994767655467619e+00
3.873118574621248200e-02
-1.720816692324298458e-01
-1.341794477779216788e+00
2.228619649791291124e+00
-6.772940618977427718e-01
-3.226338159214456880e-01
-9.481796965893352080e-02
-9.535964374672820654e-01
3.158996528134943915e+00
-8.078815487449073629e-01
7.984672697950356834e-01
-2.434473606270497470e-01
-4.078705579142143378e-01
4.646742840590718515e-01
-4.742480790137122426e-01
-1.578913310504765466e+00
8.265296393797108010e-01
9.425171789979529535e-01
2.539196090808327533e+00
2.849133307826292594e-01
7.262607343465585785e-01
1.813995257150127216e+00
-1.898741478800704652e+00
-7.472766421089707123e-01
1.479046895057099853e+00
1.896884385998011346e+00
9.670960803098402891e-01
-9.114048068179547712e-01
2.268329834965747693e-01
-1.073885729377584752e+00
7.363927079912517826e-01
3.122347139284000761e-01
3.047490809370163589e-01
5.545200242029757476e-01
5.683383074481866970e-01
2.051704261599613943e-01
-6.000414242516267649e-01
8.591166873036728546e-01
4.529945277620406330e-02
-5.852743311104458002e-01
3.664032297684727268e-01
-3.602422831622797972e-01
9.643566371849416896e-01
2.456516379797641925e+00
-4.504850173063683627e-01
1.079246206799775010e+00
-1.571240286468861491e+00
-1.870857894655117093e+00
-8.608586533205597746e-01
4.019412111404365717e-01
-5.990528929768048627e-01
-7.456757589613136616e-01
-1.138437497407789767e+00
-3.668529085931018230e-01
1.380235963496787122e+00
2.067054306584786616e+00
1.881278643013910568e-01
-9.586058871913323287e-01
3.065622681814179629e-01
1.726841065806685727e+00
-2.539518963088180925e-01
2.930477474162103135e-01
2.710234650295556769e+00
8.024659162671499146e-01
4.166833318595033475e-01
-2.184916720292964243e-01
1.283647448846137351e+00
-7.811147170697694264e-01
-1.002195766331186011e+00
1.764129846867714235e+00
-8.104120681381354885e-01
-5.341152496423937635e-01
4.567469010318276901e-01
-1.181334955111592588e+00
1.404106436959564164e+00
-1.980141632461585033e-01
9.411786279498270957e-01
8.917496463412302177e-01
-1.302158500554899678e+00
-2.003212334730518407e+00
-8.287660646030339251e-01
1.416108545300941657e+00
5.558828179221215748e-01
-8.152951689588672224e-01
-1.865525634127005450e+00
1.369193595739037761e-02
-8.811004927371701712e-02
-1.912506877810685957e+00
1.015221994375893999e+00
-4.487657731206606826e-02
-2.238742078320505868e-01
1.196606694042976926e+00
-1.871649385993986670e+00
1.072368807819390923e+00
1.161769570525121864e+00
-5.426903079390656970e-01
-7.617102645215654277e-01
6.767655818975226723e-01
-1.060862214040585449e+00
7.690732822892734077e-01
5.270285774462450945e-01
-1.891712371686421257e+00
-1.418411792231626389e+00
-1.926846725975463581e+00
4.331349732515548112e-01
3.885379602036245217e-01
-7.394309020667666488e-01
-1.048171354361258079e+00
-7.603548987623858224e-01
-6.666805803304622913e-01
-7.393303279196326017e-01
1.553851394394030194e-01
-3.921880213376818247e-01
5.638605360069215422e-01
9.626423636862018185e-01
5.395196551088652370e-01
-1.139976675579635224e+00
1.363688399272737328e+00
3.328838204635928832e-01
1.124964873915738295e+00
2.315474351714028600e-01
-9.572170690621382150e-01
-9.186336104220043097e-01
2.833760047593631981e-01
1.088132127632222002e+00
-8.441021494426719229e-01
8.303931871939171927e-01
-1.717343579474297499e+00
4.528927994149114511e-01
-6.449195375057419355e-01
2.117869928111648647e-01
3.488565932056628682e-01
1.858392510154041055e+00
-5.900630597033975633e-01
-1.192547004230770646e+00
8.806451638942602855e-01
