5.223322389545597133e-01
1.469277139353168060e+00
1.780053314073725801e+00
-3.643842603500803801e+00
9.451965794310037694e-01
1.505389133413496339e+00
4.500230783158514214e-01
1.850937957800047329e+00
6.737722987565932797e-01
8.186597273378755091e-01
-3.431642508465309049e-01
1.430276636630360088e+00
2.519896531445912302e+00
-4.001940904370542285e-01
4.628303475095219000e-01
-1.242264824990819694e+00
-1.436490170625539520e+00
-1.492362127534934135e+00
1.938730686972450101e+00
2.835514953877975586e-01
6.094970803304597951e-01
-7.679196951671229954e-02
2.480330019577126066e-01
-1.768074674861663809e-01
-4.175001547478807140e-01
6.949546001981552479e-01
1.327491172582055512e+00
-5.607755107110383719e-01
-1.949011452633830910e+00
-9.530741213744668983e-01
1.826593839823690502e+00
-1.416409537210467029e+00
2.286758174086097384e+00
-3.932307294350767535e-01
-3.502333111897861784e-01
-9.511170706436269384e-01
-2.710366547500662193e-01
7.245302664611283916e-01
3.534632351159547881e-01
-1.226372426871815247e+00
2.792227811212956823e+00
-1.862785251257474961e+00
-1.158786509855161739e+00
1.475638350735460236e+00
2.667628036315731421e+00
1.377992074816245527e+00
-1.253672382723279632e+00
9.220547966897765235e-01
-8.118240353664258890e-01
-1.080315721843351007e+00
-1.473073510371534223e+00
-6.912410536813400341e-01
6.554822415272347769e-01
-7.759952909316547576e-01
1.610353577437535932e+00
7.587865154398141243e-01
-4.231962035803311650e-01
-2.832728463573257471e-01
-1.152594701553454115e+00
-1.040149263560019133e+00
2.193802092306653684e+00
5.754698961243516209e-01
1.158681443581515147e+00
5.093273521905707923e-01
-4.543910123755798836e-01
-9.861256134269602569e-02
-4.928058763528904151e-01
-1.879999904827809765e+00
1.563445704902404643e+00
-8.986652011915055027e-01
1.073816279590128708e+00
3.252579746632751068e-01
1.413911321255778120e+00
1.190185012828665734e+00
9.113183973388494508e-01
-1.724490718475547801e+00
1.833397030939989847e+00
5.441961972964364236e-01
-1.071742589623190689e+00
-1.032212648422667911e-01
1.398911838622913351e+00
-1.464300092695841826e+00
-1.753908763136540649e+00
-1.110341902281899440e+00
-1.171721961483205732e+00
-1.197059175094263850e-01
-2.228341192928677827e-01
1.014899510674728944e+00
1.072976179072604452e+00
1.066458304349705344e+00
7.708768157797107889e-01
-1.932036159428979438e+00
1.698050682911854459e+00
-9.346247326931882426e-01
1.076446131918666893e+00
-1.094562186355514388e+00
3.666265511961155354e-01
-7.346214067060197195e-01
7.046990140951505666e-01
2.809142822064556455e-01
-1.123895785155730742e+00
-2.004955947671307470e+00
-1.502947363592248564e-01
-5.844663358547723675e-01
1.021408379421771428e+00
-1.223723972387769976e+00
1.888732004933213915e+00
-1.573926594207265772e+00
-1.095098070609449081e+00
8.395527332941634668e-01
4.357543208592575823e-01
9.627658832770977781e-01
-3.197756708171439755e-02
2.405456306798594568e-01
1.385990782826729273e+00
7.370549409169804278e-01
6.328941193135761978e-01
2.396214017479078251e+00
-9.719084520741629873e-01
3.302900734846234698e+00
-5.794921001516684100e-02
-1.716328593705944705e+00
-1.336811127968760005e+00
9.751072576850203788e-01
6.020843741658712389e-01
-6.773892704566790712e-01
-1.196089929123378415e+00
-3.526651444085810994e-01
-9.484983395790314020e-01
-6.179346043061562099e-01
-5.185321780134577452e-01
-2.060474646341599936e+00
1.354483008386997867e+00
6.133165408293539400e-01
-9.125369495117272578e-01
-4.934105408003288673e-01
-2.046173043177805795e-01
-1.824319292362491574e+00
-1.485779516515144394e-01
3.319580583140178121e-01
-1.071880196762275972e-02
4.740189715503966283e-01
-2.361052668545422506e-01
9.218018625101667141e-01
-1.451223649761295142e+00
-2.175144885283023299e+00
1.668695300910005841e+00
-7.892408282496301553e-01
1.733805953519292231e+00
1.035430814763986795e+00
3.543324685289137577e+00
-2.503932839801823462e-01
-3.446583457268186379e-01
1.597464352169851054e+00
1.169629613793442324e+00
-6.165641575061098223e-01
1.657098752132526442e+00
2.560896093360085501e-01
7.483543620966148779e-02
7.320919893735844397e-02
1.199421202690373889e-01
-6.460653504654425561e-01
-7.841984832076107637e-01
5.831825231891691885e-01
5.685897104978154815e-01
-4.270894006677359300e-01
-4.468298673850856773e-02
1.383848340727336534e+00
-1.874398066209036706e+00
5.655330326487000292e-01
-7.120207592106453376e-02
1.296003911705357226e+00
8.064377008396235169e-01
-6.004707186372906236e-01
-4.383002427624873576e-01
-3.529015473597301167e-01
2.765575189258113298e+00
-1.549205178817393502e+00
1.432492184400190993e+00
3.354498029509116463e-01
-7.765197028784474043e-01
1.568928341240837909e+00
1.746846828241539029e+00
-1.399812163337024185e+00
-2.486840864084717939e+00
-1.378814597048363400e+00
-4.914379558810733073e-02
-9.363124663635016276e-01
-1.505984830781350592e+00
-4.505538468957386300e-01
-7.435027188164680112e-01
1.204022571741294456e+00
1.938412969351306359e+00
-6.962313770815828917e-01
4.261865543785088306e-01
-1.396073503270453209e+00
6.882892092298966702e-01
-2.391772636740068236e-01
-1.103452762648050367e+00
4.022315509812539602e-01
-5.402183388051060575e-01
6.551888744900242756e-01
1.192304353246922410e+00
2.612910519928579589e-01
-1.355413077264464583e+00
1.736255537590238873e+00
3.631297492657267867e+00
-1.472675007605851683e+00
1.053793369806640179e+00
1.427831668059750925e+00
6.934675496732198852e-01
1.233841910254307450e+00
-1.479750093870340066e-01
-2.593095873974285759e+00
-1.356730180486389603e+00
-1.969248158728214460e+00
-7.036187012790735551e-01
-1.037021617790768957e+00
-1.559300177578899493e+00
-3.307381790053058879e-01
-1.775766590267946476e+00
-2.608271494097662568e+00
-2.794878855562669795e+00
2.022973596009888908e+00
2.034205923671553506e+00
3.351551065586200195e-01
1.204677506737317216e-01
2.250112977732037223e-01
5.099416130068856745e-01
-4.074997883664179810e-01
9.202952838354150344e-04
1.576987517626657898e+00
2.152011995435110236e-02
-8.951761753180589309e-01
-1.151387668277852327e+00
-8.202042210805888800e-01
-1.037528454573758196e+00
1.511502996567663182e+00
1.832536322685681895e+00
2.735698346550519133e-01
7.562550612911937975e-01
-1.754116526260132147e+00
-2.889802459978598748e-01
-4.228449942545751128e-01
4.793620640602060945e-01
2.665328936150634931e-01
3.456351490155764594e-01
-3.334504246118452642e-02
-2.706060205958129572e-01
-1.425101790841506677e+00
-6.235634605272224462e-01
8.898283359467296094e-02
1.038431830979504866e+00
1.673645573606199477e-01
-9.669431154721088717e-01
-3.642308563931990761e-01
-1.158215741769938134e+00
8.738468219622843591e-01
1.294836684882945121e-01
1.022273118586463525e+00
9.454266329117810841e-02
1.252249695056812051e+00
1.557908721477934577e+00
5.102653559792358351e-02
-1.275075549509480766e+00
8.148134802246165265e-01
1.423975657966302322e+00
4.305511593410606963e-01
-1.336450005622682013e+00
1.022401343878573954e-01
-2.584526592558749059e-01
-2.825635138346883402e+00
5.668570060747146755e-01
2.810469301319535873e-01
-3.413747133741373840e+00
3.130275605186067622e+00
2.685383166512522735e-02
1.584453331558409062e+00
7.188992944157392984e-01
7.194606153899467671e-01
-1.426002116714286228e+00
5.832832082275842822e-01
-1.691076284489910098e+00
4.492202584429962897e-01
-7.513518382062605028e-01
-1.228995642073851258e-01
-3.260815490520037052e+00
-2.555163049029722799e-01
-3.498405141793243356e+00
-8.499514154992162673e-01
-2.394215707693142292e+00
2.982311542443351726e+00
2.603438639236308916e+00
-2.488365863818529089e+00
1.854825861230528616e+00
-6.364812107242920902e-01
1.305221689805216911e+00
8.495897049142548951e-01
-2.116984503136775331e+00
-2.522462546452393539e+00
1.411265065877989500e+00
1.611195555241132560e+00
1.794697901934325657e-01
8.542949987428372083e-01
6.244236441418093975e-01
-4.313931667080526111e-01
-2.199285336239473754e+00
1.332645593573538179e+00
-6.278476604257123839e-01
-9.855761781597749405e-02
8.293899066777967732e-01
1.367648700114212801e+00
-1.096724225911124506e+00
1.237125228747303574e+00
-1.389194178777548139e+00
1.807548710570339168e+00
1.124079528631875213e+00
-5.815868821226244378e-01
-4.722539677109747203e-01
-2.527039180820462860e-01
-1.749719957555242900e+00
1.444679697380917283e+00
5.958764263757396762e-01
6.880415171221043735e-01
9.496918912084382214e-01
-5.013213022102451788e-01
1.007953832561447882e-01
-1.402703115955192814e-01
-2.500657037618241318e-01
-1.747080315715230370e-01
-2.405474979111108524e+00
-2.385311638138770896e+00
-1.588848595996095181e+00
1.472942823510031474e+00
2.277277852805957181e+00
-4.783515209536126633e-03
9.612684209685991021e-01
9.151312928074082365e-01
1.032801490504674291e+00
-7.829215781019724929e-01
1.108439412177954608e+00
-3.840565921920422454e-01
5.697833044646474221e-01
1.563051964210091072e+00
7.412083415582078061e-01
-1.188083365069059205e+00
9.090111309669239859e-01
8.522076267434215424e-01
1.634219945215442671e+00
1.449476309470762558e+00
-6.128619867367728347e-01
-2.479782863255875380e+00
-3.059399689761974628e-01
-2.982246842415241517e-01
-3.003481286317519761e-01
-5.214944999600898967e-01
2.675740492683615912e-01
-1.755224052479697150e+00
2.089183527950508434e+00
1.121853597232629340e+00
3.292971432695090073e+00
1.040647112166482202e+00
-1.109546941323498626e+00
-9.613225293511540315e-01
5.916131038629224292e-01
-5.953454612900808129e-01
-4.394151650021056454e-01
4.924419906724608609e-01
4.960640759140009237e-01
-2.810026135124852331e-01
-1.463495733041995983e+00
4.258602750345215071e-01
-4.056603752603180624e-01
1.139498496387048476e+00
2.053713005857975560e+00
-1.099922903341954861e+00
-1.667066723196262146e-01
-1.009803703992020019e+00
9.124494635004705145e-01
-3.049162847043623614e+00
-2.716623920214749077e-01
-2.685004278919601362e+00
1.104837457341995233e+00
1.070203153315429923e+00
1.287124406415641076e+00
2.394315137110138103e+00
-1.917552310255028480e+00
-1.649368883907307737e+00
3.719158358692968847e-01
-1.022359904179773515e+00
-1.083229483980131747e+00
-1.280429697012825052e+00
-4.754237491858370745e-01
4.072761466152545751e-01
7.762892970230517165e-01
5.265166485494008342e-01
-6.847053127591733457e-01
1.226759555076686325e-01
7.498682969621572880e-01
-2.244079656645801890e+00
-2.071394889188162391e+00
7.053037896975116183e-01
1.603833862010639599e+00
6.093786828174740933e-01
-5.347005968722502445e-01
-1.988131749964177075e-01
-7.591466495354408650e-01
-9.856469372737368673e-01
-1.763937989439809506e+00
1.601522408810319931e+00
-3.360476676949195607e-01
2.212357446545638595e+00
8.949811610439706300e-02
-1.175990150848049698e+00
-2.597197043470425015e-01
1.628416123811728511e+00
2.983283769573521482e+00
2.655622497099514590e-01
-1.869639152161539641e-02
1.575184388279363468e+00
-2.001365889010027654e+00
-3.072290958796626281e+00
1.620237818648226913e+00
5.569080774045165327e-02
1.981841484992545865e+00
-6.830125952550147872e-02
3.708844919548814900e-01
6.499739278591354363e-01
-1.849647993845209726e+00
-3.854018594031182410e+00
3.640793407839364448e-01
-1.418042502263123783e+00
8.467776480564817021e-01
-3.916934191623919759e-01
-2.183384984652105842e-01
1.205789863567083842e+00
2.345590824511436523e+00
2.051696518012386505e+00
-9.578619416881810622e-01
1.265118879052957723e+00
1.946426598630973892e+00
2.638309081043557214e-01
-1.177533670365662477e+00
2.989797251586649551e+00
-1.231753791421728028e+00
-1.661909408018868994e+00
-5.129766496610237425e-01
1.480749983610412102e-01
-1.308390201854273904e+00
-1.541603432652829397e-01
-1.463669174357596248e+00
-2.118720290499072068e+00
2.888253928987305486e-01
4.249858858743067458e-01
-1.714152461204943023e-02
-2.900133523892449716e-01
-1.722106683681928985e+00
3.960962296476058242e-01
-1.321777598317090074e+00
-1.971589284650872465e+00
-2.415636121577851014e-01
1.830511743437742922e+00
-2.061583584360002774e-01
-2.177369061034528652e+00
-1.316477215152518365e+00
-1.142977938801839954e+00
2.027998163252568986e-01
-2.662183830494498693e+00
1.629063805020281031e+00
-2.719507675060549801e+00
-9.697416361844872768e-01
7.326581434155183814e-01
4.338736017948683354e-01
2.609524314155145852e+00
-1.499499843072207739e+00
2.799111573427685684e+00
1.610245843493363083e-01
2.679494043156616101e-02
-5.432730717087395078e-01
8.897718656447395347e-02
-3.235367392533999187e+00
3.143464126662482983e-01
3.435489582055801350e+00
-1.975144171595430542e+00
-2.575370586173635346e-01
-2.454211405203553298e+00
3.372580417321016100e-01
-5.107392888471879999e-01
1.725889183780092928e+00
-4.690127305962663584e-01
5.812316304914748599e-01
1.832317288884857120e-01
-1.410855713575023263e+00
-2.304735701931935221e+00
3.190268976527477207e-02
1.808354184602521286e+00
1.624037035386657557e+00
-2.517950542566412153e+00
1.880336150659375427e+00
-3.159768842228554142e+00
-8.570976633339570938e-01
2.340252833788403208e+00
1.001895518825149267e+00
4.645567445663889572e-01
-2.193958297167636573e+00
-6.340785004469697839e-01
-3.734994674359910505e-01
1.833630415698297433e+00
-6.441823841767533310e-01
1.516377303096270168e-01
5.389937697620750257e-01
-7.974603555261063903e-01
-1.747663928762852592e-01
