-2.135520325989883617e-01
2.388386758968312762e-01
-6.110609728616802627e-01
-4.086544588795799626e-01
7.898228170750742905e-01
1.257054693567129178e+00
5.411506411445703435e-01
-1.188468954757588847e-01
2.133542886284864437e+00
2.671865186429430494e+00
-1.901509413493718270e-01
-1.360497412418586460e+00
-6.946613782472175203e-01
-3.240990631858675641e+00
-4.315878815046714223e-01
1.393676486662689840e+00
-1.458944065465312523e+00
2.379361523345282947e+00
2.989971812816745178e+00
1.143918527675924501e+00
-2.247802498989512898e-01
-1.047023934649260468e-02
-1.459543330684685003e-01
3.495318726716124758e+00
-8.188481983199435987e-01
-5.104159535156442828e-01
1.817209186633511386e+00
1.050116588942905160e+00
-7.488975859936575219e-01
1.092383395070308794e-01
-2.743907296755558889e-01
2.432176309507050327e+00
9.632057071848656449e-01
-1.964426344850358053e+00
-6.707029262113897161e-01
-3.492698718548759018e+00
-2.073685055110279674e+00
-4.126291390599581277e-01
2.923069576960806160e-01
-1.913669421932908232e+00
3.539698259984236373e-01
-5.490914036310732271e-01
2.680921598102479209e+00
1.214596945428589869e+00
-1.498240815410408544e+00
-7.826614983010191651e-01
-7.490086519510441576e-04
-7.013865804379033619e-01
9.217839544813184460e-01
3.863123842922586704e-01
2.297205473512805796e+00
2.867217471570588927e+00
1.657050184110371305e-01
3.782802895389718145e+00
1.481629429250377328e+00
2.480536082200455184e-01
1.618269020262492752e+00
1.521595141410614360e+00
-2.445066118524152898e-02
-1.653721368431173566e+00
-4.334783836814963820e-01
1.057167184632410439e+00
2.847900297256247271e-01
1.112279981557745323e+00
5.903801419578380560e-01
3.441642105553768261e-01
1.614850227350610012e+00
2.134979784134172220e+00
1.642390543050261442e+00
-1.381483982836822832e+00
1.309458666297619089e+00
-5.666171700953395174e-01
3.193275267716533250e+00
2.897959617317962255e-01
-3.863624945746124695e-02
-1.164414007083397706e+00
4.396739591821127391e+00
1.133761379051680507e+00
6.168751801793277423e-01
2.039541758835881069e-01
-2.629861417861291351e+00
5.352282838681530208e-01
-4.234699402343037100e+00
-1.049357776185164681e-01
4.377393026788922725e-01
-1.251391595458263062e+00
6.415647572670781784e-01
-2.559017738286313293e+00
-2.035991469453337643e-01
2.498053588734173047e+00
-6.843008305828242044e-01
1.506565067900993427e-01
1.130266204631766414e+00
1.121803334133434582e+00
3.916380315372212095e-01
4.736077852735762761e-01
-5.552472357145807891e-01
-6.527630961738815074e-01
-5.580689182243414592e-01
-3.291853969337843466e-01
2.771498847643501406e+00
-1.237199840116711691e+00
-1.759252151384093743e+00
-2.183477966372855406e-01
-9.808897411126160648e-01
1.701946103664333521e-01
1.182727589472243324e-02
2.601311850305894069e-01
-2.390277055376961890e+00
-9.869745226725612497e-02
1.265487332414129362e+00
2.866402481025271953e-01
2.548692832450769608e+00
1.994279097515587296e+00
-3.101368190079325515e-01
-2.753894635782053513e+00
2.086906932899452727e-01
-2.462834445867963407e+00
-2.350705794618362710e+00
1.713077288944875320e+00
-2.076402754386316829e+00
-2.017311422306675706e+00
-2.629502258859943709e-01
-6.275627062697672898e-01
-1.216029970476589561e+00
1.329611283825520296e+00
-4.430423448464884117e-01
-3.821759570117349014e-01
-1.594033451387671718e+00
7.306850798270581038e-02
-4.591851138434908108e-01
5.545167050428663202e-01
1.418607284172749061e+00
-1.259349112729162279e+00
-2.451301461707133811e-01
-7.130764994724154704e-01
-8.896984038219679647e-01
-1.267004907135573788e-01
2.278773047131148033e+00
-1.070041371508674288e+00
3.341054923135509114e-01
-6.715542475071742956e-01
-4.379153300110418812e-01
6.416837037555858103e-01
-5.418065639903018038e-01
2.032520723179747080e+00
-3.346732337272522173e-01
-2.357601825131165896e-01
-1.241216576155634854e-01
9.008895836744947871e-01
-3.915250064504567362e-01
-4.623482837612726826e-01
5.718894156409888296e-01
1.797075938400852557e+00
8.816380551716562763e-02
-5.344886598707896397e-01
-2.610454125941394921e-01
6.259494821036071244e-01
-9.967840908959013646e-01
2.216545960079530531e+00
1.940376863494686077e-01
-1.485642685039758604e-01
-1.594495931173515402e+00
-2.690654577102888467e+00
2.012840249703700124e-01
-3.588055082658776485e-01
-2.324045514657000044e+00
1.075375727606505905e+00
1.042052558020064801e+00
2.202496320155108656e+00
-9.010332211030362970e-01
2.159400767685516698e+00
6.549846474433307364e-01
2.633820063893764996e+00
-7.725008362883265534e-01
1.257440901809141920e+00
2.137843150161859107e+00
1.375622635385943759e+00
6.321275124300562709e-01
-2.485859688794302969e-01
5.216799136633269995e-01
3.279777542696997727e-01
-1.140857897007458099e+00
-1.799739980074839263e+00
8.635445286564102929e-01
3.483719034669643833e+00
2.290989199700099732e-02
1.404764558237213024e+00
-1.109666398076917915e+00
1.470610379856873706e+00
-3.128156475527561486e+00
-1.234478582844543482e+00
-2.033182282654895534e+00
-2.444666486194523536e+00
1.568824823754109588e+00
1.155522697122565390e+00
-7.206223209393520790e-01
-7.798616523639347875e-01
4.265231343122781738e-01
-7.159884209057221227e-01
-1.252344707670476343e+00
4.597156996377886884e-01
-3.871478807045427573e-01
2.101689820277037768e+00
7.359901896712193192e-01
1.921873662973641039e+00
-1.269751669003654548e+00
-1.711106620292122127e+00
-1.023631290629543056e+00
2.088457573142702195e+00
2.525449917656041876e-01
-1.619269609093762607e+00
-2.153803979714952188e+00
-2.899611258120202706e-01
-1.104807224776155117e+00
8.362204445717278389e-01
8.952228893828735323e-01
-3.874893605279963182e-01
1.049637789496527418e+00
7.961944396856015516e-01
-4.189520558107879822e-01
1.237065877623297894e+00
-1.644377019668134210e+00
-6.696759297014729384e-01
7.379726006417897111e-04
-7.710783457921932538e-01
2.307941394975516758e+00
-2.371590815429813759e+00
1.990119088819996662e+00
-1.698308718859247612e+00
2.258046259978496728e+00
3.473973429368477639e-01
-2.560561667335772285e-01
-7.500117740568486013e-01
1.028300040976247942e+00
1.190118244225029542e+00
-3.481648440142141254e+00
-5.670325471517934091e-02
-2.442239925705727011e+00
6.573538311868922790e-01
1.478715710492304325e+00
6.775926964634528815e-01
1.384064800887722768e+00
-1.615270555023787580e+00
1.177866090427337475e+00
2.289644151891421231e+00
1.729889058284861392e-03
-2.555168678815435968e+00
1.200982165612255237e+00
-3.656497069013865620e+00
-5.536589076061817494e-01
-1.082480075930458696e-02
-7.664532037529490083e-01
1.708581288246129759e+00
-6.929887018955760425e-02
2.991689832049999609e-01
1.029704493869168402e+00
-1.336831182059193601e+00
1.136062007082065506e+00
1.026350968949291342e+00
1.051120261996207894e+00
4.172248388992551682e+00
1.710416868949984348e-01
-6.834865696865692897e-01
4.294954058476445624e-01
-2.136373087880019117e+00
5.740921191034455973e-01
-1.056318064264075929e+00
4.040509142148787092e-01
-1.782382052117150284e+00
5.243880631663699887e-01
-2.189094024330913157e-01
1.676348062112773540e+00
1.201454771081333917e-02
-8.531518306335090784e-01
-1.422198056210786099e+00
3.324570443621050586e+00
-1.230909359939578618e+00
2.353100788145963129e+00
1.468375301853811266e+00
-3.336455118362573469e+00
1.235739615653377754e+00
-2.476130341628087983e+00
3.353662222288713579e-01
-9.540205663255774127e-01
-2.472048841089648619e+00
5.156876365079554603e-02
1.151304101247497158e+00
-3.638930728158520367e-01
1.010541510157416667e+00
9.850955941867889365e-01
-1.709034744052369881e+00
1.807312252825132859e+00
-1.553590140431371225e-01
-1.238049043724811504e+00
1.501524684983198910e+00
-6.780334168708828102e-01
-9.910325143637521705e-01
-8.988416923855435670e-01
-1.976191211252455560e+00
1.959014869136694870e-01
5.588597617644994742e-01
1.530125123734638493e+00
-2.266165666253623368e+00
2.541030730593316633e+00
-1.368655661064570594e-01
7.014446471011472894e-01
-7.201203738763117812e-01
-1.699611491573128852e+00
-3.779321952615219971e-01
1.374290153285180338e-01
-6.649756524200922669e-01
5.779775637125785792e-01
-3.651260789251438155e-01
-1.859489035626733511e+00
-1.694094127881085043e+00
4.784765350052406774e-01
-5.183023125380135099e-01
8.333614803787847691e-01
-4.765716001474356034e-01
-9.444142256346328423e-01
1.369318530861396432e+00
3.237058409385802804e+00
1.012626064966899442e+00
-8.028461352581990340e-01
4.630635119291648394e-01
-7.933286426346297660e-01
-7.045393793535668081e-01
-2.136324054561407948e+00
-3.453017084970468886e-01
3.824545178755780483e+00
-4.454619618974806627e-01
5.656779751944718271e-02
6.032354946231670567e-01
-2.068964596655872512e+00
-2.620860860300580075e+00
-2.300676803796681824e-01
-2.197323740623762234e-01
8.745340969963582012e-01
-1.122529925079580160e+00
-5.453441930666897974e-01
-6.533486239751011837e-01
-2.779803586977501517e+00
-1.164521082388378925e+00
-1.225180064864781482e+00
1.345846242130308568e-01
-3.962312713720628210e-01
-5.827489684613542664e-01
1.233408609172643722e+00
9.292799216468869972e-01
-7.476370094761968232e-01
1.092942263326094121e+00
-1.257964854201203408e-01
-2.869832486017609430e+00
-2.255034863038587467e+00
-5.889509123510849875e-01
3.824128838340961067e-01
8.568413738136300140e-01
-6.302942048845228129e-02
2.765025319818281702e-01
-9.705167712932141200e-01
1.065194074435481753e+00
-2.063624409286215045e+00
1.374129799392299844e+00
-6.548873688923606551e-02
-2.158968447779876509e+00
1.154555816639939891e+00
2.708095996697075236e+00
1.616963971602456418e+00
8.256821755627052895e-01
4.540827742415229906e-01
1.550514601187565233e+00
1.774614979084905286e-01
-1.017919686136922852e+00
2.022871711912786807e+00
-7.298365516071196879e-01
1.294951202019372083e+00
5.740357408887835078e-01
-8.946415831549971998e-01
-1.405743841428465757e+00
2.469032979147433693e+00
-3.800827907824642082e-01
-1.192486421401524055e+00
-4.619231292723995352e-01
-1.174231587322370984e+00
2.842728258008815345e+00
-2.416651402682574279e+00
2.124171370161478833e+00
1.420999482029008831e+00
1.054970869984783732e-01
1.081750851510183686e+00
4.609861075561605404e-01
-1.562440256432737318e+00
1.694731830356381863e-01
1.747414738484440733e-01
2.749544049284113001e+00
1.265951689374123390e+00
4.108748223309159897e-01
2.289450639895980188e+00
-1.640329416621639336e+00
-1.075741415403932866e+00
2.474452230567241173e-01
1.437961692195083074e+00
1.792977478080924669e+00
-2.156972048611935922e+00
1.921289655092087045e+00
-6.090903171000805472e-01
-3.819160242146937279e-01
-5.780734909565161672e-01
3.581193970360097012e-02
1.014643201621531432e+00
1.399671731786984452e-01
1.436683279778483424e+00
7.707026079650116657e-01
-5.958644261323815527e-01
-6.020664509082580551e-01
-3.111661741065221420e-01
-8.040154135770354316e-01
-8.359356543419655949e-01
1.237267424801578919e+00
3.967495961198968857e+00
-9.596104714617172959e-01
-2.774934686088315061e-01
-7.903668566452743960e-01
-2.377581552652860974e+00
-9.531042312627153734e-01
1.149374714168453160e+00
-1.489521903555814042e+00
3.665252949037789421e-01
-1.704538341763334408e+00
-1.114436264591520231e+00
1.515318650011008295e+00
2.320739165626862999e+00
6.548092197565491546e-01
-1.704357589528872730e+00
4.342530719112023263e-01
6.334529376520228183e-01
3.848443338483242826e-01
1.481280294353038762e+00
1.957992226734859287e+00
1.436765491153932928e+00
1.529801556933337636e+00
1.930963457394994087e+00
1.595435227341740259e+00
9.314561005859580689e-01
-8.537421512043845695e-01
3.870930946277868046e+00
-8.070579010554270738e-01
8.239566849328632259e-01
5.806876547713759606e-01
-1.634336265900139917e+00
3.002069560927111525e+00
-5.644039905621767161e-01
8.311751839723982016e-01
1.465714289825600147e+00
-9.808380496454818243e-01
-2.494106840476804532e+00
-1.412612463617655134e+00
2.143786140233190807e+00
1.143652193844112652e+00
3.651447120166579907e-01
-3.582361161635580160e+00
-6.357044096040320724e-01
1.362251214654969900e+00
-1.957218856685912556e+00
6.674941096447115640e-01
4.840562569886239785e-01
1.016407330470671333e+00
6.770800410866959496e-01
-3.491692471497582773e-01
8.103240005234866317e-01
2.882849277581518876e+00
-7.851424341574642085e-01
-2.085912778623795205e+00
9.182294888537025912e-01
-1.571005694572390254e+00
4.419066738467583022e-01
5.838543897882804146e-01
-7.505046347307233745e-01
-2.678074128345386828e+00
-1.968145149362107382e+00
-6.742174205754336569e-01
1.304822050425853419e+00
-7.916076597573535878e-01
-3.223233635967206911e+00
-1.504420530429121605e+00
-1.872267814429182664e+00
6.779531886810357122e-01
3.278223193885967390e-01
-7.688577016501154660e-01
1.298786913926085695e+00
1.267643604460927165e+00
-1.083683827524585919e+00
-1.028764447203545984e+00
2.640319463511273668e+00
-5.943761872407922198e-01
-9.916854063744384717e-02
7.239100968283214144e-01
-1.130113301477360999e+00
-1.165189208416834710e+00
8.706573012008700374e-01
5.028959567103763462e-01
-2.006564673837048396e+00
3.089786846609932525e+00
-2.142923576510851191e+00
-5.576023396546272437e-01
-1.197025343974156719e+00
3.754688593871282620e-01
5.977246888932530311e-02
2.299359383906647736e+00
1.505395275594965554e+00
-1.835437525726105079e+00
5.353225113978670180e-01
