1.374122920166202633e+00
1.326310775936376807e+00
-1.721808759832867963e-01
-5.484790205548719655e-01
5.687833479896049482e-01
1.555769097264878553e+00
-3.556068896212352115e-01
-7.192856051368972103e-01
7.552829093143573758e-01
2.238381740486278026e+00
1.791321919439425869e-03
-3.871191181159492345e-01
3.299965694382773762e-01
-2.910475034972331621e+00
3.718440635094051316e-01
-4.598119685872203988e-01
-1.243760068965034105e+00
5.956052013667223477e-01
2.158485251579556063e-01
-5.598154968711650525e-01
-4.360698198862360542e-01
-9.438759713779418803e-01
4.502345077610243607e-01
1.472105781563719518e-01
1.061590442974884141e+00
-1.168963775364799673e+00
-2.087493600364425106e-01
-3.573087921343063300e-01
-1.141460083785252877e+00
1.597846742492208705e+00
-4.184771795895052549e-01
1.257395507924781164e+00
8.950287405533661200e-01
-7.627163417090576658e-01
-4.930251693785461242e-01
-2.415978624577706402e+00
4.804018688722955233e-01
1.454793808083614692e+00
8.438552082412691391e-01
2.253956060820714313e-01
-7.548259024054360111e-02
3.395035479447896520e-01
6.624614002416384650e-01
2.854073860431722842e+00
9.671179430180778525e-01
-8.969746539374918726e-01
7.146792554966365785e-01
-2.223918541902291324e+00
-4.579564115270091662e-01
-6.297701614354354049e-01
-1.839065472235011711e+00
1.014072469423190626e-01
-8.793596085535426710e-03
1.672433608670978344e+00
6.988581865931386972e-02
-1.602283259475858923e+00
-2.680138190635066309e-01
1.128415541995964055e+00
-1.816872974209279512e+00
-3.019779590914509093e+00
7.029237856011594232e-01
1.409489452997129355e+00
1.323376438720589299e+00
-1.059277111606316435e+00
1.040528973479844410e+00
1.362341753117659593e-01
1.296497927377226134e+00
1.496117215921812793e+00
1.100022856123230142e+00
-1.774049691675648965e+00
1.878146991498907958e+00
1.822769419918174094e+00
1.092372604859552787e+00
7.263353992030481265e-01
-1.626840252641343909e-01
-2.192306096076368505e-02
2.457277642504546833e+00
5.061994892443779648e-01
1.216501494853988952e+00
1.152623104709845414e+00
-2.135505295077338772e+00
-5.282832810478375052e-01
-7.177301076994142548e-01
-9.217869378944723024e-01
-3.348244700845768307e-01
-2.027535586161039571e+00
1.374463874238609051e+00
-1.202491395183135303e+00
-2.781879655268184592e-01
1.285812768615858914e+00
-1.980376217329537170e+00
-1.152583494265764230e+00
4.505068458004473086e-01
1.716335774053954211e-01
1.123548850065693827e+00
6.908103140852421831e-01
5.223892694163900785e-01
3.665546982292555711e-01
-9.947527368612298915e-01
-1.706175811114036822e+00
1.825409048268929801e+00
-1.484176313406218917e+00
-1.263434163321761172e+00
2.284383535932168030e+00
7.592208080564848416e-01
-2.112545372197272009e+00
3.920203307515706115e-01
1.577553698519630565e+00
2.069128062642668908e-01
-1.074832444942609655e+00
-3.493018389488558029e-01
6.726380229393411625e-01
1.834321036205345479e+00
3.697879481941690472e-01
5.441773555293938358e-02
-1.269046788877439269e-01
-1.868648483669229421e+00
-3.444890187800879744e-01
-7.356130189284630916e-01
2.467923828509579920e+00
-3.228844348874742920e+00
-1.840813492388368111e+00
-5.259062147603597026e-01
-2.226874204655508116e+00
-1.960206088861422558e-01
-8.716955165215631851e-01
-6.047301715034958391e-01
-4.981501440721043394e-01
-6.629573692562171772e-01
-1.739854335618598036e+00
-1.269038757419610697e+00
1.020918518743823000e+00
7.448854443750319021e-01
-1.306929954451838682e-01
1.808742455782681446e-01
-1.130903441265278531e-01
-1.675574422149486153e+00
-1.642794809404252376e+00
-4.424296643351173230e-01
-2.008455396222986522e+00
-7.673180213515600201e-01
-3.691744001927022900e+00
2.050111007497729787e+00
9.466606535796886490e-01
-1.743476469345197621e+00
-9.633731299374463930e-01
2.117460297227107269e+00
2.589392464978690356e-02
-6.432753012695409112e-01
-3.989700339468695844e-01
8.707946267702526555e-01
-1.188375706302939872e+00
1.840955135069664017e+00
1.023281915329107505e+00
2.725616807778497019e-02
-1.094718163203606931e+00
1.327737566825597071e+00
-9.708209996410257503e-01
6.080449445440283540e-02
1.882075212462597236e-01
6.591712759523593590e-01
-6.936626604848941113e-01
-2.254251936037261927e+00
-2.370101359439741096e+00
9.714898387424630855e-01
-4.767272513441884740e-01
-1.538563392298001098e+00
1.547286906129904160e+00
1.643123304008197394e+00
4.604379982467552423e-01
-1.789579859462937961e+00
1.281624060051861136e+00
-2.825832253072082523e-01
-9.086452709739170075e-01
7.610238843461889502e-01
1.323056586400754853e+00
9.261046502599414865e-01
2.832772935434074491e+00
2.111782081490951590e+00
1.865799177318949731e-01
-9.874850831826798014e-01
1.623279726036475523e+00
-1.145067156779306927e-01
-3.982394220475526936e-01
-1.237566920356601763e+00
2.707060729793634657e+00
-1.830291524043663909e+00
2.143607783677135004e+00
-9.772673040555481805e-01
3.297567090928721356e-01
-2.206174610662162472e+00
9.950979745076367067e-01
5.943855476276649341e-01
-3.405420282547421351e+00
-8.209833557670762616e-01
-3.450475184144394802e-01
-3.215259761793003435e-01
-2.589630809325157657e+00
-4.289490315344002269e-01
-6.307117414781142628e-01
6.581309064448372936e-01
9.175938123601987684e-01
8.929357882025490412e-01
1.561274649813304549e+00
9.389522280946795973e-01
2.670052833968981965e+00
-1.484545518798505270e+00
-8.132342265265348757e-01
2.446853474707388898e-02
-4.093867726221676051e-01
-6.637266383159712291e-02
-2.446359615241302521e-01
2.273746789705919369e-01
-2.126209375928662215e+00
-1.508382829852966012e+00
-5.512915025043216843e-01
7.620227342111522972e-01
-7.407290637279579926e-01
9.704416481039803699e-01
1.860380988766316968e+00
8.749097670996963672e-02
5.033749281672230680e-01
-2.000568622760593662e+00
3.961285599477806230e-01
5.518907306702258708e-01
-1.131565733778536753e-01
1.565874049828508419e-01
-1.784620265527756988e+00
2.470800416749887596e+00
-2.432776800496214253e+00
8.695216680024326905e-01
7.370453592597225878e-01
-2.270997767512010768e-01
-2.231823091530331205e+00
9.047090857389372687e-01
1.680516034620838539e+00
-2.157723560450374833e+00
-1.077068891418316632e+00
-1.644951296522610296e+00
3.661244977919144716e-01
-5.501247010358767398e-02
-1.260816188613738120e-01
3.368823110043079438e+00
-2.184052647836102423e+00
1.019715938810272782e+00
2.918174970528659706e+00
-1.597319238998275992e-01
-2.138530087302199068e+00
3.744481007551243579e-01
-3.109369770027393010e+00
5.850195311335513182e-01
-1.217334188688878882e-01
2.085168842153246160e+00
5.761693492171264808e-01
-1.444831253066320986e+00
-6.770393912602683528e-01
1.359716387975710816e+00
-6.051970809627515990e-01
-7.312047240044083907e-01
2.486785054115978610e-01
-7.527428427589226700e-01
1.517410177819915162e+00
-9.895588821978895666e-01
3.634069603717504648e-01
-5.743330171549319019e-01
8.311458621902501065e-01
8.620673625203068013e-02
2.728907698078666400e-01
-6.256306127474591250e-01
-2.379594450371032011e-01
-4.315665537320825251e-01
2.528072622092638611e-01
2.625897522738207535e+00
1.781250704806223162e+00
3.429779012359981394e-01
3.223188812110411305e-01
-5.882103228133095385e-01
1.507156882462141745e+00
-4.607635420387659053e-01
-7.832390982996528805e-02
-3.407410831221496572e+00
1.557520037140458058e+00
-1.502752535847813320e+00
-1.217798428649198961e+00
5.630096882380914991e-01
-2.303626712224618345e+00
-1.068584495646966559e+00
4.202952393844494594e-02
-9.151709465939648069e-01
-1.770378226537816957e+00
-1.292137399594406322e+00
-2.041699774436719572e+00
1.205863276814707064e-01
-1.457624995703274973e+00
-1.476473959454538409e+00
2.257001182345992341e+00
4.004252040478375463e-01
2.119797684796287385e-01
-7.460930238203387077e-01
-2.000561837401758858e+00
3.285972620697750202e-01
1.736615336683118294e+00
1.408014912009068809e+00
-1.896056188882261573e+00
1.515374711386273887e+00
3.086937720805167373e-01
-9.092148957909671481e-01
-3.492950042587894544e-01
-1.031858794884782604e+00
-2.053854003375956694e-01
-2.319197045227755716e+00
-3.224801437489990263e-01
-2.253071522047032094e+00
2.096940321969400500e-01
-2.566520853471923047e+00
1.110573127135334737e+00
2.128788520008080276e+00
-1.245856381362935306e+00
-5.858352950906207113e-01
3.200032799623908630e-02
4.625338831458574163e-01
-8.615968577559574015e-02
2.261508198398725078e+00
2.224169921867971134e+00
-9.317809739782791922e-01
-5.960135947258482503e-02
-9.698802800458006246e-01
-4.188908159868267589e-01
1.295529910223947034e+00
-5.192109481339564070e-01
1.040988252668007874e+00
-1.228239238251895848e+00
-9.478039168743856990e-01
2.060740663594717859e+00
-5.179901302536453755e-01
3.980995597234837646e-01
-4.984620579642484728e-02
-4.439438227338445841e-01
2.919503591723149327e-01
-6.479056893563592823e-01
-7.877066733604420889e-01
-1.562085518425474717e+00
-1.100121685439961361e+00
1.213627644658139104e+00
-6.735191524647117234e-01
-3.877089196251413128e-01
1.611050076330418079e+00
2.209049826518356241e+00
2.099448562684328223e+00
-4.601470178429583058e-01
-2.283208665425533468e-01
-1.809171016700972245e-01
8.791384058827471648e-01
-7.748701031259024319e-01
-1.865206641985563962e+00
-1.068635835852109750e+00
3.456873815833532149e-01
-8.442100281939222128e-01
-5.034650425360460702e-01
2.959159820966821286e-01
1.236229502912546074e+00
6.470037913260853202e-01
-3.248439421376454472e+00
1.081332330177971812e+00
-2.836039195533501811e-02
-2.758194958284960752e+00
1.998022495455415992e-01
1.483320895253584126e+00
1.390830492245564542e+00
4.172945820814000228e-02
3.689909960971835545e-01
1.085627403739999330e+00
2.226095352959092111e-01
3.536721338862891528e-01
2.273182260475925531e+00
1.189486806994764834e+00
-2.952573535884592815e-01
-5.924618496571554260e-03
-1.631832495387234516e+00
-2.377812856637664396e-01
8.191857778688671488e-01
-1.045677360155186086e+00
5.540274110286986797e-01
1.555907984543553724e+00
-2.760061059167782105e-01
2.977570721200104131e+00
-5.950571073135009215e-01
8.458128902690633666e-01
2.364229279747569024e+00
1.140427971357400594e-01
-6.839381059811246999e-01
-2.344662164014720940e+00
-4.552027295754008662e-01
-4.334909116800460538e-01
-1.158142455285884331e+00
2.369356973978995029e+00
1.287391664014245762e-01
-6.368031421095503575e-01
-1.449138078990328538e-01
-1.957912628035310298e+00
-5.154327811986352259e-01
2.620370496465436183e+00
8.725087579337209576e-01
-4.298010000878269565e-01
-2.023087624709472010e-01
2.088207599271729720e-01
-5.843915496494123119e-02
9.476713515136196975e-01
1.150201210036625454e+00
1.229510880360012770e+00
-4.120011396439133833e-01
1.143847058305111020e+00
-3.119822307788941984e-01
-6.907776591738787886e-01
2.521581714987508605e-01
5.527057714307304082e-01
7.560584977571940257e-01
-8.200982610103348946e-01
-4.914796495258393350e-01
3.115000549931998819e-01
7.601820794144416027e-01
5.615854758291041193e-01
-4.358252204361265925e-01
-9.324329941410436362e-01
-7.364819660712722538e-01
1.060441467994674980e-01
-8.792789987653666373e-01
-2.827664674311342274e+00
-2.639083544582279117e-01
-2.875028704805782098e+00
1.542415197934268178e-01
1.365426680473262877e+00
7.756478079232600464e-01
-1.508826838647557622e+00
-1.772636686367118131e+00
1.146550101033080082e+00
1.603369231883479351e+00
3.955972715738358403e-01
-1.758686431070946021e+00
1.991157410368212588e+00
-1.027364879558602340e+00
-1.904558274635656190e+00
5.716924177957025677e-01
1.832148862251773203e+00
-1.522233710012323993e+00
-5.022063071017281999e-01
3.078663601120865678e+00
1.256134570740245593e+00
1.144104000304354329e+00
2.643723114331921309e+00
-2.216157174198222002e+00
-4.025109882062061217e-03
1.597013862536961426e+00
7.641829846302847784e-01
9.446201626365455795e-01
1.299101553566641698e-01
-1.869787159623897299e+00
-1.465332232954374536e+00
2.354496846960705270e-01
1.494711495494964737e+00
-1.255161649703433469e+00
-2.461095495673504274e-01
1.290114319801169529e+00
3.001799781775194020e-02
7.020777325435467731e-02
5.863786773748822512e-01
-2.570117923140066818e+00
-1.356053598247709324e+00
1.983756179348229232e+00
-2.199717768446193489e+00
1.043654163670558077e+00
-4.774540520644228181e-01
-2.508734041324887087e-01
-1.335497606067812537e+00
-5.735676432651777290e-01
-1.571677614629480413e+00
1.549524440217775023e+00
1.719581817569245885e+00
-1.684499121644325470e+00
-1.598193654214376203e+00
-2.437715694222923446e+00
-1.208662231310526636e-01
-1.196944040604686066e-01
1.417571857772299992e+00
1.496635521847231587e-01
-1.182623554246990949e-01
-1.129529708879824401e+00
-1.233307186031407099e-02
1.805901149615518619e-02
2.552221820535125474e-01
2.816186832078404478e-02
2.413637672712287241e+00
2.513947457471221725e-01
-1.368721330094734512e+00
2.980241539871375522e-01
9.821681926566228071e-01
1.768786030342943683e+00
1.146713274775354563e+00
-2.442343493365486395e+00
-5.349088962666863623e-01
-4.210398550390674899e-01
-1.453183484361193489e+00
-7.796577257183940901e-01
-1.611551340049146575e-01
-1.685325094895873121e-02
-7.397005304066128772e-01
-1.625167500315853886e-01
7.909516695374563255e-02
-1.665972796151447000e-01
1.300819926099978652e+00
3.205930064132385127e-01
-3.125002588204557341e-01
1.844272264402537331e+00
