1.747636074724329802e+00
5.723273264517487746e-01
2.382974119594013729e+00
-1.540062147877905296e+00
1.086068494010838492e+00
5.514548308692930334e-01
2.886430443290510794e-02
1.965580604127078246e+00
6.889306294840373823e-01
1.547754981702313515e+00
3.784916261515629543e-01
1.089620391108452324e+00
3.221848498243740977e+00
3.495166625652501580e-01
-1.729765308648427702e+00
-3.734068453459169490e-01
-7.331526295532047044e-01
-2.066605530829938253e+00
4.012245523797028923e-01
-6.648654790300794204e-01
-4.498004984124950312e-01
1.903188590835654281e+00
-5.312498126596851833e-01
-5.182584569362429505e-01
5.703147089068512088e-01
-5.972660523829249613e-01
8.275282995266071140e-01
-1.659917874333621590e+00
-1.001637519537617038e-01
-3.500449739119417814e-01
-1.459726477140952383e-01
-9.705269527392328399e-01
7.605974601422538228e-02
8.363247949513530344e-01
1.738101984919572018e+00
1.460587072182714330e+00
-6.569525223560290783e-01
5.425975511305303201e-02
-5.043436525119737723e-03
-3.180069490951080269e+00
7.494393329387696312e-01
-8.629962783085476374e-01
-3.233631989564321074e+00
2.104885172614956446e-02
3.318903149382352424e+00
-7.805169658591051274e-01
-1.118654954332166440e+00
1.255816485534944071e+00
3.709846983000435472e-01
-1.888470225992167073e-01
-4.813182928357013779e-01
4.536587701729217770e-01
8.348634318375012242e-01
1.133218584786643390e+00
7.630088123034992620e-01
1.304966619579216669e+00
-1.296109546840238380e+00
-1.099594354454346945e+00
-2.762988805547115234e-01
-1.122827475006349385e+00
7.776291424821017984e-01
1.882916564703331908e+00
3.950179480232183238e-01
1.598904976115100851e+00
2.690852435452679714e-01
7.618364369324588381e-01
3.790995826546978975e-01
-2.800978976556220523e+00
5.336153257107874026e-01
2.813726536803677902e-01
2.959738357769463590e-01
1.633525733167492611e+00
2.207863079545093754e-01
1.534270632068577278e+00
7.636946453702710969e-01
1.982348265830182754e-01
7.434918761587860914e-01
-1.161533473568978181e+00
-1.201347751856252977e+00
-1.312033149018009937e+00
1.461685285416967517e+00
-2.105173683895858794e+00
-1.018462077599463278e+00
-1.727993647016567991e+00
-1.363814150143523030e+00
1.967412690167353873e-01
-1.168039589631759689e+00
1.631738497507083885e+00
-4.013505098378011837e-02
-1.122868673836627806e-01
-1.494770753961729426e-01
-7.240941612993143650e-01
-4.366168622406272348e-01
4.402952516694336182e-01
1.118412349429082298e+00
-1.190717369398027969e+00
-1.261739422121731735e+00
1.235634161562931155e+00
6.335804299562850517e-01
1.940034133062839672e+00
-1.419229781709310245e-01
-3.542214519353272806e-01
-2.247989202050852953e-01
-1.946754259351107130e+00
-1.126560876799365118e+00
1.310839792081973876e+00
1.278080696312436260e+00
-3.634442355414471137e-01
-6.946242253135723743e-01
5.278910018795857084e-01
-3.345694685755224995e-01
-5.067511542275795478e-01
-2.097637315270540093e+00
-3.462616762986590047e-01
4.870559848332352004e-01
1.399597207497002671e+00
-6.295594895091323195e-01
1.115408777563343889e+00
1.056436339850439055e+00
2.527046733695667236e+00
-4.434258996901769834e-01
-7.537459667425672194e-02
-2.196951050322360821e+00
1.016959107700401432e-01
2.362234771396053645e+00
1.515076574195823866e-01
-8.806514815958070841e-01
-1.209724958735342693e+00
-7.549960674531162041e-01
3.790671953534872074e-01
-3.497673649360635295e-01
-1.782501365985704744e+00
1.552045674292699573e+00
2.066216476179763895e+00
-1.658523732869648271e+00
4.550748677474878434e-01
4.794050026900471551e-01
-1.372999275394951368e+00
-1.444282049766902887e+00
-3.402442037713795386e-01
-2.092706606442238382e-01
5.389735290128943035e-01
7.169553223749849380e-01
-1.665643795229656554e+00
-4.577654989806951846e-01
1.072929971409628536e-01
1.969677726807319118e+00
-9.073287189420975452e-01
5.540629624320922986e-01
1.185278182655294721e+00
1.267130995773485758e+00
4.153737679377114134e-01
-1.283859559916349369e-01
8.219060187563753672e-01
-1.893715597732139599e-01
-3.402196532016130703e-01
1.879920930932376777e+00
-1.167424722968082307e-01
1.201125010243666580e+00
-7.002651259925798399e-01
4.065443477915433590e-01
-1.786266441536390026e+00
2.561403740316947619e-01
1.345538326020372821e+00
2.249821338484654376e-01
4.810300089957220138e-02
-5.900143330037757039e-01
-3.246636964332916264e-01
-1.012819695862865910e+00
-4.580904487270496261e-01
1.624880856504340443e-01
-4.170256605201307920e-01
-5.025899405783773588e-01
4.009534654302973067e-01
-2.349996686974931137e-01
4.352025407527202461e-01
2.991447958940069540e+00
9.482844258586453634e-02
1.565942478242683400e+00
-1.167819732848576209e+00
-4.744870431509307096e-01
1.452725755201234037e-01
1.210859319337657780e+00
-6.431642545960443158e-01
-9.294368550319944688e-01
-4.651621334410904751e-02
4.469093327195947651e-01
-1.215039529467709656e+00
-1.146347849651931927e+00
-8.376609927501732500e-01
1.449355558162882751e+00
-3.281780522956907475e-01
2.105832677819785559e-01
1.995933348436906840e-02
-9.698978407580440830e-01
1.284221361112694026e-01
1.078593851699061190e-02
5.533689535216215205e-01
5.200952099899307512e-01
-1.727551344914080467e+00
-1.457391088179505800e+00
-1.700804832050524240e-01
7.224228253644957576e-01
1.156433533021665738e-01
-5.007431043040542207e-01
1.490719095237841074e+00
1.531818780063317398e+00
4.704231183814986395e-01
6.115701896040723895e-01
2.803706276224104954e-01
1.020231584070660169e+00
-4.188458587473533612e-01
-4.141067853678501720e-01
-5.227787760386428673e-01
-1.251407603584719919e+00
-1.572753251951393150e+00
4.586142332164300228e-02
-1.142627779052663328e+00
-1.183714988414198643e+00
1.574514102020298623e+00
-1.936822386473404656e+00
-2.002432254576340664e+00
-6.023998843217750476e-01
1.385828548872488852e+00
1.912919155688069139e+00
-4.238950074026437420e-01
-1.388471490515943430e+00
1.331201658388085463e+00
-9.388397042284735150e-01
-2.289882044993412080e-01
7.234917116709240759e-01
2.001325154519308036e+00
1.533444834609394292e+00
5.299158343602723420e-01
-2.404561289910951416e-01
-1.360256182746999443e+00
8.681856186076046811e-01
1.620000406316704833e+00
1.161169069698646084e+00
-9.112748653284334921e-01
-8.058606917041064577e-01
-8.105358584718551640e-01
2.218811317839293196e-01
8.717422679471127367e-01
-3.815466891641579039e-01
-2.050682311267904012e-01
-1.992174221964634562e+00
-8.808684709550647085e-01
1.327261015834610980e+00
-7.700494617253195173e-01
1.409950359348002280e-01
5.265138736252570340e-01
-2.888664822906763519e-01
1.369799326608407419e+00
-9.172333739495606153e-01
-1.476899180246733945e+00
3.868120719030958554e-01
-1.438504589059999006e+00
1.649574114312076567e+00
5.694501132437466140e-01
2.520645450717937663e+00
1.240300890014973234e+00
7.051612493664087822e-01
-1.463967755812915605e+00
5.470041103765428403e-01
1.578052162827814797e+00
1.309668539598296988e+00
-8.607713248776098780e-01
-7.337006315571059645e-01
-1.007815437661367497e+00
7.586221448402197254e-01
-2.839609573504460194e+00
4.943600655825441947e-03
-9.854587272576669221e-01
-2.023534512127169727e+00
3.575724936458311021e+00
1.131821710097682399e+00
9.413827052542096396e-01
-2.604708390366727855e-01
6.649938143054345829e-01
-3.139396602689989990e-01
3.267661079632544485e-01
-7.021759335396637880e-02
1.996329800780980435e-01
-8.225358334760581869e-01
1.607091041138392740e+00
-2.835431684149678500e+00
1.979065642778641276e-01
-2.445450623629404241e+00
-1.849960485842023772e-01
-1.686672607074246599e-01
1.515005237734943222e+00
5.689117595564869845e-01
-8.191859027892824940e-01
2.787924148586449213e+00
2.282754508264162041e-02
1.387498634076339776e+00
6.407797244549957583e-01
6.114305545512372930e-01
-1.812125378816386245e+00
-3.360974073680136343e-01
-1.767586291228049333e-01
8.121154991993080330e-01
1.004623451107362619e+00
-1.094697093825173440e+00
-3.489874443563198980e-01
-2.051324811883841193e+00
-1.469272630800499968e-01
-7.273264474283411829e-01
-1.158111145568123224e+00
4.411584336484430935e-02
9.256052871097697476e-01
-4.290165600202797691e-01
-6.358604639669618308e-02
-1.884344134817927952e-01
4.724169390325050344e-01
1.552133561784954097e+00
5.311867829513161610e-01
9.048762153805238739e-01
-9.044806955803421644e-01
3.940308571671753413e-01
2.860575773276712752e+00
4.932850218398563413e-01
-8.890287588107890215e-01
9.273061406510061389e-01
-1.090334806404103851e+00
-8.902567841156194817e-01
-1.194056901346369770e+00
-2.105182628546762302e-01
1.325357495361015658e+00
-1.683896390669361587e+00
-4.883535740540416725e-01
-1.642515546888213329e+00
-1.296098751089491685e-01
1.285884387422957076e+00
1.925241480245230008e-01
-3.612893492217885694e-01
-3.636827016646648758e-01
1.371333917847659123e+00
-2.467327512062835737e-01
3.089573057208969686e-01
5.092076507002563091e-01
9.926875390565470525e-01
-8.410077843409338172e-01
-3.448089195245493954e-01
-1.055493437089694009e+00
1.013908839942710749e+00
-3.155394744268944507e-01
6.791926249189126352e-01
1.852784650022584856e+00
-3.805626060388629384e-01
-1.376181185399077300e+00
9.377630555020024516e-01
4.076875530040622309e-01
-2.977338546396355312e-01
1.056474061533597464e+00
7.784286634691106599e-02
-1.399488565613154378e+00
1.381269127644172201e+00
-1.843552827594772126e-01
5.963293246514966839e-01
-1.113764881144923446e+00
-1.001328097415700391e+00
-3.366053130256405623e-01
-4.450705518542772410e-01
1.026688993032656150e+00
-1.030955893241603860e+00
2.524417802734681970e-01
1.043209451222129047e-01
-2.994601488156014568e-01
-5.890411265831954069e-01
9.682077570130731559e-01
-1.665975311957800908e+00
-4.915853310106541585e-01
6.221511899868161777e-01
2.897496720430829953e-01
-5.278650807881168916e-01
-1.934144185359119472e+00
5.685326491182429720e-01
-2.553572515666640008e+00
4.056930802338705178e-01
-3.845495924453992131e-01
2.157704601547613343e+00
-8.993806885366337767e-01
4.836938104332055843e-01
2.071516384693426360e+00
-1.754303817142972566e+00
-2.152449935620373012e-01
-6.472639002855746782e-01
-8.749074593243904019e-01
-5.304327779144344390e-01
-1.220576350878823657e+00
6.680964251293097789e-01
6.973770874587206237e-01
8.867169012095921232e-01
5.586842492863564047e-01
-7.345496370637549788e-01
1.877728294694859024e+00
1.203206067003730340e+00
-1.203597294914086291e+00
-1.865809923900282996e+00
-1.201331943388754819e+00
-8.572151302268071760e-02
1.510045037941902812e+00
2.340740459976640153e-01
-8.728721081707551122e-01
-2.254495949163314528e+00
2.261723268112136864e-01
-1.403921331153601404e+00
1.957522710080644046e+00
2.022003940318391813e+00
2.929839017232077403e+00
-1.831347701772934045e-02
-1.638121739455150383e+00
1.720880506464982140e+00
-3.235581149540509571e-01
2.245776008502482490e+00
1.293879059311695556e-01
5.999226807186586186e-01
-2.242209990665404717e-01
-8.141546388308942284e-01
-1.746361260289966744e+00
9.086476258042575083e-01
-1.741403482165839733e-01
2.476992991381877118e+00
-1.709838618368044738e+00
3.886515911370125309e-03
1.885262386096890452e+00
-1.556245853815070301e+00
-2.060840051607874202e+00
-5.708356348658076840e-01
4.827594239822747824e-01
4.520476392414600753e-01
4.975816186247641326e-01
5.854802172694340001e-01
1.790767008242358571e+00
1.900664682349666457e+00
5.377194966725244996e-01
3.897979756382099481e-01
-2.531189495738033202e-01
1.494182612088703621e-01
5.853816112402379090e-01
7.814187559955323437e-01
9.863459131228733412e-01
-1.319976269078694031e+00
-1.645544621502796900e-01
-1.825860141172608309e+00
-6.332270525597785138e-01
-4.509903720192616206e-01
-7.431685132031153884e-01
-1.217132225109325727e+00
-7.652635730818495574e-01
1.697003642450878758e+00
1.002541025457576396e+00
5.562791664653730095e-01
9.297083208267453713e-01
-1.846449484903543325e+00
6.015619934621341258e-02
3.716057987367404891e-01
-3.086183434914715473e+00
-1.300912351767822273e-01
2.254760726115900837e-01
-1.057002002491538306e-01
2.259026506712427107e-01
1.235177204469173340e+00
-2.389445356228394601e-01
1.337962695485117592e-02
-1.098135369508514980e+00
-1.104375129044292692e-01
-2.892885662547115544e-01
3.212088438174411920e-01
-1.848471818339527672e-01
-6.405162525649137351e-01
1.023125394860814552e+00
-9.336261445653102342e-01
1.576387101577928718e+00
1.189503942902300437e+00
-5.328041400790128890e-01
-8.852445489076314900e-01
-2.424970547313645142e-01
-2.182180816591243744e+00
9.298585397554424148e-01
1.005236496906443122e+00
-1.293952169799717389e+00
-6.567567397837139609e-01
5.560757446953363825e-01
1.702092439012670155e+00
1.971065983602926508e+00
1.980167172041672252e+00
-1.409390054284768823e+00
-9.816871754297906705e-03
-3.879458977185370472e-01
-1.009815751873292200e+00
-1.408961626809492884e+00
7.167440915759488718e-01
-4.216852814999452193e-01
1.090646312873591484e+00
-1.274804438585543931e+00
2.638491469294730329e+00
-1.279111679390687595e+00
-1.489968595553088360e+00
5.157574405771665482e-01
7.765973207745524576e-02
3.485546933851324525e-02
-2.896620670071418768e+00
3.398740085415488110e-01
-3.270800433861555945e-01
1.472491534624770892e+00
3.520135247184699168e-01
-1.180037008157012401e+00
-2.916137141491343954e-01
-3.759100597766309448e-01
-1.112822321598461173e-01
