-1.460807997302613348e+00
-1.337542995473739893e+00
-1.286207419837370747e+00
1.098313704487130948e+00
5.768246049237930606e-01
-1.988308025884406138e+00
2.222669196435460570e+00
-1.824477061124367694e-01
-1.400721279655176232e+00
-2.395852711405763724e+00
-4.034050968265638915e-01
-9.979633926664579491e-01
-7.516283503716847392e-01
-1.984195161130413165e+00
-7.643707255554854640e-02
2.296267710785419247e+00
-3.119903147292530932e-01
-8.992735231360056147e-01
-1.832400822638868387e+00
6.924344606039332106e-01
-1.588363076725898271e+00
-2.582829917062798852e+00
6.370490903177072894e-01
4.142300033054073793e-01
-2.452523388564298301e-02
-1.065030075900610385e-01
-7.012605519367607343e-01
2.586170897949622294e+00
-1.477858125173332482e+00
1.108263012816925297e+00
-1.569501146323037943e-02
1.579400717173929714e+00
1.920394402505650078e+00
-2.891679880564097971e+00
-3.296788631781484291e+00
-1.791569594143158639e+00
-2.534022873756374139e-01
-1.698262162311180212e+00
1.019514005765316256e+00
1.470279046004019818e+00
-1.618391761809276019e+00
-3.635610431106650609e-01
3.044873724323160502e+00
8.678636229911687039e-01
-2.303808553348557275e+00
2.219377701007805292e+00
1.290390346154035583e+00
-1.907650001984571020e+00
-1.324023111702604005e+00
3.641957326557685448e-01
2.594853763821285852e+00
2.645405027816716270e-01
3.956696717361101179e-01
1.046374495970685103e+00
-3.651548192570519547e-02
-2.555146016230693817e-01
-5.297069698462486542e-02
1.009186978433848303e+00
-1.896332294147490938e+00
-2.220741419392879834e-02
-1.743146151467291904e+00
1.441511397191410637e-01
-1.808574060254972693e-01
1.851077065259225662e-01
1.483243866478039408e+00
-1.419058342330917988e+00
1.921199942902753754e+00
1.478875614325730226e+00
4.782103000317050601e-01
-1.501965062599832201e+00
1.133013643598825837e-01
7.666005444275079128e-01
1.543052918857221734e+00
-7.184527398867102121e-01
1.400685134189657788e+00
-3.129150597177445814e+00
7.956936933254734612e-01
1.295425133768819848e+00
-2.181293429084195878e+00
4.626467091951802502e-02
-3.267922619399914907e+00
1.282961730601424044e+00
-2.337343621649228265e+00
3.742195488230802169e+00
2.200959263861115289e-01
2.315523475297744938e-01
9.096495861000439831e-01
-2.232671366152682246e+00
1.257577635215145762e-02
1.865855558491373856e+00
-8.993128423788885328e-01
7.699129064811529588e-01
8.702814769005495776e-02
1.334841637222540456e+00
7.974586887930357193e-02
1.864155893970622202e+00
1.458516367533652769e+00
-1.123572226854129497e+00
-2.607948081322329692e+00
1.785788014330449869e+00
5.615806809635257579e-01
-8.465739180304376887e-01
-1.803616716168190415e+00
5.570006673032388278e-01
7.270433935533535674e-01
-2.285259510781587622e-01
-5.688750997021720934e-01
8.622015385311421198e-02
-2.525520206260427614e-01
1.423354460891611772e+00
2.163189374563389222e+00
-1.947752900471400928e+00
3.801393886822975077e+00
6.250326732984179401e-01
7.567445406180883793e-01
7.745452942681279040e-01
-4.859671439716830577e-01
-3.065460509452009319e-01
-2.286789702417358239e+00
5.335940873294164888e-01
-1.721826861091116712e+00
-1.746976035456553333e+00
1.322239788794218107e+00
4.328839718700052686e-01
-9.057797403508986989e-01
1.836252200246956789e+00
-2.665018824392713093e+00
3.587025890559152330e+00
1.867377202395235969e+00
2.826050670123265718e-01
-1.275403608627532215e+00
1.039440543266435313e+00
-4.543050385664129109e-01
7.947714779397845319e-01
9.791701779036818820e-01
-1.020317492625900435e+00
-1.039588839441218493e+00
2.753336801860054806e+00
1.657866738660218608e+00
-1.546055235535881422e+00
5.701348884510393233e-01
6.858144897674236518e-01
5.946372420004646386e-01
7.975928936796226054e-01
-1.348959533459552773e-01
1.352500361130513973e+00
4.823250834557937239e-01
-8.385354008810050885e-01
1.654030213910903768e+00
-1.237854335655742766e+00
-6.556487387340999007e-01
1.713291359160312055e+00
6.767347462142438985e-01
-2.572180526729013650e+00
1.186540200742888018e+00
-2.085108856434310098e+00
-1.248019726790283723e+00
1.051990081418619383e+00
-2.050785615451120592e+00
-4.870791048193288120e-01
-1.030563484500912175e+00
1.091525787785160517e+00
-2.084042370899768404e+00
-1.139739768319627089e+00
2.563703650653081922e-02
3.475322846534361076e-01
9.820789042984534589e-01
9.718573357980808680e-01
1.039767312072105376e+00
2.846788880957866752e-01
-2.628228630437092761e-01
3.568129930366861657e+00
1.147227791620379911e+00
1.829902631595539120e-01
-9.972543885300222399e-01
-1.672798326482815678e+00
-1.732251450606523857e+00
1.210584619465001843e+00
-6.210454037964137086e-01
-5.528052573634800737e-01
1.670999104383041889e+00
1.668574939872660146e+00
-1.069894166679977054e+00
4.902958392494962681e-01
1.601565009461846323e+00
1.643326309450781508e+00
3.654004810804281078e-01
5.215029898013590071e-01
6.373940527969343961e-01
9.032680652035418589e-01
-1.738416369303505959e-01
1.337150241269555728e+00
-1.404191646291582884e+00
8.444312999313430268e-01
7.120605472364118782e-01
-1.785914335564499744e+00
-4.602800997018321461e+00
8.460307712052728135e-02
-2.153774474520414373e+00
3.820776004668289261e-01
2.758893505514596889e+00
-3.766835908079148254e+00
-4.318070655379822043e-01
8.816168676680113947e-01
1.335280881953289978e+00
-9.631906511819776640e-01
-2.624563483484383397e-01
-2.421616349865409745e-01
1.156987109266301772e+00
-1.316360291554844686e+00
1.211092603517976762e+00
1.290934114510951858e+00
-1.212617475614509388e+00
-1.597116811103997946e-01
-1.028321761204213480e+00
7.581889309646143715e-01
-1.656285161463717071e+00
2.585775348680706465e+00
-9.107342956494726138e-01
-1.281233024694379274e+00
4.176007343733969535e-01
1.643940866072868268e+00
-9.130707761725602722e-01
-1.616701473969222924e+00
-2.379962868153890021e+00
-2.063333211126794353e-01
-1.636853660011592382e-01
-1.109365814076830770e+00
1.575250217211392467e+00
-1.232196485118244311e+00
-9.420441650578190718e-01
-3.406394491466639973e+00
-4.192870170010063902e+00
1.741092048593334773e+00
1.369645304901633054e+00
-7.787273763995923304e-01
-1.372263366477040059e+00
9.586509708730428514e-02
1.673679155075591396e+00
3.882849986331207148e-01
-1.032830354017701513e+00
-5.548510783310423022e-01
-2.447786541712196673e+00
-1.798600435124846797e+00
-7.947218219981522225e-01
-9.832529892597374754e-02
-8.794808746029350033e-01
-4.212195691916642559e-01
1.324702858590665500e+00
-1.032691443859827807e+00
-4.257134830000005365e+00
-3.294531097404070241e+00
1.744505067561902933e+00
-7.840611481185639775e-01
8.782396732624349056e-01
-1.747906005366772764e+00
-2.550348193944742548e-01
1.062712107978587284e-01
-1.681065796684277913e-01
1.708850565417243672e-01
-2.506953575299423864e+00
-6.990948986082070604e-01
2.622171420321990354e-01
-5.245659329645899760e-01
1.611048418103507629e+00
-2.338235854102703737e+00
-6.138246782702871940e-02
-8.848082417655334098e-03
-1.021831984008432226e+00
-2.077452684798935856e+00
-2.860507151543005833e-01
2.486392995024294450e+00
-2.222496148860910736e-01
2.375164638748124446e+00
2.751644401403794404e-01
-5.974923220194501283e-01
7.251072558911531019e-01
1.216898171380064397e+00
2.525452517640101036e+00
-6.154960455318292389e-01
-1.298310123557651075e+00
1.363882495693854224e+00
1.899772317140353550e-01
2.632598902760325821e+00
8.789251379240088369e-01
-1.562365710744160197e+00
2.418347547908092032e+00
-2.601461409419920656e+00
-9.946756316951423926e-01
-1.278894326032279594e+00
-8.937849684957299701e-01
-9.057083764399198600e-01
1.946667100203615774e+00
-2.041778333291419667e+00
-1.215716719216048958e+00
1.046196607854591676e+00
-9.648238200372452056e-01
-3.386096296036207320e+00
-1.307057678153556779e+00
5.804511536877416944e-01
-2.137383986367932032e+00
1.558801792705480693e+00
-1.742062295555805385e+00
-2.768200820306374599e+00
1.399037231664434167e+00
-1.937394568683914020e+00
-2.338010432126385041e-01
2.088513772302853511e-01
3.444400256888098255e-01
1.464785115841884533e-01
-2.645114706776112712e-01
9.827766462106337642e-01
-1.755497086729803868e+00
-2.325425643662045516e+00
-7.195521390493926361e-01
-2.266543805925577360e+00
-2.463698327325558157e+00
6.229497440332263380e-01
-1.381111203100443774e+00
1.428281077274951016e+00
1.969305892658432811e-01
-2.734023600650097308e-01
1.402875096497616880e+00
6.448698143352427081e-01
-1.862729974330286087e+00
5.765976329123052579e-01
-2.746517863440400831e+00
-1.508398660077092668e+00
-2.196343163754443939e+00
-3.877528125053109065e+00
1.929477255820444270e+00
-1.278673780229374835e+00
-1.268662709094918739e+00
3.139351450378935482e-01
-1.446610315958158921e+00
-7.835603107304827120e-01
-1.944070651616675693e+00
-2.740567728319972751e+00
-3.385070222974402299e-01
-4.460710248920820575e-01
-6.110516891822017627e-01
-2.438070811764803114e+00
-1.211195943893779159e+00
-1.002539673267790921e+00
-1.671612161227595816e+00
-2.086970502269753780e-01
-3.797956467423845517e+00
1.599157608299012878e+00
7.884566032146889114e-01
-2.343063141756426049e+00
6.806046602846835825e-01
1.235565442062132924e+00
4.214394811276882535e-01
8.254682816317941985e-01
-5.527349310393336879e-02
-2.180226814446349692e+00
-1.158131377014830932e+00
6.889891161979688761e-01
-2.388400439549744902e-01
-3.207672651911950723e+00
1.378946991463962490e+00
-8.041943124377954888e-01
-1.069389754939664261e+00
1.926268865467654301e+00
1.023346127264817440e+00
6.972875885168141608e-01
1.578334704528638888e+00
2.984570067570835761e+00
3.000259649238316229e+00
9.870454084790658555e-01
1.323186681027667788e+00
2.458794889382154736e+00
-1.132526718141848132e+00
-1.361330526144620912e+00
2.310623862404366236e-01
-5.030673360749435830e-01
-2.226491118986000828e+00
3.940228831214886540e+00
-9.582618002913037003e-01
-1.255753389188450253e+00
-1.056202755977633245e-01
-1.084074247824915460e-01
-3.796023849868763733e+00
1.135027062220017591e+00
-1.840833578346297017e+00
-4.740071808490728955e-01
-2.641758259188673019e+00
-1.400698834367832379e+00
1.097739330374153610e+00
4.036886977031365120e+00
2.216959812684526021e+00
3.147458962452232001e-01
1.242767109659610014e+00
4.433046924851344883e-01
-3.039351311532953126e+00
9.427465488330133425e-01
1.394106103734625179e+00
-7.441479564121609158e-01
-1.569448940917555380e+00
-1.224661106819808776e+00
2.645495581502572691e-01
-1.018120129462492862e+00
-8.785600802183299862e-01
1.387173781534668748e+00
8.996196126785012126e-01
3.109837487747746820e+00
1.125479203199351019e-01
-2.895191355357443097e+00
-5.868913324298290490e-01
5.791893241067676001e-01
-8.850437711692435983e-01
-9.763021212444495944e-01
-9.383981607894620325e-01
2.352965800364526849e+00
-1.451174848743057577e+00
-6.224402420533614588e-01
-2.895857299168635990e-02
1.402101255341776209e+00
-1.006082178345453659e+00
4.235915396631906304e-01
1.512586851736451798e+00
7.711406155468392143e-01
-1.256745375343436777e+00
2.235302572702657642e-01
-3.269672433033221637e-01
2.730302050906737499e+00
-6.455901897263949252e-01
-2.953906087525393520e+00
-5.214332101002741027e-01
2.260333507070555470e-01
2.546427099736654043e+00
1.550880979684237104e-01
-1.182547399429907387e-01
1.476579745007631672e+00
-9.128440153431753856e-01
-1.643720272051275799e+00
-1.142215611817958276e+00
-1.379411591686938721e-01
-2.048042799094605293e+00
-6.454748540600903084e-01
-1.690178409484511146e+00
-4.097693997701901125e-01
6.887476203172635536e-01
-1.306512957869854219e-01
3.677371058014086813e+00
-2.901684297810342095e+00
1.817056271382469390e+00
3.431502409903314899e+00
9.198488334770358321e-01
2.361689125841690995e+00
1.273430852082023890e+00
2.297250077318837569e+00
4.530478332029321820e-01
-6.576918314022037748e-01
1.839568361797346618e+00
-8.675062058125595499e-01
-6.183913205374027555e-01
7.543870232731642034e-02
-1.590675461293095783e+00
1.529456111921715156e+00
2.081632888086292432e+00
-4.381583612999762067e-02
-5.204857417127932706e-01
2.013036530556338022e+00
8.163019693040869385e-01
-3.505783306609724370e+00
-1.741320594645432429e+00
3.732533154711195067e-01
-4.697433151520860051e-01
1.311584478454879132e+00
-8.697199458476925216e-01
1.638778847779484238e+00
-1.730993040879693634e+00
-1.557387499573110290e+00
-2.540425507918477877e-01
-2.515609965119274261e+00
-8.882002583828203512e-01
1.118278391781792003e+00
-4.681998134195266559e-01
-1.077712402818460369e+00
9.302981114027977227e-01
-6.006606024965934765e-01
-6.988682096160383495e-01
2.255129992099665692e+00
-1.560359613006931934e+00
-2.711338842266753701e+00
-1.507105313833070337e+00
2.102789085410447179e+00
-2.968966654011927275e+00
-5.418845957818092529e-01
-1.813179102230012774e+00
-1.806267983970137880e+00
-2.814401422959721621e+00
-1.635344645122818630e+00
2.368849250618943358e+00
-8.995144813464541755e-01
-9.018913945645863350e-01
-8.450232385047202754e-01
-4.971266717554057024e-01
-8.890715283605423735e-01
4.663030667696475007e-01
-1.224949213314201479e+00
-1.834614566042618300e+00
1.312028928572138042e+00
7.520711670074851085e-01
-1.071082726876222413e+00
7.716229744228435550e-01
-5.477593508030178526e-01
-1.994507536290670124e+00
8.575769424654549056e-01
3.982151818245682762e-01
1.722002585076401360e+00
1.804362426063004676e+00
