-5.792966974263498159e-01
-2.444351310984880676e+00
-5.846122265708233456e-01
-1.052922926360988498e-01
1.097446256879224258e+00
-4.733896916312829717e-02
6.008295419697331496e-01
-4.355559444201828612e-01
1.256653725943285949e+00
8.950787757677503009e-02
-5.305501592503967245e-01
-2.933930592417546279e+00
6.282548164581447381e-01
-1.346976618011334281e+00
-2.298711896107583641e-01
1.188161894854466993e+00
5.585513365765777394e-01
3.169095962592013649e+00
5.617649013996670604e-01
1.750174089153131440e+00
-7.443067545942758656e-01
-1.738629005027959806e+00
-3.469853091088328512e-01
1.925602852076036875e+00
-3.434386011300247787e-01
7.947603306666204404e-01
-1.501943342663131897e+00
3.776026666353452299e+00
3.862015778779062103e-01
8.371774681012240649e-01
3.064186311211045677e-01
1.619201497639656040e+00
-1.374047335430885752e-01
-1.244472768244174965e+00
-1.959644821474580745e+00
-2.175803233078764443e+00
4.431731539319709867e-01
4.463530081424718077e-01
-1.225620817899391923e+00
2.681197758096089956e-01
-6.428095955698855946e-01
4.125970082959051766e-01
1.142879641274582525e+00
1.372188080249402198e+00
-6.016931196058248332e-01
6.551329179715370543e-02
3.234279243037059715e+00
-1.888988356801855506e+00
-1.282329608670473853e+00
-5.514792659032430322e-02
5.689988829718553021e-01
2.168720338969498229e+00
2.658085668941511770e+00
2.768732078122080331e+00
1.828405824417078662e+00
9.871652097177552321e-03
-3.854602744373316625e-01
1.620561646982194404e+00
-1.938338771505319968e+00
-7.791420049220656452e-01
-8.452604398806657926e-01
4.843128119517334795e-01
5.540756942275404384e-01
-1.465252375250396089e+00
8.557984420084512323e-01
-6.223855340196173813e-01
1.758186390273661637e+00
2.440408357792636096e+00
5.762957986111256758e-01
-1.335655091218484358e+00
1.427232071449791917e+00
-8.222542299430699586e-01
2.313503789183526393e+00
-3.027090210549369775e+00
1.010851886221894702e+00
4.660189580906006768e-01
8.573625529951360846e-01
1.103407255634900608e-01
-1.189514582315585933e+00
2.665581595703871542e+00
2.100628300218865263e-01
2.087960801473442984e-01
-1.963204062647992743e+00
1.663621468726282693e+00
-1.025412296220284514e+00
-1.673320476154360748e-01
9.173189307623106359e-01
-2.398919571396025852e+00
-6.048406484754442758e-01
1.452897676461764043e+00
-3.141661485140572196e-01
-9.858051702042578412e-01
1.954303157716211103e+00
7.631789276005456202e-01
4.006750416208726406e-01
7.342888209439424330e-01
1.983402833070924132e+00
4.964901112078177192e-01
-2.181055876175849839e+00
6.469992448456451939e-01
3.251066174341898929e-01
2.548693512234763148e-01
-2.757017967508806677e+00
1.231301911331817323e+00
-1.882864916364204610e+00
3.471734936093193724e-01
-7.851552755637527525e-01
8.100910405751102772e-01
-9.681006222302244169e-01
-2.823584015401543468e-01
1.937612679000759286e+00
9.191503594838916769e-01
2.133105788660962787e+00
9.599409095655397905e-01
1.354241004622220856e-01
-1.072281186684701737e+00
3.683793383814357725e-01
-2.710062864757634138e+00
-2.634837761917639298e+00
9.660342290604759796e-01
-5.972683800180043079e-01
1.166167143415126617e-01
1.978194259626553375e-01
4.906481579743715571e-01
-4.516887970911298567e-01
6.055472963334773695e-01
1.997450979726256293e-01
1.489060235591735726e+00
-2.836678974892405947e-01
4.070423331920371979e-01
-1.474761827818489301e+00
2.246648372568484930e+00
2.103358967206457208e+00
5.514301487044619421e-01
-9.147315989753392884e-01
1.054001065456390052e+00
-1.727773437548552948e+00
-3.224282306852899183e-01
3.899244965863655210e-01
-5.371131865212142031e-01
1.093606344238740036e-02
-7.858365378922682609e-01
-5.397744604222873832e-01
-2.739654317841839770e-01
2.593708230057956143e-01
2.072750995865614065e+00
-2.982237380458467868e-01
-1.848164584602316474e+00
1.047770089715096553e+00
1.593982759942606187e+00
-1.025049488094790462e+00
1.501747164710739213e+00
-2.006262540531939642e+00
3.133745019297755618e-01
-6.666681832788761142e-01
-2.968846132666484117e+00
6.070901240572297297e-01
8.981531905046589159e-01
9.900217776240616274e-03
1.806561434740793004e+00
-1.564261071023436145e+00
-6.960693967696931495e-01
-1.135040700509089451e+00
-2.851584832924203283e-01
-3.741715304793027386e-01
-2.203795629112681453e-01
-1.098373583723293301e+00
2.044735679169722431e+00
2.577455969924349333e-01
1.363004303505679360e+00
-6.862927543324826019e-02
5.288717901990178660e-01
-8.892877983719902346e-01
1.553762719426265981e+00
-1.779378561021420779e-01
7.085025663930810680e-01
-9.672557054166519563e-01
1.355362760022452484e+00
1.150883285068886153e+00
2.092107244819930045e+00
1.526946159448920426e+00
-8.639823447458194750e-02
7.588790641571385720e-02
-2.025917566601305619e+00
3.797152498589824177e-01
1.637224789640421285e+00
4.610677429829115326e-01
2.256613424942745638e+00
-2.639535315848734243e+00
1.136418725298723231e+00
-5.898922102174886106e-01
7.827600496031816846e-02
-1.074522194752618454e+00
-1.314836887448942448e-01
1.957839298689050267e+00
1.772024974943561482e+00
-1.937668174507432006e+00
8.793538200385597747e-02
1.088354557933435274e-02
8.746209035821062017e-01
-1.512658584863793010e-01
-9.277622582066875623e-01
-1.885238525949652910e-01
1.615596296553611921e-01
1.212412612268066070e+00
1.397892559275916824e+00
-7.947614664355233671e-01
-2.431746720645922011e-01
8.995308624863671554e-01
-5.014125731074567938e-01
-1.528027090067731741e+00
9.407333802769723974e-02
-1.328197964644405538e+00
1.389078592264027634e+00
-2.341473479018620907e-01
3.215266974797703625e-02
1.166027528229083288e-01
-3.190958634965337382e-01
-6.788996443142361059e-01
7.457251902677244360e-01
7.098479017554515380e-01
1.383400126141150821e+00
-9.066738299767624909e-01
-1.049736380736564278e+00
-5.122564648825536082e-01
-1.392025335849815804e-01
1.068013622874143920e+00
-2.502183665931538847e+00
3.530974456146395823e+00
3.078889934299064990e-01
2.566156028668979516e+00
9.224066910954586973e-01
-8.397874963612386168e-01
1.096671852776760048e+00
-2.948040525300728021e-01
-4.293989275592497989e-01
-1.308176857843585950e+00
-2.114849528367700238e+00
-3.819528805011360717e-01
-1.635594906662359627e+00
2.723229173630059563e-02
4.296940915205080813e-01
-1.639146806001541279e-01
-2.601975586642991001e+00
1.740632543099218665e-01
5.856321737115885995e-01
-3.113699589172389537e-01
-2.923346761184239639e+00
9.223144686791693303e-01
-2.569830416983789334e+00
-1.968435839711731639e+00
-1.673398655584483752e+00
1.634300629408786953e+00
1.009056749066044034e-01
1.390258506122155069e-01
-1.469175745832215441e+00
5.479761164197025636e-01
-7.034796280973489857e-01
1.226707710087517000e+00
-6.204116761271194491e-03
-1.895869191601562420e-04
1.994662912326750082e+00
-1.871426204218074929e+00
8.902531880150252874e-01
8.659771386288568351e-01
-1.514967703703365309e+00
4.155763474099618549e-01
1.434422885941479819e-01
2.137729336180535178e+00
-2.019499777814734109e+00
1.110787615878292556e+00
8.482330898711154532e-01
1.991052164596372798e+00
3.553515536804097152e-01
8.134507744713754818e-01
-1.011232097389145324e-01
1.426887651369437293e+00
1.427680909426460865e+00
1.508191168072041677e-01
-1.420515151232702777e+00
-3.183262847333620638e+00
2.860576634222704584e+00
2.188152410611312604e-01
1.859592970010099933e+00
1.147243981618965236e+00
-2.307849781290463032e+00
-2.610728967887672169e-01
-2.176772255642758225e-01
1.566797552163603058e+00
-3.311862989153118164e-01
-4.505628777819028485e-01
-9.873524271225697646e-02
1.739227527480857738e+00
-3.524248911733005585e-01
4.073432480440528636e-01
1.372387650568510864e+00
-1.916115134135879750e+00
-2.398148758685096027e+00
-1.353555686430674143e-02
-1.645300534282410077e+00
-2.748420162921436649e+00
6.041606172616642567e-01
1.611173850317736189e+00
-3.151683449222872913e+00
2.188789225704126373e+00
-1.386692112296266099e+00
1.386350356861617783e+00
-6.805817024694951201e-01
-1.779264684562100296e+00
8.185274529850818936e-01
-3.329338088084501379e-01
6.882909130726240221e-01
1.553530394916862178e-01
1.825735495352631688e-01
-9.791491562849774510e-02
-1.576039524869793595e+00
-1.368054186486357793e+00
-6.274107138760198765e-01
5.966852399175408550e-01
8.994584469195299192e-02
1.170573602754831910e-02
2.498471846931415996e-03
4.149926812956898914e-01
1.398485593205079702e+00
-2.615026738413143370e+00
-1.426192505993748583e+00
-9.096041607754150604e-01
-2.228564331551355249e+00
3.963973450047468816e-01
-1.209362429755251878e+00
2.124958338257273205e+00
1.896562925610503214e-01
-5.560415929233224475e-01
-1.591095958713827585e+00
-2.203865355557426131e+00
-6.585026974079752904e-01
1.202103567411684892e+00
-1.637853718353535548e+00
-1.390403512081832549e+00
8.830672977833406989e-01
-8.228972563586545164e-01
2.176776886320075377e-01
-2.832568558501305844e+00
-8.614590993559625431e-01
3.786306116612871975e-01
1.588207129436081111e+00
-2.910741047266578008e+00
-1.964482180105706632e-01
1.149633227385504775e+00
-1.952804917543327967e+00
-1.465101596207900592e+00
3.135953218713938284e-01
-1.015655152962213759e+00
2.886198810657916169e-01
-2.243932219776177739e+00
-7.182237903945711821e-01
-1.118373626939975107e+00
1.332027690163286593e+00
-1.840547296764860619e-01
3.060652377893369191e-01
-1.733417124897256301e+00
3.025485470327362592e-01
-1.690868620416489776e+00
-8.134012006995670063e-01
-1.179973725862857759e+00
-1.087593874332815957e+00
-3.542938553886099129e-01
2.531201697324362954e+00
9.165535873063932470e-01
2.734479826197584451e+00
2.361069375380417945e+00
2.957575893858397365e+00
-1.133982852769895189e+00
-4.112595997256578428e-01
1.848815850958340334e+00
7.802543672371164973e-02
1.470572101867856141e+00
9.565296006563386300e-01
-1.354830137974687432e-01
1.094254915567188569e+00
1.007399381378634828e+00
-1.167687835000527308e+00
-6.454015585505699093e-01
4.965569725435203807e-01
-2.689431587835260373e-01
3.046304281629906185e+00
-9.437082602696218459e-01
-8.832932292260942120e-02
9.925422578312934618e-01
3.801935166426488877e-01
4.509237105252701383e-01
1.171669967840216486e+00
-1.068419850449547237e+00
-1.504450166373001885e+00
-4.022502771675480204e-01
3.680224690901695794e+00
8.753372341464782380e-02
1.344823833784620781e+00
-6.236564522921490550e-01
-8.205468869102077178e-01
-2.675162246689873236e+00
-2.774172813133359838e-01
1.689939865879500402e+00
1.512427173643788869e+00
1.991250802214050708e-01
2.070966617166483559e+00
-5.991076194394322485e-01
-8.282166863969431247e-01
-1.769532460876368951e+00
-1.907210938114319632e+00
9.438279251341654685e-01
-1.596216075095462372e+00
4.800265562906886885e-01
-5.526163647708592919e-02
-4.791963242858088279e-02
-1.673353500927861059e+00
5.543704911699460780e-01
-5.770825373847250361e-01
-5.265465442100571991e-01
2.600190679189053888e+00
1.119720637862894108e+00
-1.198883605431344535e-02
9.361729784915553410e-01
-1.438562324843206675e+00
-1.019513854806543662e+00
7.568862959854190109e-01
4.685595777208853008e-01
-2.356437269306352889e-01
-1.979250210632965690e-01
-1.493285584810126743e+00
-2.278529299233538197e-01
-1.726487140270562826e+00
5.350754157124359978e-01
2.076534182152761865e+00
-2.946711930520533151e+00
1.430839405482799087e+00
-3.597886686989326677e-01
1.484816465516823669e+00
-3.969242655815996557e-02
6.545997585195806323e-02
-1.289060387967078114e+00
-1.534338000241297184e+00
1.110073199751603568e+00
-7.427477312137318322e-01
2.064296005749604035e+00
-1.305009230269176257e+00
3.055591872469694437e+00
1.017285439893625743e+00
1.404599810086333278e+00
4.016977145336211308e-01
-5.094991144060809773e-01
8.918931170098129968e-01
3.185170032627837600e-01
9.738138437892649435e-01
2.076721421544791113e+00
-1.101841557837968999e+00
-2.266419783362281670e+00
4.761837821827752393e-01
2.981435393143039292e-01
-3.374926535601279198e-01
1.416222212066298169e-01
-2.572018076759416960e+00
-9.489888736538194536e-01
6.685024090518432160e-01
-4.071908410134756906e-01
5.841351630538316186e-02
-5.596743544413858018e-01
1.144248103170814268e+00
1.975026659460530354e+00
5.717085294124011341e-01
-6.888212110089027007e-01
5.981345011887295726e-01
3.404631352042963854e-01
-1.503071154296517165e+00
-2.220028670372566459e+00
-3.803449242539990838e+00
2.074169739619044606e+00
1.630258271534898107e+00
3.827491039263541950e-01
1.650073342640468788e+00
-8.457176423596255432e-01
1.064236387968184872e-01
1.309724113604975315e-01
1.218704331562809884e+00
-1.195342267248062473e+00
-7.872829878637279677e-01
-1.900661685377487142e+00
7.791189815093515492e-01
-1.641640883289215314e+00
7.393010619303765907e-01
5.732965708376234204e-01
-1.019661938649356614e+00
6.869193818546603936e-01
-1.181045344743425485e+00
1.764250297111498611e+00
-1.061665493822783635e+00
-5.129674881853913959e-01
-1.232587627116885187e+00
-6.812732252896971374e-01
-1.366604137988693957e+00
2.424231602687085818e+00
2.068513264668609963e-01
-3.866372326857367980e-01
4.216214920981053993e-01
4.332168686570039284e-01
-2.344976753173127371e+00
-8.717504344425091034e-01
9.813044485501176695e-01
1.342236012413659196e+00
2.284955636437930870e+00
1.718676915919354897e+00
3.849686152651994320e-01
1.312819643771520717e+00
