3.432631665801721965e-01
1.243952288673325413e+00
2.494786483670658583e+00
2.339460392854855186e-01
6.496164138212083827e-01
-1.173654293606305465e+00
-2.340033183584539600e+00
-1.478135133605799290e+00
-1.447849119922030248e+00
-5.294702572352862902e-01
2.194559077695643623e-01
3.105860178799991544e+00
-1.359587869371205571e+00
-2.660849330626423814e+00
4.931149898977729151e-01
-5.047169126535404615e-01
-1.854169045955025297e-01
-1.315138922710202607e+00
-2.484700637207382101e-02
-1.106718583970087710e+00
-1.776042748984835384e+00
8.698194061866573179e-01
1.255694527729471766e+00
-1.663672171197704053e+00
4.063984603597861067e-01
-1.232888735459106933e+00
-2.098196778291139708e+00
-2.506244622464599558e-01
-2.139525367727298288e+00
4.671860302223773687e-01
2.026962294658229524e+00
9.240851087953041443e-01
2.656304149047825192e+00
-1.254172291910073955e+00
-3.479455851925902898e+00
7.941081552650839370e-01
2.237042517223247984e+00
-1.209900690325588002e+00
1.202057333231389968e+00
1.624342391300716670e+00
-1.371540834572606116e+00
1.144229031437684618e+00
2.154647212234726439e+00
8.829896295541690421e-01
7.652058360945126481e-01
9.887392833423680472e-01
5.925739107296852382e-01
1.216738062435370082e+00
-1.378647197355673093e+00
-1.740905881099514385e+00
-1.051815382633621176e+00
-2.298893876119658675e+00
1.021733532758286600e-01
-6.146086121828817639e-01
-1.061330792213363683e+00
-2.091418205185784362e+00
1.512133383842058088e+00
4.013398097939742115e-01
-9.842980643278123054e-01
1.196788448177964703e+00
-1.617202208299870936e+00
-5.309062483224993301e-01
1.342549439439865822e+00
-2.551796901745075452e+00
1.697251567652939386e+00
-7.218681734223828528e-01
-1.478957009899355857e+00
1.496361351361398917e+00
-2.346754548887036940e+00
-1.113079730036279358e-01
1.758337676998954713e+00
1.813283194022940137e+00
2.234770710270508332e-01
2.278258564926984420e+00
-2.272815268865437943e-01
-2.899660323939241557e+00
7.347751118998413489e-01
-2.330334381503638141e-01
-1.784376534330700537e-02
1.993591070713208069e+00
-2.816877232544046095e-01
6.161547535961222621e-01
1.470613225850598837e+00
2.169274924449158704e+00
3.635087974416752132e+00
-1.103594891243475651e+00
9.602434543926463562e-02
5.339863564435436416e-01
1.040313817130394725e+00
1.257609243695332779e+00
-3.086190613819848494e+00
1.781162879148513234e+00
6.676280171085338111e-01
3.137140007722631907e-01
-8.305990273598728990e-01
1.942511742727919710e+00
2.851875027372052784e-03
-2.117360170562512689e+00
-8.484833577261579052e-01
-2.055130965611251526e-02
-8.581966320558720440e-01
-9.203919271970679716e-01
-3.060482986878913181e+00
-1.246413341720913337e-01
1.848640122824541265e+00
-2.499735022504317783e+00
-1.960988701085488728e-01
3.457799891037625528e+00
-1.473820472846174567e-01
-1.634152318140476012e-01
2.244275160546197689e+00
5.109495046152501274e-01
1.153850823659889002e+00
3.112208243407410535e-01
1.058773495903232664e+00
1.083579672630159862e+00
7.085441431918324540e-01
3.607975782107967433e+00
9.033658397203261359e-01
1.184156133631457664e+00
-1.258422101094388346e+00
-8.091961914254728327e-01
6.025295061350046666e-01
1.629731683491478123e+00
-8.928240972759429184e-01
4.616526935649289953e-03
-9.548585669347922078e-01
-7.401911354581445224e-01
1.333774778403214789e+00
-6.461355965527362244e-01
-1.891146651050997995e+00
-1.250827155859005835e+00
1.208623137056896724e-01
2.057074504088259204e+00
-1.313759375896037973e+00
-1.805043834056814234e-01
-2.539875273760436869e-01
3.298028841606159389e+00
-2.449723112806356795e+00
6.807885164217459817e-01
-1.116856153655332307e-01
1.222657003773086615e-01
2.677092002601697551e+00
2.933468795249182470e+00
9.843475824499892113e-01
-2.103152536533123840e+00
1.257966270240242324e+00
7.073298531957181723e-01
-8.172363557269690659e-03
-1.594746292010888133e+00
-9.731955908795102417e-01
-9.026647277637227518e-01
2.612439140535549598e-02
-1.713060926650865845e+00
1.194698985554028425e+00
-2.366236076549398604e+00
-9.736562559286081608e-01
-1.471847877913047498e+00
-1.506380289004960904e+00
-2.169384346742724290e-01
-1.301532789529892042e+00
3.316910960154581645e+00
-8.161163368627271097e-01
1.529803868287120672e+00
2.346328510823383340e+00
1.501462054873590191e+00
1.245329518402327196e+00
1.393316249391278738e+00
-4.214383059015194277e-01
1.471730921544169846e-01
2.171915792952230362e-01
1.461173668560315164e+00
-1.222258761521262116e+00
-2.451642835954883637e+00
3.828000176649721809e+00
-1.983393841668767976e-01
3.379253818258156628e-01
1.111964527685190163e+00
-2.039729846247298362e+00
1.424581339090043031e-01
-9.707082283472212580e-01
2.786256502645269251e+00
-5.039826280573835859e-01
-9.259051796417239188e-02
1.269981958263588950e+00
5.742219473753529257e-02
-7.943001033485099782e-01
-8.903450984425784753e-01
1.194241155687473466e+00
6.216191626034115458e-01
1.728655864832262523e-01
1.884212043521415580e+00
7.762908808973545405e-02
8.359981804832825603e-01
6.705083706124259635e-01
-4.538811917864741474e+00
-8.261795388739514578e-01
-9.549227213351043630e-01
-1.223156312261284295e+00
2.851573146481589660e-01
2.510613453141071538e+00
-3.083974860950590813e+00
7.561821658053613504e-02
1.598372085849879554e+00
-1.279394639091335772e+00
-3.094579399535575703e+00
-5.884327809594180891e-01
-1.241884040140078138e+00
-8.917355910641742156e-01
-1.084456762722085799e-01
2.232067244717347521e+00
-1.869413738528411528e-01
-1.478280592118523806e+00
3.404986861547243393e-01
-9.698691312294647204e-01
2.273228693681397239e+00
-2.798975805825709706e+00
4.605381821143534893e-01
-1.481453679302668913e+00
-1.173615507815286563e+00
-1.424771543417171493e+00
-3.129905148533573822e-02
-1.777385847130749319e+00
4.546991304509484522e-01
-1.632905245653664572e+00
-9.727091476300948614e-01
-3.547258338667633737e-01
2.343838208924663213e+00
5.739203883486840851e-01
-8.671171258871526177e-01
6.624940119936093552e-01
-3.411069826544041561e+00
-2.938964396073780350e+00
-8.530165913448071180e-01
2.826008648417115410e-01
-1.332495919148560137e+00
2.133739197446946179e+00
-1.314667257319583893e+00
1.192160127417127846e+00
-5.623007507736303978e-01
-2.282391026600548045e+00
1.382794536588024314e+00
2.805486483832044797e-01
-2.873674685956526531e-01
1.499265963146585889e+00
-1.351266265128434618e+00
-8.020131849530889312e-01
1.948928028097995480e+00
1.938150307264681516e+00
1.590354127987127164e+00
-2.133499004111864217e+00
-2.491358685791404515e+00
2.336486753106544967e+00
-1.291905314866840015e+00
1.647401730788073948e+00
1.923996774414007405e-01
1.007422024917268288e+00
2.336508034880962370e+00
-1.373403745834460565e+00
2.926230562237188693e-01
-1.954327570889219601e+00
-2.339138751224242085e+00
-1.157606551651183757e+00
-1.208882640788324636e-01
-3.758563334192386307e-01
-2.582218996184586501e-01
1.716479011069784733e-01
1.796139336431687994e-01
-1.411649567241422432e+00
8.026626170435759988e-01
-4.192654499310863869e-01
1.183509656174752678e+00
-2.695646984133232671e+00
3.961483333300481746e-01
9.165678336201903420e-01
2.087528389623285463e-01
-2.209710717551500281e+00
1.076607577387522774e+00
6.623978874639648851e-01
-1.025966335228878812e+00
-7.463345652736910196e-01
-9.074142776416351808e-01
8.530176192380523048e-02
1.432980871286423152e+00
4.236342789748469784e+00
-8.653894047053469762e-01
-7.300262356085704951e-01
7.636229983337550209e-02
-9.096714168790116517e-01
-2.677950829774516706e+00
-3.341810893328522436e+00
9.328097644163859670e-01
2.752601689839546673e+00
-2.359623969659759624e+00
-1.368490799032286542e+00
-1.175202507980261935e+00
5.821049277981718006e-01
-2.677799403640284126e-01
-1.746624386179232324e+00
5.297546237418959691e-01
-2.411877034234393591e+00
4.999999999999998224e+00
-3.233832651969113847e+00
9.170356621505604267e-01
-6.809643902595263754e-01
-2.956678257757427986e+00
-3.136924151518645232e+00
-4.933429557922037745e-01
9.400117630694833082e-01
-1.469272043889928714e+00
-1.530085903744371478e-01
-1.475187998916751120e+00
-3.639658238495947273e+00
-3.073476483047446806e+00
1.334689440149617212e+00
-2.905551074395020805e-01
-1.601704745294108001e+00
-2.404701467698664441e+00
-1.353046681419649566e+00
4.040882481206882204e-01
-1.194643687941830734e+00
-7.761912437776707918e-02
7.311836979348340648e-01
2.285877364469469875e+00
-2.353010074931016327e+00
3.417265787257566245e-01
-2.591088332634880587e+00
-3.212243062807666583e+00
-9.985724862294897974e-02
-1.323328721020393672e+00
-1.314352971514205493e+00
1.536539280073672131e-01
-1.191476286001371676e-01
1.167031544503873697e+00
2.002525863629638359e+00
2.375100158449345855e+00
-6.528953364816505456e-01
-2.437720214055436596e+00
7.150389661285316834e-02
-2.898892789347176091e-01
2.426883422252005928e+00
-3.531500393410518690e+00
1.064896467419815806e-01
-8.689139959016358716e-01
1.278975514797896729e+00
-2.972536920290434814e+00
-1.648516329053446139e+00
5.349346915276154135e-01
3.437072329115931524e+00
-1.673896800908595495e+00
2.444138485249744974e+00
8.167188280507549081e-01
1.825981879432109878e+00
-7.772076951480864082e-01
-1.942179971759219637e+00
-3.581748014529699820e+00
1.167323651292510256e+00
-8.111182872297471036e-01
-7.309853477490513285e-02
-2.455995043720753390e+00
3.798201555436502730e+00
-2.662040108558664464e+00
-9.232586098086432713e-01
2.406993957345671120e+00
3.033514565172520605e+00
1.674067399772299680e+00
8.799818563894330481e-01
2.869890873694918909e+00
6.198815533070245465e-02
-1.588204919190618014e+00
1.540021563451290376e-01
4.071674848373962874e-01
-1.898959282292711492e-01
1.436702594653354481e+00
-2.942854059290862523e-01
2.324048727760398947e+00
-1.255054190006529069e+00
1.479261110879727781e+00
-6.574648768848678770e-02
-2.200873309885822859e+00
6.678272594523857464e-01
3.837468322949266764e-02
-1.522383042219971117e+00
1.180827948061532240e+00
-2.128892845630185882e+00
2.013891966015091128e-02
-8.194403868839437166e-01
-1.998144585261569350e+00
5.441172990684020050e-01
3.366590991620292073e+00
1.968235368808520569e+00
-1.866609826976117770e+00
7.606831147895798395e-01
2.652086386994203515e+00
-2.911146602126547300e+00
-1.668634394499877160e-01
2.757280398991520443e+00
-1.185627019357156531e+00
-3.086308055316766108e+00
-9.347524403752638378e-01
1.491772376001437195e+00
-7.110978275545187799e-01
-1.949078519428386613e-01
-1.769698642619716988e+00
2.300626960925024278e+00
1.416903064626636066e+00
-4.921567679823972696e-01
-1.523235696480717216e+00
1.702197852642436615e+00
6.436286331595386656e-01
-8.804460858533333933e-01
-4.286140747524100902e-01
-2.316339445153459131e+00
1.686635056374470309e+00
-1.668427038798643292e+00
1.763705373077635308e+00
2.331486873438679552e+00
1.128652403567823370e+00
2.565390002274092751e-01
4.824330900946272038e-02
-1.804961135198612787e+00
5.629012540906881412e-01
-8.395056642563414329e-01
7.303653246738068816e-01
-2.139454316007540768e-01
6.491285333263032697e-01
9.001150742354280254e-02
-1.458972442300771277e+00
-2.932162814390514072e+00
1.040768178727699222e+00
4.289255658513013714e-02
5.215534900991114498e-01
-7.661736825248084415e-01
6.517847375725391856e-01
1.010948935934954385e+00
3.785221123104109964e-01
1.682075337485478883e+00
3.656639804417816109e-01
-2.691710945291142743e+00
-8.831202257995354188e-01
-2.798941610006540071e+00
-1.894777146352923936e-01
-1.228657731377043483e+00
-3.445231873149054991e-01
1.022066666403487645e+00
-1.222457315187812643e+00
-7.294890921496071101e-01
1.613381970986054625e+00
-2.250785043140277608e-01
2.604748671646426317e+00
-9.447605228845814551e-01
4.759214495494790143e-01
2.892104753311919296e-02
8.998247073710663457e-01
2.485417760076988891e+00
5.505320902983967812e-02
2.565999477600109380e+00
6.357140420827178673e-02
1.158963043125105230e-01
1.608140318579962980e+00
-7.914157860509583031e-01
1.310494161446385419e+00
7.103130563838364608e-01
-3.290623159510355222e-01
6.381206296573154191e-01
-3.445006499590957283e+00
-1.172917770576017205e+00
-1.854307373969776851e+00
-2.420633603544972701e-01
-1.475367187514708966e+00
2.524071876541231774e+00
-1.478022110891989094e+00
-8.251124570626267030e-02
8.342229977338107005e-01
-7.625330253179622986e-01
-1.273801672821484043e+00
6.657276103774307785e-01
2.589002765231702696e+00
5.177063408969893032e-01
-8.918169985877089090e-01
1.350153020950921601e+00
-5.634427463784739132e-01
-3.303494399805853021e-01
2.990130825867687747e+00
2.744824258186286947e+00
-1.077426589280772173e+00
1.232046257012500590e+00
1.376211213468239158e+00
-7.982293737863646044e-01
1.771341094814622430e+00
-1.325208201445668976e-01
-2.238417752909278136e+00
-1.671555089960157670e+00
-6.882893227124480262e-01
8.183759385333031489e-01
-2.338819287355190291e+00
-1.585344032173320095e+00
-6.045174642011197363e-02
-1.577329707068733544e+00
-2.282075134755038981e+00
-2.904634191985104419e+00
-2.009174211607622329e+00
-3.580548700990570765e+00
-2.527832051945920089e+00
-8.581873830308506257e-02
8.146698694894212167e-01
1.748369519404858963e+00
-3.192920555344818112e+00
8.889715099433725953e-01
7.869291576887569306e-01
5.830579492810787912e-01
-1.683822729267552276e-01
2.196358804240894358e-01
