-9.392148985324926258e-01
-1.785500543276865582e+00
-1.126338564530217745e+00
6.737061308078873267e-01
1.630239257171125722e+00
-1.938938356609594127e+00
1.093466786364918342e+00
2.802749623780425026e-01
-2.330258167604306596e+00
-3.598022295828243955e+00
2.670910486134481232e-01
-5.064555885406631930e-01
-1.067903054952952679e+00
-8.254129132192913332e-01
-1.355694108946918774e-01
3.163548296072690391e+00
2.621275036285627635e+00
-7.632573882394400044e-01
-1.729333982227705402e+00
1.278006338033242706e+00
-1.287425437951241758e+00
-1.221444906962924293e+00
1.363988712860373376e+00
5.973040929230659657e-01
-5.761575756676862170e-02
9.195543008046787037e-01
-2.416335336585370364e+00
3.049824870866292059e+00
-1.496202358872591454e+00
-6.707530048082324114e-01
-6.536871916376991720e-01
2.964673037865641625e+00
7.333181422046592957e-01
-2.508080817217131830e+00
-4.053639462815119998e+00
-3.512352392900464082e-01
-7.369311125140267649e-01
-6.993628490284962140e-01
6.449744251708819931e-01
1.354284437257865292e+00
-1.902548524710249822e+00
2.157509167939464234e-01
1.886245397063797569e+00
-2.517056505928412236e-01
-2.494461612443900300e+00
1.616334694273044548e+00
1.398169683731834922e+00
-5.252680678837968742e-01
-2.338772315157858550e+00
3.578822766130063115e-01
1.507627253354272057e+00
7.868050963525927699e-01
1.695533540421649832e+00
2.884439127086055876e-01
-1.042595452895394015e+00
6.281693777556700553e-01
-8.998588056448149075e-01
-5.205088777307054215e-02
-2.602500788995278924e-01
1.620245076461194422e+00
-3.208192420954601332e+00
-1.741685573689935040e+00
1.909433020767805189e+00
-5.570538372523268222e-01
1.309055782358703013e+00
-6.912359208757932194e-01
5.322401214093366306e-01
1.197852683031800147e+00
-6.823314460516369806e-01
4.870979152635790399e-03
5.508101057231478137e-01
6.187223696833488162e-01
1.858816906555115445e+00
-1.544523499120745047e+00
5.160176451665225983e-01
-1.693897241822988953e+00
-9.554016130728442135e-01
4.299958285406511038e-01
-1.651590817093993024e+00
1.055020050797653042e+00
-1.162108447611775119e+00
2.285358979938680868e+00
-8.570046278351295399e-01
4.299788619882432883e+00
1.685160146543200455e+00
4.281003466136894531e-01
-2.364089839751271072e-01
-1.558751711192645217e+00
-1.359882164268463534e+00
1.121625282744858509e+00
5.114611476524881795e-01
1.157098146816537110e+00
1.679572130235622573e+00
4.756595609573812666e-01
-2.537525057155680219e+00
1.187912875383227984e+00
8.966511719022696170e-01
-6.086793685240712293e-01
-2.999978758236245824e+00
9.369631884120019905e-01
2.989449532786272457e-01
-1.201965740320505294e+00
-3.033481793691080952e+00
-1.088984835117530192e+00
-3.831780435053717682e-01
5.110578862795112087e-02
-1.969511870360947103e+00
1.585744692415016033e+00
-2.175636513825622842e-01
2.246843272683047843e+00
1.933611446037126314e+00
-1.834560972798779055e+00
1.108115159638130898e+00
1.018615901239996901e+00
-8.598740791827923502e-01
6.163191213694485526e-01
1.618429521310913444e+00
5.908802553891501219e-01
-2.561791446066790101e-01
-3.385876966530769749e-01
-2.837067888750297584e-01
-1.139893059455481250e-01
5.599780642645182382e-01
1.030488321842285337e+00
2.306756429866112512e-01
1.899853728535595643e+00
-1.608636027550061076e+00
1.924682431210308131e+00
3.297465864888085463e+00
1.342638023341502063e+00
-2.218359207246278331e+00
1.005337850779114639e+00
-1.187620465365031741e+00
1.370849930205877421e+00
-5.796207213007846804e-01
-6.790425577121608214e-01
-6.414555392496268382e-01
4.628281754228536826e+00
-3.296765904325509311e-01
-3.301756820313226370e-01
1.970017060174877876e+00
1.911251050109781247e+00
-1.868257169869869116e-01
8.681701371930543587e-01
2.072149402039412891e+00
2.944806455523927724e+00
-1.893838391353388495e+00
-2.192558644849358362e+00
1.705467050324422473e+00
-1.303287341208291039e+00
-6.283018219666853810e-01
2.124361457552959465e+00
-1.138833000948444418e+00
-2.032115985415340553e+00
-1.195771443767821296e-01
-2.605229961891564638e+00
-1.868330160292066555e+00
1.538063916575635126e+00
-2.244582427742848552e+00
1.617526135769750795e+00
-1.738766654663740141e+00
1.681627011696522622e+00
-6.013462594688272489e-01
1.229681454156059672e+00
6.635127200914183732e-01
1.177075887842775614e+00
1.384260802972451465e+00
6.139391216478493618e-01
1.073446875177506143e+00
9.438303629113082849e-01
6.973062778526708527e-01
7.698684202808125931e-01
-1.082350224930763716e+00
1.707009907092320589e-01
4.618274239430419925e-01
-1.744079933274039540e+00
-2.668994931432701279e+00
8.328834114071890227e-01
-3.363830318331219260e+00
-4.644524161150878072e-01
2.318862931202357203e+00
4.943361055170321094e-01
-1.995588807434370615e+00
-2.547447652087049264e-01
2.593282333457205269e+00
-5.708643592854736326e-01
-8.509294539228324794e-01
1.359811720274125335e+00
2.411615955715971538e+00
1.315860339777614740e-01
1.462710579276103040e+00
1.288809245791284752e-01
-1.303950227094473391e+00
2.825827858103552970e+00
1.509240619279409223e+00
-1.892231628798071608e+00
-4.355929892285223204e+00
1.149941409187819730e+00
-1.416553131818943712e+00
6.541809909500990727e-01
1.829993484773018153e+00
-5.000000000000000000e+00
-1.294897417803528850e+00
-7.874544185173215638e-01
-6.421235443572106405e-01
-2.926785363290871800e+00
-1.388523158528480295e+00
3.708848746876878266e-01
6.088778267984622516e-01
-1.601137433767610752e+00
1.654405395668156586e+00
1.720750330956737351e+00
-2.375420666935713854e+00
3.039094720442427899e+00
1.819387582990399821e+00
2.506728393509296993e+00
-1.084680592722238046e+00
1.076858273062352822e+00
-2.588410902669644909e+00
-2.701118742980427978e+00
-5.688989317962764858e-01
2.891144595085282099e+00
1.267998020345153520e+00
-6.771141721059068530e-01
-3.622055346112605712e+00
-1.691623272198916617e+00
-8.240849314423321914e-01
1.463094300611322396e+00
1.880821447354863452e+00
5.884455660475502725e-01
9.599287001428411514e-01
-2.390794093807480092e+00
-4.739122844448037775e+00
2.239888423900920245e+00
-8.441088635228553017e-01
-3.501230380080856186e+00
2.656783671054263607e-02
-2.301979440820084655e+00
2.968100192811276017e+00
3.097810493662009890e-01
-1.637469312613786254e+00
-1.107722650824411126e+00
-3.259811941842161165e+00
-8.383481878257912356e-01
3.381837954665485313e-01
-6.963534647717786186e-01
-2.033102022297735623e+00
1.130099244717626128e+00
7.489095543853885317e-01
1.895508778665250915e+00
-4.727882378113706707e+00
-1.618799946481470631e+00
1.174364840046072445e+00
-9.959516171247706495e-01
9.396250890704198611e-01
-1.254378063890395634e+00
1.889557321658212885e-01
1.628173243402601500e+00
-8.861882377866621141e-01
-1.327716246151381618e+00
-6.115738986712786485e-01
-1.814605627289282541e+00
-4.337069179940620245e-01
-6.153758355115082068e-01
1.190701832896020385e+00
-1.790849476200409018e+00
-4.678422043553247534e-01
7.972194210037937268e-01
1.982061333441009765e-02
-8.914268854797500197e-01
8.974253251209241000e-01
1.743793684811708822e+00
-1.650303272565750046e+00
2.083282818467813158e-01
8.693941267781415405e-01
-1.534170604231114510e+00
8.404124288998380266e-01
1.495987791410144929e+00
2.025630367432973422e+00
-1.777908684968824815e+00
-1.041951409931962669e+00
1.320251016738124505e+00
9.119115151161505395e-02
5.000000000000000000e+00
1.271809028674622866e+00
-6.977207534333178529e-01
2.519308317259135954e+00
-2.040214328698513047e+00
4.360442867696718849e-01
-1.101178323794676395e+00
-1.591869314421018089e+00
-1.062105933524879475e-01
1.094822733196446407e+00
-6.965375614404827331e-01
3.487520290875600892e-02
1.046399018389100100e+00
-2.030387727529874287e+00
-4.448981849753756102e+00
-2.677254156606823088e-01
1.613375336276085648e+00
-4.096974095632496926e+00
1.768512405017855116e+00
-2.128755420298776180e+00
-1.596109186892177512e+00
7.918995109425628343e-01
-3.838508446869093316e+00
5.482734125720973850e-01
1.367606278260238284e+00
-9.020731415606508818e-02
-4.076518092314262987e-02
-1.868841513164243295e-01
1.060470957110943857e+00
-5.053783089089112224e-01
-2.195676060273435759e+00
1.305077548353157368e+00
-3.148545913735462776e+00
-4.289865578301760962e+00
-1.297832732100901332e+00
-5.530979032829161923e-01
1.264978720913756405e+00
4.196656325874137394e-02
-1.241764014225535284e+00
3.159642170177612286e-02
7.009087883569140587e-01
-3.007775664903626023e+00
-2.835409380037976490e-01
-3.064580826113637357e+00
-2.592792114617890054e+00
-1.648939385781293510e+00
-1.714765166324369705e+00
1.146614275964768837e+00
-2.846013401441300772e-01
-2.424419642230564165e-01
-1.104344729183245555e+00
-1.038820699945415260e+00
1.401520894362205283e+00
-1.171153760164311830e+00
-2.484784370064039738e+00
1.726068381528289564e-01
1.165370494290023373e-01
4.623815863481617328e-01
-2.891220107524930416e+00
-2.482840095527875768e+00
-1.819296639076721345e+00
-1.172390606301955795e+00
7.389839286730337520e-01
-3.825564987549458174e+00
-1.627307805004363672e+00
-3.567183547188781390e-01
-4.157019273637681422e+00
1.167886020149345505e+00
1.566833883761367119e+00
-1.054217693297676117e+00
-7.857528090376204588e-01
-2.263871915561912473e-01
-3.623039939813095245e-01
1.017089597915149746e+00
1.859961221566751810e+00
6.640408012852372366e-02
-3.334998422166790100e+00
5.127232700895634210e-01
-6.125468278518724219e-01
-1.903905633890685678e-01
5.054957197652329981e-01
1.066524267441948837e+00
2.825985270380488856e+00
2.516967300307495492e-01
2.891522918558092847e+00
1.802870733184366081e+00
1.033691384788522072e+00
2.955128988571063431e+00
1.050175643593814101e+00
-1.673063427066963538e+00
-1.419795331999265997e+00
-1.288084637936094623e+00
1.761144603234825468e-01
-2.237887521460079299e+00
3.773222293435900099e+00
-7.891756737549986411e-01
-1.319494696757001595e+00
-7.049881908533173203e-02
1.011120036303863934e+00
-3.071663623908656326e+00
8.175000297335532906e-01
-2.628402819523444123e+00
-1.135205848365140824e+00
-1.148669687924999128e+00
-3.262490049421953309e+00
-1.003252050756355818e+00
3.068520906579294660e+00
2.568230590716997774e+00
1.126706542459561255e+00
6.438716332583975799e-01
1.159002756034414716e+00
-2.702587501290896199e+00
6.919278321603297144e-01
1.897180549315136133e+00
1.030966203033401918e+00
-2.579838686089162003e+00
-4.518589613869492538e-01
7.856709575724005745e-01
-1.794468014126468169e+00
5.559640523490338992e-01
1.140935113068981543e+00
1.783743490897554906e+00
2.286898943112273486e+00
-1.696945915305763108e+00
-2.754430481906260386e+00
1.533740749022562966e-01
-8.337008537242898143e-01
4.807671833246738302e-01
-2.452618447035643801e+00
-1.076089537399017360e+00
7.096589493453624442e-01
-1.747259844444422505e+00
-1.703706089291202375e+00
9.812486459451985610e-01
2.072839753463062706e+00
2.977399107689944202e-01
2.057310439971857363e+00
5.759225194505059875e-01
9.287313597941544430e-01
-2.525455077270466475e-01
8.816262352884827180e-01
-2.006063782600724821e+00
1.685344306063965902e+00
1.340096490657036732e+00
-1.735290196965947551e+00
-1.981550773568146795e+00
1.751275623881001664e+00
6.088988400738095663e-01
-5.441638598436266960e-01
-1.851076128644212559e+00
2.904836779651621903e+00
5.237150508413899175e-01
-6.962508465008561132e-01
-1.984114552460025216e+00
5.129772463501280910e-01
-6.460102787140211689e-01
-1.194989747256471890e+00
-3.062130968816558774e+00
1.099338254908452939e+00
-6.979980340139455564e-01
-1.582264400898061307e+00
4.059025360520942982e+00
-2.727823615387658496e+00
7.433720126149268026e-02
1.458693833340591439e+00
4.737592170035664907e-01
1.837407169334964507e+00
1.930773262764854614e+00
3.624356888576036440e+00
4.932484873796827429e-01
-9.964972441341757303e-01
2.293359010188080305e+00
-1.856196967150544275e+00
5.887646837331956817e-01
7.134568215522794077e-01
-2.497607092566491716e-01
1.077030681098843701e+00
2.066926160743660645e+00
3.356299215798763669e-01
-1.047757373722385310e+00
1.405558312968508972e+00
1.028390881126506784e+00
-4.575387918667915166e+00
-6.828244197065602705e-01
1.761224073425946557e+00
2.799595680729591862e-01
1.901525955263927870e+00
1.266377781172147721e-01
-8.184270090055125735e-01
-2.178801886468220150e+00
-1.525130921093542202e+00
-4.679519815338073485e-01
-4.006338242951440698e+00
9.595762324677261645e-01
5.676157762199309786e-01
1.180300742435143491e+00
6.606275999867357029e-01
1.209899674406878844e+00
6.617964213574651922e-01
-2.477851259894442215e+00
2.031824309243437376e+00
8.154801008833807430e-01
-3.714366570148310842e-01
-2.767020559258064338e-01
1.411918820005690911e+00
-3.091606650719976201e+00
1.437990595791820425e+00
-2.497932159132458807e-01
-3.317553252389704443e+00
-1.871165871261809777e+00
1.337901200386610867e-01
1.646146268765962262e+00
-2.396450656651769595e+00
-2.697729965677055475e+00
-1.674121882224950397e+00
1.110239721709014304e-01
-9.204691419646096051e-01
2.295300598677254555e-01
-1.635185980853694154e+00
-1.356486641615219479e+00
2.305508287835023040e-01
5.551511218263760483e-01
5.023166529712677075e-01
2.161425102005437360e+00
-1.859376395451016961e+00
-4.936913742668522787e-01
2.875440836464226990e-01
8.716464862558570559e-01
8.274550815503207701e-01
1.160401980117875098e+00
