-9.119737172680109083e-01
-3.007724758198459636e+00
1.420446811051478520e+00
2.295880481939671647e+00
5.357509556881634438e-02
-2.791287649475593380e+00
1.623520494117238755e-01
-9.195674539209672815e-01
7.650287933420703013e-01
-2.026453081185835448e+00
7.981991711700278103e-01
-9.623878957470290985e-01
1.274470758972663376e+00
-1.998985059764963879e+00
-1.057997062630367413e+00
1.379492764000477045e+00
-1.488690306708107425e+00
-3.114439405801912031e-01
-4.818811765060111441e-01
3.926871050351508075e-01
-6.237015344073091327e-01
-1.044783210537820750e-01
-1.199335046023132456e+00
1.296026492961139809e-01
-2.700993885864986233e+00
-2.859074041690901069e-01
-5.138990313063391824e-01
3.387270021325706537e+00
2.888461791870398088e-01
-1.519970629669051831e-01
3.069159099832290849e+00
1.354382681754570328e+00
2.610922127590092678e+00
-2.587921392955405242e+00
-4.037491862746397153e+00
-3.984107963934668817e-03
1.902629589072861727e+00
-3.701670971043349301e+00
2.701575001033793555e-01
6.130184827597329189e-01
-2.525857089605068051e+00
-1.701122696765109410e-01
3.027356640997494353e+00
1.922938112655625531e-01
-7.343384850142244957e-01
1.465932558342787573e+00
2.390387037508666879e+00
-2.886873422827651581e-02
-1.045821304716251898e+00
1.349846037254361697e+00
4.128961361870358004e+00
8.226145223097338643e-01
2.517960668295562421e+00
8.951371665930079047e-01
1.700743671234996590e+00
-2.867404948001075482e-01
1.295690103263178017e+00
-1.775736696317053998e-02
-2.760278623772226325e+00
8.027034627491369534e-01
-3.728454313254434549e+00
8.833949753992298426e-01
4.115560578390189406e-01
-6.056946032520027501e-02
2.778783509232747306e+00
-2.700926071311377630e+00
1.068081001249378659e+00
9.130920851002048977e-01
-1.205128307241895236e+00
-6.828320792722077925e-01
2.227654340027907409e+00
-3.002876690374298718e-01
1.517411728049955499e+00
-1.661671792051127028e-01
3.262700118147064288e+00
-2.616998933806149896e+00
5.975253481107545284e-01
-1.039941011896572398e+00
-2.977167337709858863e+00
2.440426279848717073e+00
-4.705431295379689516e-01
-5.071831188439013260e-03
-1.890499190063079649e+00
3.105396843940241070e+00
1.106394689287970579e-02
3.411693686726380292e-02
3.892018442155000812e-01
-1.624691574874978617e+00
-8.447699543519178178e-01
2.160683050179650344e+00
-2.063218787490944450e+00
2.613475781196326508e+00
4.046743971948041363e-01
1.711806038079181747e+00
4.204831882516959496e-01
1.783395676740141766e+00
9.885620783875133100e-01
-5.032366447654315067e-01
-2.096983716473510562e+00
5.000000000000000000e+00
-1.711836843482940296e+00
5.438132567578444210e-01
-1.857409793021294497e+00
-6.825345955927977215e-01
5.216469390289262265e-01
1.366817684054593585e+00
-6.627830128185463465e-01
-2.338989722616604539e-01
-2.552545367596498416e+00
1.126733118432157177e+00
4.629622826028953142e+00
-1.563055961702275010e+00
3.914791868544256204e+00
5.140987089816846378e-01
3.780364939799003565e-01
3.399257460033711098e-01
8.951640875722652879e-01
8.638573300799432531e-01
-1.979831647091433666e+00
3.679203112185449598e-01
-6.880484399281705521e-02
-1.089236975555154086e+00
2.349052666681004098e-01
2.646001193714704769e+00
-4.317455268359529086e-01
1.318845151114129699e+00
-1.908779610481621702e+00
2.158686753058106866e+00
6.956655318152744627e-01
6.443589896506107806e-01
-1.846078233257101964e+00
-8.139306836461184247e-01
2.112610890760207027e+00
1.971657111432251419e+00
-3.544471073976787068e-01
4.659968669932421648e-01
7.130482330265870416e-01
4.715330712519469003e+00
5.370343816098435141e-01
3.963142136627206824e-01
7.989982329060936195e-01
2.002014777283197766e+00
-1.054162831247702492e+00
-7.093695667141419747e-01
1.111051459224102089e+00
9.796090387922067322e-01
8.361001741239695306e-01
-2.500537037858148182e-01
1.950275321604458156e+00
8.505380725180238244e-01
-2.067331583335155099e+00
9.720230451985303333e-01
-2.167044365310553999e+00
-3.995567937902681166e+00
4.705270716186173985e-01
-2.102184572019144326e+00
4.529822787499169223e-01
1.668268174645204383e+00
-3.337931598640055952e-01
5.146082000796958766e-01
-1.337508047656020160e+00
2.732727675521009481e+00
-1.357213638160716940e+00
1.200837172379570106e+00
-6.734002062208110928e-01
2.413038377716279825e+00
-6.056709205770509641e-01
1.810550290650063232e+00
-1.170619199000793920e+00
1.322093861890460964e+00
6.580045281316868611e-01
3.185206636490571341e+00
4.706532259477205216e-01
6.083479994994469564e-01
6.946139819334078425e-01
-3.133821767148361470e+00
-1.084840742388379908e-01
6.381567567424433207e-01
-1.390940081053166910e+00
1.571526063961893982e+00
1.603562972327643443e+00
1.505148671028830876e-01
4.898287321671244143e-01
-2.087300445774698865e+00
1.503317353870587070e+00
3.962683075159176838e-01
1.266761388915059072e+00
-9.131579852693487709e-01
-1.157505822258718453e+00
1.666209759480265618e+00
6.789960559070875590e-01
1.438093145442129739e-01
-1.355641018746488236e+00
4.343336517152630805e+00
2.308956573107493249e+00
-2.495331127604716315e+00
-3.372088151401870348e+00
1.541314429531748686e+00
-1.004205993572384603e+00
1.867590051163313447e+00
1.863365370180055436e+00
-3.337396771066157619e+00
-1.827582891365810980e+00
5.906251762209047129e-01
2.357101019295775757e+00
-3.047843195150660378e+00
7.482805513286283627e-01
2.725474769935765096e-01
2.296849058703633872e-01
1.989884444250868967e-01
1.864130614934421892e+00
1.703962530813373455e+00
-2.252551591335086201e+00
1.333610766129435632e+00
-6.601079347183844703e-01
1.528197474619181762e+00
-3.608854114812243719e+00
1.922970771344113317e+00
-2.450702087912238980e+00
-1.655496922627205159e+00
-3.894126957047250315e-01
-1.101521814108768815e+00
-8.654770076018500902e-01
-1.681096133041134699e+00
-1.023598550266519247e+00
-7.895685552198798973e-01
1.535987748456300039e+00
-2.720180101323297350e-01
-7.557976583730141584e-02
-2.376190246704483755e-01
7.188656600265685981e-01
-3.449364944903944519e+00
-2.177850582067376806e+00
2.984262746977945469e+00
1.896509897607717932e+00
-1.833209420318798522e+00
6.665642089429635320e-01
1.504107655933148990e+00
1.353866592993952622e+00
-2.974491859647552250e+00
-1.924830777600017306e+00
1.823847606392091869e+00
-4.008899905355412407e+00
-6.537917509893436119e-01
-1.270638031473485974e+00
-2.494061766758823406e+00
-1.132263176134556737e+00
-1.144170787597662109e+00
2.075299111874853608e+00
-8.567523645984946867e-01
-3.608695184260155120e+00
-4.811191028773294853e+00
1.339063474636774664e+00
1.374600902305580519e-01
3.171383326180935214e+00
-1.912823844017945696e+00
-1.216693586712973563e+00
-2.069696243452101569e-01
1.224002510381980713e+00
2.146987013539057187e+00
-7.270824195795437817e-01
-1.444191939792187629e+00
-6.641007818954589581e-01
-8.397267640902281727e-01
2.871418918247381491e+00
-2.752932392153017549e+00
7.183870342403579912e-01
-8.889114406147777814e-01
5.336432975982416949e-01
-2.847717020095388296e+00
1.045750271790528707e+00
2.018862528801244061e+00
-5.018076082736895316e-01
-3.548583659396493672e-01
1.641466278204202212e-01
1.229621970324568991e+00
-5.317584941449142732e-01
1.054679369232297326e+00
3.322619700298464096e+00
2.984529484392766108e-01
-1.398529765762853039e+00
-6.404185310224175254e-01
1.496306667197170093e+00
3.329991442491108344e+00
2.528856946768729408e+00
1.598993702097528669e-01
3.119079129622868152e-01
-5.754276708265866347e-01
4.885085042888315243e-01
-4.637377425139428411e-01
-1.116403141789377162e+00
1.380527612359455425e+00
4.214207582501966698e+00
-1.996240044731865115e+00
4.615104862557792842e-01
-1.858302074177099250e+00
-9.722857291280178060e-01
-2.537274165876546306e+00
-1.902519042592581311e+00
3.409678482385727349e-01
-3.064466997852023589e+00
2.294205291417348747e+00
-1.056859399064995486e+00
-5.384138164359022483e-01
-1.820881687063971910e+00
-2.974140776897701954e+00
-1.235743543208653872e+00
-6.206653052726371911e-01
6.814056754520922965e-01
5.063093712875144092e-02
1.893103682399805976e+00
-1.262857023784945909e+00
-2.262891559736593283e+00
-1.836122614617048843e+00
2.503249153322420817e+00
-2.260598570809307262e+00
-3.502781683728994011e+00
-1.765743704923838919e-01
-6.617477905262783011e-01
1.838607893344942568e+00
-7.554080773788722780e-01
1.005165190972378220e+00
8.341705087692634635e-01
7.084171083772616839e-01
-3.580649499859098750e+00
1.413478753449098235e+00
-3.414979352924534695e+00
-4.557999557615279862e+00
-1.539117202282505037e+00
-3.115209048164477856e+00
1.486893121629584869e+00
1.056058654681343967e+00
-1.675953993236647843e+00
-2.877417272034232365e+00
-1.289546268400067586e+00
-6.265287289102881019e-01
1.053501838918613487e-01
-3.578376715579116407e+00
-5.871097916743739376e-01
-2.035003745676897680e-01
1.893738492489439373e+00
-1.418191355636206907e-01
-2.400375413060054086e-01
-3.229694389813881461e+00
4.942118749787729470e-01
-2.050891057026543507e+00
-5.000000000000000000e+00
-9.401588799448834521e-01
3.437931992936793080e+00
-1.840144536451639556e+00
3.005959404296838500e-01
-1.153345351355223869e-01
1.355981048710479087e+00
6.183556446846338872e-01
-1.627444054032395115e+00
-3.367150285103593710e+00
-1.607896099803204137e+00
2.691633684398447635e+00
8.679360272303338064e-02
-1.256968995084156937e+00
5.495531503008788121e-01
-3.087262607057908781e+00
-3.602247835851226654e-01
1.759285789886981810e+00
2.498754830424224416e+00
2.346315908628423763e+00
3.202774934759231584e-01
4.857769102010378148e+00
-8.993670567856426601e-02
1.079731575148096923e+00
7.523457022992037224e-01
2.684827775626330570e+00
-2.578854715637917128e+00
-2.526803592491648764e+00
7.583189644052534817e-01
-1.579080289756479960e+00
-5.897337138799310097e-01
2.236351598443074629e+00
1.088245994162337915e+00
-1.727775472963892778e+00
8.468129619256439256e-01
-1.853471135573512285e-01
-2.313569396762971131e+00
-7.451451191288427367e-01
-2.203400718360479793e+00
-2.522340703853007682e-01
-3.821498752344814065e+00
-7.017130346345998859e-01
1.576889317814581304e+00
2.740485482316829646e+00
3.833004170472744221e+00
7.418061951826659950e-01
1.873066495203278947e+00
7.369139133116719975e-01
-3.127203028610036739e+00
1.593825971809145869e+00
6.806275658069962375e-01
-9.474327837943876673e-01
-2.782504211125009341e+00
-2.970252174484873109e-01
-1.318955435389946196e+00
-3.162815139800684960e+00
6.187374998294714601e-02
1.729114760193884770e+00
1.682811451385155976e+00
1.767547546366580846e+00
-8.706596498975338605e-01
-4.498604330137724538e+00
-3.648195603877077975e+00
1.789422457198730498e-01
1.706964992918194035e+00
-2.703949251374948126e+00
-7.005215712965098263e-01
2.565218962359221422e+00
-3.904596848450765378e-01
1.280406069890787535e+00
2.267107474784690879e+00
7.455043212804728370e-01
1.691156177335004784e+00
1.281098424038491501e+00
1.984988567013745708e-01
6.886176652462916437e-01
-1.075273356395894275e+00
6.486879680643706791e-01
1.577804849942023857e+00
1.609030706858177950e+00
3.098227888721991619e-01
1.557015615053723323e+00
-1.021335801765363094e+00
2.536306442700899666e-01
1.838583562450089914e+00
-1.554017123839355641e+00
-5.324951953997416609e-01
2.369999623286592083e+00
-5.726676204381071500e-01
3.558476926077087654e-01
-3.680201658864561409e-01
1.668468712064168358e+00
-1.722171048957003681e+00
-1.950207296062323348e+00
-1.623203217915821117e+00
-2.943930520731488087e-01
7.582463428844494757e-01
-1.691887757375352130e+00
5.000000000000000000e+00
-3.832394860944650539e+00
-6.659094416252990811e-01
3.660079195618632042e+00
9.144496031051785323e-01
-1.184678653537877047e+00
1.004176612168052429e+00
1.629353052766945531e+00
-7.402474479042195910e-01
-3.006953080409004997e-01
3.753714216011324822e+00
-1.529562063587475151e+00
8.639104240605188778e-01
1.024037155020276479e+00
-7.765047505484270474e-01
-4.635075915190354223e-01
1.467523565370127514e+00
-9.176527460522407864e-01
-2.231350608353668274e+00
7.598614336998359420e-01
-4.397897929425713670e-01
-3.765623690506414434e+00
-4.009771135840320966e-01
3.215297934673086999e-01
-9.541959297705409071e-01
1.781898479650282141e+00
2.478315272317583862e-01
2.503970417876784538e+00
7.785761645477782267e-01
-7.419790105035044547e-01
-1.204112424089418099e+00
-1.834800160752998011e+00
-1.383371113385308160e+00
2.626144589806242990e+00
-2.162829180209682178e-01
4.636710196365800840e-01
2.212283991805313654e+00
-1.521721044175312176e+00
1.048669666800998712e+00
1.513648117101464408e+00
-1.916417119635434041e+00
-3.025827001344012501e+00
-6.058046377588777176e-01
3.243788284203294126e+00
-2.282776416168701417e-01
-6.307993790216803731e-01
-9.122192372568758145e-01
-3.783437819216844744e+00
-1.560055271249605635e+00
-2.323134797073410418e+00
3.938795968292460259e+00
-3.616484220789037973e+00
-1.338314624710966960e+00
-2.412899669251160617e+00
1.645198378744424872e+00
-1.963975853682269346e+00
2.201033983968869734e-02
1.016502240028074766e+00
-2.785595819918301963e+00
3.565961617222512814e-02
-6.437204859122385159e-01
-2.018794236561639366e+00
-1.622691157138864249e+00
-1.354073336858267140e+00
9.489105089233618173e-02
1.655473280745484388e+00
1.288513642549196980e+00
1.384095846836153498e+00
-3.265973884696151686e-01
