-4.940605377441178447e-01
4.048614673240322759e-01
4.901523175473130323e-01
-4.203620001158503428e-01
8.701744891606661980e-01
1.270562266382334826e+00
1.434626745876801834e+00
3.046355644287768172e-02
-2.254788806417256097e-01
2.988564791727732484e-01
1.728642129696551066e+00
-1.192095743061912572e+00
7.727400512613415984e-01
-3.362625726201531773e+00
1.268243100850919625e+00
-2.141867568655833054e-01
-1.232114540471629827e+00
2.592585113467187341e-01
-2.771776078443324298e+00
-3.648461928661692610e-01
-1.368750805971271411e+00
-3.662067590625247782e+00
8.142387097379497618e-01
-1.764351756332596111e+00
3.257092208536752409e+00
3.304396782003919952e-01
-1.741066709935639167e+00
1.018716911474752074e+00
-1.887306905882422559e+00
3.651417818227884027e+00
1.625443628795784079e+00
1.316144203077438846e+00
2.242166130337102103e+00
-1.189038964673754251e+00
-1.152595026810638856e+00
-2.452486986640883160e+00
1.433079889598038115e+00
1.725580041648609786e+00
5.409279536824804779e-01
5.347983028420433271e-02
2.238095720667887534e-01
1.967223152859729041e+00
1.533489346580005908e+00
4.951242929446603824e+00
1.476713823990394303e+00
-9.373824742165979274e-01
1.660728202031476641e+00
-3.351050830663939717e+00
-1.534966504621072758e+00
2.253455962729056239e-01
-2.811628224271626841e+00
-2.979707857149085370e-01
4.134013356486097024e-01
2.257103568967635532e+00
9.186391843101038290e-01
-3.567362192992042935e-01
-1.194932382981964913e+00
2.630113922761783130e+00
-2.918086800688517446e+00
-3.654493527905974481e+00
8.236473982567833474e-01
2.211750241494113922e+00
1.322587888982784676e-01
-5.855682333413545493e-01
1.627501523549374163e+00
1.166506612638622542e+00
4.646025304091869756e-01
1.529077076981480765e+00
8.942011961020686073e-01
-1.539995141566256720e+00
2.606807458918172671e+00
7.834994470555809443e-01
1.067643425564478221e+00
-1.752663662976894798e+00
2.327191204389973400e+00
-2.206363386149732264e+00
1.792827418970408537e+00
-1.015513633582890485e+00
2.138738149444847636e-01
1.648592379369149263e+00
-2.880178904066859058e+00
5.925691492899503032e-01
-1.482590099011105167e-02
7.789314846720332142e-01
-1.281734119890197032e+00
-6.549702051186310214e-01
1.214831035507009993e+00
-2.131863615481077279e+00
2.649395738636499686e-01
3.681114733984971465e-01
-9.670991452568413749e-01
-9.855265553690193414e-01
3.173688631000173288e-01
1.711767977595570756e+00
1.919467247408016775e+00
6.057495012573435034e-01
1.651176858991427743e+00
1.984628169455451285e-01
-3.177156647036660786e-02
-1.266613799368640603e+00
1.089432107045812614e+00
6.511153917086964782e-01
-3.281512773662518256e-01
3.322326117980674454e+00
6.302928274053085644e-01
-3.391372586757494645e+00
-1.013453416864458223e+00
2.326975393244595125e+00
2.775780459924340526e+00
-1.849771637624662013e+00
-6.304483705150012440e-01
-8.187836618537378541e-01
4.443357108333721328e+00
-7.803373787138987439e-01
2.512320670696440494e+00
4.906923595035390662e-01
-2.373687060112186664e+00
-1.845290586735668370e-01
-2.695596892226887142e+00
3.100385447077014689e+00
-2.145208218239966325e+00
-2.119490944873704930e+00
-1.546499304014528509e+00
-1.948604723664952854e+00
5.266919340212270484e-01
-2.337932257917401557e+00
-9.983672606416416073e-01
2.657529089790795496e+00
-1.398506753441424166e-01
-2.672776853573713751e+00
-2.477919710781596230e+00
3.924866913938407365e+00
1.784248302068701442e+00
-2.508757820045328657e-01
3.257923308415136887e+00
-8.582212426189030907e-01
-4.208956079619943225e-01
-2.272377630702378415e+00
3.140436360955991546e-01
-4.285529042829532287e+00
-1.017907101861430963e+00
-4.832739590369533822e+00
2.806629319369406517e+00
5.704800573275736753e-02
-4.512959964535461665e+00
-2.246632417377975699e+00
3.320352297100280126e+00
-2.094970157923716769e-01
-1.329339109661363594e+00
-1.392092047436570112e+00
1.534526668637270497e+00
1.240861499981869898e+00
8.797321207892601080e-01
-6.203240471358641983e-01
1.183481352892227001e+00
-1.820858627233952642e+00
2.378661262264589737e+00
-1.870622586789046693e+00
-3.669705659011350818e-01
-4.320430307373346324e-01
-3.643790949389869027e-01
-3.549222855855997949e-01
-2.647840495430291874e+00
-1.780752404904657471e+00
2.052778965361561347e-01
-1.277583304323257618e+00
-2.705688140607529490e-01
1.412810981510568276e+00
1.405026221684824606e+00
-1.592120911097425484e+00
-3.412507542156456353e+00
7.744589808940860465e-01
1.366767466632667904e+00
-8.048106318368173362e-01
-6.018343442249731723e-01
-6.957439937036147271e-01
-1.022773300502766158e+00
2.659081127667866085e+00
4.051735937811267618e+00
7.594229980696765026e-01
-1.399572493674838825e-02
1.925871937640730280e+00
2.519642135783525028e+00
2.464376117604016869e-01
-2.569093506609571698e+00
3.612107826161832236e+00
-1.289381077654930152e+00
2.229562602417775707e+00
-2.749071345958458146e+00
1.200130739017167159e+00
-3.226047552309961652e+00
1.936268398877021291e+00
2.037503721596848116e+00
-3.057054429856598254e+00
-1.330590221136525919e+00
-4.049672593225803752e-01
-1.323935366316149054e+00
-2.171408968473904633e+00
-2.341926979323477376e+00
1.351850876419069536e-01
3.775200661108243594e+00
-2.910161876395953584e-01
1.476174805100090914e+00
1.046679301099486814e+00
3.941590793601282172e+00
3.847737566002136234e+00
-9.579871856993342760e-01
-7.713345352046037107e-01
1.655721584940224034e+00
-1.315510470061400650e+00
-4.288552389308817325e-01
8.141911797302725518e-01
1.855548987611594924e+00
-4.623521233797688978e+00
-1.427392897862591159e+00
-6.044846674655310892e-01
-1.437804317736418369e+00
-1.030428878751656896e-01
-5.442328019695779062e-01
1.458910375431523576e+00
4.421611019087237082e-01
-9.193958266340116481e-01
-2.147620483079789366e+00
2.364134985491794794e-01
3.716406323614505069e-01
8.576261634170538883e-01
-2.741840781819790962e-01
-3.045368756548232358e+00
2.877685848734074625e+00
-2.630116395960524045e+00
-1.817977235992001894e+00
-6.434965697495336201e-01
-8.914565468333943699e-01
-1.654252003041036811e+00
7.747786063274979540e-01
3.128963226674621012e+00
-2.700234062068018748e+00
-7.775211193383970709e-01
-6.212876808633023273e-01
4.207199113728954387e-02
6.827120508735884385e-02
6.042066673177934888e-01
2.687770141951320468e+00
-2.593849973411779697e+00
-1.149497580169960287e-01
3.751620577835781845e+00
-3.816986188559710058e-01
-1.360043355214508587e+00
-6.134849754102642549e-01
-4.225517070913670459e+00
-5.246535444566902129e-02
-1.188140295383516509e+00
3.146696015126028811e+00
-6.799811669038344775e-01
2.685702301351451382e-01
-8.482892983253647046e-01
6.256611393794280218e-01
-5.223012816586027895e-01
-1.005225519430597014e+00
1.683822972968065379e+00
-2.655195398674252694e+00
1.098275648506525037e+00
-2.916962231108984227e+00
1.411784160914493214e+00
-1.904541120256510567e+00
1.366339090694791203e+00
-1.989815380631760888e-01
1.847185707855594217e+00
-1.959314414159055495e+00
7.013883041857571499e-02
7.799793961061833869e-01
6.243210478777436734e-01
4.805015032607549585e+00
2.596666053895058113e+00
1.561956349475030592e+00
1.298659530785322147e-01
-1.734436300357508731e+00
2.468213494748616732e+00
-1.021837528481592372e+00
-2.347497920269652205e+00
-4.228087470725650832e+00
4.241648328029885562e-01
1.543948523848603926e-01
-1.777105641685351678e+00
1.995752546755169554e+00
-4.490577193821429169e+00
-7.850101462734233593e-01
-1.526613836130754187e+00
-1.671368149475367382e+00
-3.604270284612676178e+00
-3.028041930768985868e+00
-1.444355858119843461e+00
-8.759001298640081146e-01
-1.791847333101268980e+00
-1.359200269521180005e+00
1.252782270241354468e+00
1.956264808780940001e+00
1.242068543066245923e-01
-1.115072912146809259e+00
-1.836856449310835693e+00
-8.712331621321354191e-01
3.099168274006906643e+00
2.351642417081852621e+00
-2.930067381308326002e+00
1.927204342205428134e+00
7.706280295644898359e-01
-1.110828127805417509e+00
-7.276176721011795578e-01
-9.769315787406229745e-01
7.717907873561591359e-01
-3.051855081045020235e+00
2.105915062480754329e+00
-3.460065565359932371e+00
-5.381404966173075621e-01
-4.671474387629391600e+00
1.384802335219539771e+00
1.982852461090148566e+00
1.134232066838275266e+00
-7.390010221513971800e-01
-6.223312147028856600e-01
2.619663351968243958e+00
-8.338713270698701052e-01
9.882862384743686945e-01
4.497236770759387881e+00
-6.325943513098355453e-01
5.793783609847791283e-01
-1.942573623302017438e-01
3.457106546175028328e-01
2.770441436682846259e+00
-3.203991141863784531e+00
8.030461075905215296e-02
-1.612734909187190091e+00
-2.319571534203357377e+00
1.574012769604227202e+00
-9.114072580715282257e-01
-5.855338554863953604e-01
3.019640288426126418e-01
-2.020628838212172873e+00
-5.987704371677651238e-01
1.550282063859038217e+00
-1.743160742848879785e+00
-2.822764734187169111e+00
-5.130457662402188035e-01
1.573235710318131808e+00
4.844826369133725663e-01
1.030850013672868215e-01
1.110528712638163995e+00
3.904381060487160937e+00
2.033330878517894291e+00
-1.256919120183818350e+00
5.592324355041551343e-01
-9.469735103409515631e-01
1.905246304238234600e+00
1.197794631334303972e+00
-1.986733779103414754e+00
-1.820517414185335969e+00
-9.481966948224194169e-01
-4.165980415006202975e-01
3.680417627079108911e-01
1.395880168484397110e+00
5.753016332655604970e-01
-5.500459122254106603e-01
-2.755715287340085862e+00
1.003184092318250897e+00
-4.669145346115257666e-01
-3.176781557272572165e+00
1.599858963406468604e-01
1.877137426779662555e+00
2.791971314724048803e+00
1.720435740497361365e+00
6.972091952658754366e-01
3.186798765975703773e+00
1.608893342589579056e+00
1.200493311166059840e-01
2.219421494880606360e+00
2.942849833714480390e+00
-1.942982688521048829e+00
5.371612477216380910e-01
-2.185012000054574077e+00
1.247202808226008486e+00
-1.283943173906800794e+00
-1.606624944902209862e+00
6.812692761178906764e-01
2.917644547501515362e+00
1.016262895112464371e+00
8.506165201669846354e-01
-2.142447170190177275e+00
1.558521272645084110e+00
5.000000000000000000e+00
8.603945145009204154e-01
-2.579740912943113695e+00
-2.889327310211326605e+00
7.831552794843998910e-01
-3.354093356553150329e+00
-2.329193998037455415e+00
6.808953381210134381e-01
9.484839624504246558e-01
-2.491959255452094624e+00
-1.202128401532148949e+00
-1.958402521344802416e+00
-1.411405256090484173e+00
2.034530675512439046e+00
-1.634070068878517024e+00
-8.991971935743920952e-01
-8.616454457052382665e-01
1.857045949392635897e+00
1.860944700827510623e+00
5.665102048525527678e-01
-2.233951098291395709e-01
7.214355931730498384e-01
-1.868626438600546003e+00
1.256806061998947399e+00
1.286725077148922480e-01
-4.243248242704762418e-01
-1.685474838930189900e+00
4.144497592295675048e-01
1.615100778915234514e+00
-2.829046498843410529e+00
-1.125512554731896486e+00
-7.182046721256085675e-01
-6.465025988391532863e-01
8.017785465903095599e-01
-2.211496931861379522e+00
5.660569994081985357e-01
1.659072850036745095e+00
1.502167953181188231e+00
-1.735931909751520230e+00
-4.989741024224889188e+00
1.763134627828270240e+00
-4.190401834987727447e+00
1.088256582001311479e+00
4.463494261064582247e-01
1.544002567186630870e-01
-2.115808673975634768e+00
-3.923579262960120495e+00
1.354617100819699438e+00
3.283687268248680624e-01
1.282697374842324933e+00
-2.789769429379342913e+00
-9.378965944677366551e-01
-1.797927109229997544e+00
-3.607934840684363209e+00
2.336785141197710303e+00
2.618137802188719832e+00
-5.027737466525730170e-01
1.260124628107206490e-02
4.594576164222189618e+00
3.736362173869716585e+00
3.940836590111263860e+00
3.169430213839493859e+00
-2.577949166467102149e+00
-1.322135672480000412e+00
2.612237071906047703e+00
7.022566967973142837e-01
-7.811563681463997710e-01
1.180483049385710359e+00
-2.329942613159772247e+00
-1.291992033654925542e+00
-1.960751254953080114e+00
1.401825176060754075e+00
2.791888943843350290e-01
1.157215377639722043e+00
2.138115815320873025e+00
1.695353752500644795e+00
1.915071641817968739e+00
-3.776929252213054866e-01
-3.147067787068885014e+00
-1.346499054274850060e+00
2.334618205959531068e+00
-1.176358315496713658e+00
-1.080995857808828564e+00
4.176633824242337312e-02
9.195901269052395577e-01
-1.942701792462055987e+00
-2.498750541453398810e+00
-7.165260366162407024e-01
5.488531825330298375e-01
2.630535223941377510e+00
-1.807655567848973632e-01
-2.286653562564623599e+00
-1.805137596596000371e+00
-1.788267773538189775e+00
1.225302201480664266e+00
2.595559119455117525e+00
-5.734070749695749925e-01
-9.328275908974124064e-01
-2.924990054418368235e+00
1.774576370625773336e+00
1.447504409759972077e-01
-5.164470739028841351e-01
-5.438741746861399662e-01
3.921960827751508560e+00
-7.918889701977818163e-01
-1.977519877400392367e+00
-5.937009475380943258e-01
1.351772171346540929e+00
1.150251707901751352e+00
2.010053735808109643e+00
-2.372381498626310758e+00
-2.370975113143991564e-02
4.563868041362537653e-01
-2.663925357828888174e+00
-5.140097792491289397e-01
1.638735656358424109e+00
1.832844665332309830e+00
-3.375846245058743200e+00
3.742937327350945864e-01
1.503965366043827245e+00
-6.379511973895279908e-01
-1.526661661646357970e-01
2.281149699545951037e+00
4.907726934767566718e-01
1.920574743098684145e+00
