-6.030197806399950622e-02
-6.223724124613454478e-01
1.032299277287496153e-01
-1.228044041879872150e+00
1.103154600942861663e-01
6.340190061163379909e-01
5.491438261647374475e-02
1.277254828689144972e-01
1.679931307093562864e-01
5.350508074746160858e-01
-6.361778154874251356e-01
-3.731958452645081081e-01
7.728530541825584521e-01
-1.322382347396722668e+00
-2.557401851096914314e-01
3.283848522481989107e-01
-2.594361194473329135e-01
7.637903916094632706e-01
-2.035039792011614779e-01
-1.262693580931815163e-01
-1.553234952371740363e+00
-1.779072379341013477e+00
5.418230069255631776e-01
-2.833451286692580950e-01
8.561840095945951745e-01
-6.064078245858981475e-01
-1.014163079787375743e+00
1.374524186005620763e+00
-1.285508047915976171e+00
7.664847561821339639e-01
5.608224213202834818e-01
9.356222776684486320e-02
4.269173781039423687e-01
-9.148527159273083242e-01
-6.004617475751228284e-01
-1.351402450465459815e+00
3.072723552014453574e-01
1.275063339088155168e+00
3.792359290615276990e-02
5.828245656121309182e-01
1.535096609308492788e-01
-2.265738022867820334e-01
3.910641908750740470e-01
1.169574980982227785e+00
8.519800818997040892e-01
2.113515430070398438e-01
1.587367864513646865e+00
-1.552857493049669024e+00
-1.274070675496983274e+00
-1.150454903069391133e+00
-1.160247588473418023e+00
-5.121816059825858858e-01
2.264369337220886180e-01
8.100257040157341493e-01
9.833914184130518876e-01
-1.297004480407516702e+00
-6.281692491314743165e-01
2.070246853960624023e+00
-1.373616321629536063e+00
-2.218015531014026376e+00
1.893271204531812302e-01
8.507749521296048556e-01
1.211982846144508130e-01
-1.518195368004076062e+00
4.655962375337061587e-01
-6.780442073686625548e-01
1.112216799087091701e+00
1.179828146886478635e+00
-6.349687028026718139e-02
-1.880818717618504277e+00
6.411885730387290039e-01
1.134678097728119006e+00
1.123189432551054523e+00
-6.305985591762297560e-01
1.643092259518397213e-01
-5.087105145567107911e-01
1.720204945571294886e+00
6.688290791290132375e-01
-9.918828030753790159e-02
5.454904419198713938e-01
-7.330718904912725264e-01
-7.981849422908773306e-01
-8.811414404792046184e-01
5.892981766011073930e-01
-1.006201988750635934e+00
1.064774423061525255e-01
1.419000474429523706e-01
-7.219333103580094502e-01
7.128783929228399430e-01
6.674548636309998173e-01
-1.561542194173890952e+00
-1.426500351996140559e+00
1.104865384806315909e+00
-1.429777113100954011e-01
1.746274845509755202e+00
2.421738605879468764e-01
1.612304000898816980e+00
-3.625458969010075805e-02
-1.016069634671318944e+00
-7.565838407317535541e-01
8.482605214560514639e-01
-8.020483652468541891e-01
-1.665675226333778181e+00
1.782285499967743547e+00
5.480309634880855540e-01
-1.862625828354244284e+00
5.019870484143922340e-01
9.629169158162200759e-01
5.049611609111392951e-01
-6.745926611287726971e-01
3.054120972446572324e-01
8.906661824149599838e-01
1.913812840618414057e+00
3.496250916021059751e-01
1.257141011806448105e+00
5.759352717784480546e-01
-6.867986279414388662e-01
-6.520492672422326663e-01
-1.500255226786282314e+00
1.912019774685244755e+00
-1.424180148481703156e+00
-1.152096861887141888e+00
2.746430139635780421e-01
-2.253011044091834947e-02
-3.033159264887750339e-01
-7.933135687434660355e-01
-6.694448803387418323e-01
7.748908278762236534e-01
2.157124717132541392e-01
-1.017782458433575954e-01
-5.359698632614886549e-01
9.669967701804651483e-01
7.969966858365840068e-01
4.803238288957345503e-01
-4.213945863689163573e-01
-6.538888926143027192e-02
-2.088555207075678766e+00
-1.264762573528845024e+00
-6.177508342645445794e-01
-1.572258261348660646e+00
-1.997275211462485878e+00
-2.025889293347129527e+00
1.465609554431914319e+00
7.176630103023420304e-01
-7.638319731441836069e-01
-4.044985206833251468e-01
1.400252574325769217e+00
-5.171468713069602430e-01
7.183942786398116453e-01
-3.856457570874045615e-01
1.089004355672624769e-01
3.412728666823081625e-01
7.595468539260794572e-01
6.283793384490365952e-01
2.441879863144071905e-01
-2.382109253771521828e+00
3.341590998041974458e-01
-9.042653310702508662e-02
-3.697241511531679237e-02
-5.279502029694862486e-01
-1.979357173357918498e-01
-1.118434849507645712e+00
-1.460202936819423591e+00
-5.065644479958875124e-01
7.427378750381556927e-01
-4.947576889719416116e-01
-9.860137457208306699e-02
1.284162452425714918e+00
5.081405740488449396e-01
2.393314037054459220e-01
-4.662083117057935766e-01
1.039229699012027552e+00
-1.660348867799115169e-01
-4.751123328387336642e-01
2.118000277389171515e-01
8.169297084205586756e-01
-3.652912966516712601e-01
1.403710468580277926e+00
1.583088557478122382e+00
3.511796148224766156e-01
3.089833928356977566e-01
2.371054384422667027e+00
-9.527479044469444602e-02
-5.264592350674837107e-01
-6.777059395182707391e-01
1.604756444361809642e+00
-2.653486020058686279e-01
1.354033379794900682e+00
-1.448795673066286760e+00
3.262634842764917664e-01
-5.939266886180023519e-01
1.932928248872576305e+00
-3.378324933988059442e-01
-1.483525100874734104e+00
4.058612131506214027e-01
-2.349405534453383737e-01
-1.043164202516276617e+00
-1.615541225934441272e+00
-6.571907422708962443e-01
3.914889869697102398e-01
9.863138230743260237e-01
-3.375789134271300895e-01
7.643083867304465429e-01
6.958651509368678489e-01
1.230369478165185271e-01
2.100302790132334785e+00
4.160387181968054904e-01
-8.021500199265592101e-01
4.460900967364924696e-01
-1.330249071675475570e+00
-6.080559237178073673e-01
-6.396019361681828386e-01
2.905604964255124045e-01
-1.392304698775825855e+00
-1.829697212841816967e+00
-6.798998328378837996e-01
-3.275776578025020314e-01
4.626880271075144435e-01
-1.015328459297135666e-01
1.116144573601099310e+00
1.023834249246549533e+00
8.353653946588410761e-01
-2.164211199569216149e+00
-2.665664609810480812e-01
1.043160856136865711e+00
7.996176408325563756e-01
-4.581625489620968494e-01
-1.661688406697568787e+00
2.195679655495139215e+00
-1.211274579189973721e+00
5.413930704732283772e-01
4.128551332305061550e-01
-1.192972767449748339e+00
-7.934993596657644588e-01
3.842442968232608891e-01
3.746613124747533163e-01
-9.646442350875412686e-01
-1.221541397778018290e+00
-2.074288069944589807e-01
5.461512226982101481e-03
-7.339128114596880081e-01
-9.976226173299380662e-01
1.466100098133084728e+00
-1.484326563280913280e+00
1.870699967419557908e-01
1.089256555560522699e+00
-2.465758367214956337e-01
-1.185454436585784421e+00
2.617690210438849974e-01
-1.958290671868874622e+00
-5.757576407403082186e-01
-7.344085407639040497e-01
2.631471714361089731e+00
-7.571818706250432740e-02
-7.255700396825348619e-01
-1.393689967008107100e+00
4.852346821747488548e-01
-4.783504682278856279e-01
8.286551518134839256e-01
1.194916872059446078e-01
-1.353084883279069839e+00
1.182411121399972842e+00
-5.090735168902789098e-01
1.342240875429380864e+00
-3.786362800322802258e-01
-2.347877581439714589e-01
-5.283093915668590768e-02
2.578133539847682343e-01
-1.606676309909929046e-01
-7.340219774273846198e-01
-5.744981258273815783e-01
3.849092605586594829e-01
1.252112352763611547e+00
1.111715640562812801e+00
-3.140616082450833346e-01
8.083103249296863524e-01
-1.161631421628408489e-01
1.508991377487774344e+00
-3.895204953895152755e-01
-8.506360340353209537e-01
-1.992888668757933246e+00
1.924753128142523195e+00
-7.603900063672490717e-01
2.798857950376039128e-01
1.334547176084934783e+00
-1.834524364278107722e+00
-1.206912965797146686e+00
-6.462849335805902484e-01
-9.508266874773489974e-01
-2.336168781084741575e+00
-1.601723650348718664e+00
-2.716214394440026325e-01
1.196950277739240676e+00
-1.396935382202823206e+00
-1.164017261789791480e+00
1.517883872363579911e+00
1.176131533933455486e-01
-1.514682552645920666e-01
-7.365701859422690845e-01
-1.662089175137370312e+00
-4.866992863152503901e-01
1.120425069957661890e+00
-1.727075771147550398e-01
-2.295545747135836923e+00
1.397544376986151526e+00
-5.694184605381220621e-01
-1.113580280274494960e+00
-1.743745085983761101e-01
-5.826377141967267193e-01
-1.246018211779054141e-01
-5.008582222927815408e-01
1.116446509110375906e+00
-1.329024300318378149e+00
2.022768498124527525e-02
-1.327452028755797819e+00
-9.693601292780584799e-02
-2.737352489923310372e-01
-1.067253174662342374e+00
-8.401037570207199323e-01
2.417439565980998850e-01
-1.480148097465869839e-01
2.596732386171742846e-01
7.721222600038970540e-01
1.507046941283086916e+00
-7.790315227710662427e-01
-1.405703933134167638e+00
-1.172510755893307888e-01
-7.112096020644118610e-01
8.547765648342338096e-01
-8.592541359877783336e-01
2.370849529664429411e-01
-1.261494818519296679e+00
-3.143123836118686398e-01
1.215471474876199665e+00
-2.871166006877476917e-01
-5.292770608766943496e-01
3.271321529551070029e-01
-4.760807602547885153e-01
-7.824200481834155951e-01
-1.594682758450769455e-01
-4.658723162059104084e-01
-1.418054415126483558e+00
-3.553797703777945571e-01
8.602261399054853541e-01
-3.013695674569749627e-02
-2.024719479251624321e-01
-6.796919017351576997e-01
2.501323497271723539e+00
1.204861159538564763e+00
-3.744554781861655357e-01
-1.245538247821325495e+00
-4.817351511034928535e-01
2.080216434164947614e-01
4.797806193969726962e-01
-1.851970307643273639e+00
-1.470108573141124975e+00
-9.336315126095211525e-01
-1.164699102807285946e+00
3.669224645808419893e-01
-8.455630404755272167e-01
1.121180101896790404e+00
-4.674763589312034284e-01
-2.443084095868925054e+00
-1.422517505257463455e-01
-9.696637207388301150e-01
-1.144557921355400687e+00
2.476908503119759075e-01
1.407308685545764604e+00
1.611217584255191682e+00
4.209136277402603099e-01
5.164809659997597890e-01
2.062213851979080026e+00
-1.756552619127376147e-01
1.058948513871992070e+00
9.692115287872997698e-01
4.503801819445643062e-01
-4.089529280006338752e-01
2.433815979431646070e-01
-7.106771258883934905e-01
-3.371508293687206503e-01
1.122785509369542467e+00
-2.067808466671378298e+00
-3.849944228106938482e-02
8.850582700693108151e-01
6.232247575928617778e-02
2.477054048769371519e+00
-6.296333113527392555e-01
-7.338168586067759236e-01
8.828232408218505967e-01
1.362549106581543157e+00
-2.709225521906635237e-01
-1.111301609647959765e+00
-5.825848319419932864e-01
-1.283856715335094378e-01
-3.290961682614899075e-01
1.980833318771146878e+00
3.886542221073856496e-01
-7.582583382156915519e-02
-8.723486913239542062e-01
-1.621920274623011693e+00
-1.517939190927380722e+00
8.732054554680468428e-01
1.307736366589669075e-01
-6.728072465141234915e-01
5.794300809226999860e-01
1.592864335291903188e+00
4.910870860405571747e-01
3.035543763899060110e-01
-1.940055726249214629e-01
-2.332512880684838308e-01
-6.359362262656587106e-01
8.124743596331462925e-01
-6.089460812824452063e-01
-2.000671815120087516e-01
-5.794341048294473495e-01
8.574332240303483843e-02
2.888566286048277476e-02
-1.708269936167567948e-01
-5.500620087161109950e-01
3.266179395508466143e-01
-5.488948566528808470e-01
-2.063694853387945116e-01
3.335228510625984910e-01
-1.501825603108803087e+00
-1.798127350362497268e-01
3.442365280541892503e-01
-1.115053016786077045e+00
-1.458349868682380812e+00
-9.660676092111062374e-01
-1.566431541933919203e+00
5.690318766042921084e-01
-1.202438955106668317e-01
7.835528915798661842e-01
7.008283361423632840e-01
-1.508894310303019459e+00
6.614338230554910325e-01
1.001689449378723396e+00
8.378893823371171834e-01
-1.070427603308738984e+00
4.418561425960838562e-01
-7.906484566429003991e-01
-2.111921610801599236e+00
2.286212633287139084e-01
7.162833413794622572e-01
-2.110933104310808162e-01
-4.978049533777086921e-01
2.273118286406333510e+00
1.366750187576032616e+00
8.235545043922876118e-02
2.265965441938995184e+00
-1.525695819371888806e+00
-9.809138963179639958e-01
1.127220079917076845e+00
1.164269440307990067e+00
6.414525209188948196e-01
1.699342538594672547e-01
-1.752325303686784075e+00
4.039972215738396599e-01
-7.403216943299009145e-01
6.591903486599868245e-01
-1.021992461484160231e+00
-5.449252760893328329e-01
9.974904833403854809e-01
4.561577961153577832e-01
5.677033604587577997e-02
-6.140590915842798481e-01
-1.763950115043703804e+00
-3.582944480782384034e-01
1.956591329903228704e+00
-1.545661293996833496e+00
1.472703769953431774e-01
-7.332734681065664617e-01
6.814964308560718109e-01
-5.706212991332488826e-01
-1.798212197304622784e+00
-1.626466900263734860e+00
6.594130383457441624e-01
1.225744654706049985e+00
-6.101899969729380757e-01
-9.715542580234171055e-02
-1.593611140320747133e+00
4.163915650783858169e-01
-2.991564949014513530e-02
1.054884321101683398e+00
4.349780229003386012e-01
-9.858164166145932938e-01
-9.107731669921914630e-01
-1.212772572712790264e-01
-1.095930183475457120e+00
-3.289903451841631465e-01
-5.472777492377574049e-01
-3.206140024943557876e-01
1.814558885164716528e-01
-1.311280474486999914e+00
5.937130639480248107e-01
7.890216857304812592e-01
5.958779262363336215e-01
-8.640756764381780641e-01
-1.304599187936237747e+00
-1.196962242411959032e+00
-1.354612404980413132e-01
-9.187594136065744266e-01
-6.693760622032707275e-01
-4.490839798656534043e-01
5.747318365540081686e-01
-1.550308144597044802e+00
4.711059137039015354e-01
3.156669320059934947e-01
1.843711628721234064e-02
8.633387306745827772e-01
-4.996698649764583777e-01
5.191037502960309524e-01
1.322575854613533330e+00
