-4.276864285018060485e-01
7.940354492977252931e-01
2.869378286531532041e-02
2.001612922898564406e+00
-1.186481062224971073e+00
-5.716120543917391217e-02
-1.142230177543936964e+00
-8.176535669769835479e-01
-4.392305350233725036e-01
2.026376148633630692e+00
1.003452436455542163e+00
3.405120323892703027e-01
-1.230027301766565273e-01
-2.422129436190420648e+00
-1.215277526420455612e+00
7.740841777086862052e-01
-9.490401735944296036e-01
2.242715768555157752e+00
-6.029130231786394845e-01
-4.750381046716398714e-01
-1.002180879857015761e+00
1.336302102508764023e-01
-8.999901910842114106e-01
-9.967044026317068983e-01
1.892257213717822850e+00
-2.982319377165119079e-01
-8.723629667678176602e-01
-6.220710323418625620e-01
8.711734304874507728e-01
1.074170156833052836e+00
2.747806019552339052e-01
1.040435701067244700e+00
9.605264473233088296e-02
-2.102167642126255842e-01
9.139465284514916021e-01
9.291135760448421266e-01
1.600205978191757694e-01
-9.644820662147104429e-01
-1.492497026107286739e+00
-9.040697394591585834e-01
9.959819571719332743e-01
1.418404994563124077e+00
1.073578584312144812e+00
-7.070524197105907405e-01
-1.623173561234247497e+00
-1.674512244357248214e+00
4.345604120450365926e-01
1.692688007993936594e-01
3.392868320815692229e+00
3.901794506586853117e-02
7.154765943628422775e-01
7.886377174166554482e-01
-6.899235459834516249e-01
1.624695650995895413e+00
-1.250585647560725988e+00
-1.913625382837844668e-01
1.601714257742628433e+00
9.485466781196230102e-01
9.940651270648581672e-01
-2.273032584967041636e+00
-2.336769735109394119e-01
1.348509408092493089e+00
-1.043476514170698977e+00
2.036156373674860021e-01
1.326768423339346192e+00
1.063221084471982714e+00
5.452518050061536670e-01
1.538172426615247446e+00
2.073473096531861515e-01
-7.086097573012226647e-01
1.726812147245659901e-01
1.645689526293870664e+00
1.328753179431993559e+00
2.462627593499693290e-01
-1.163409668385153584e+00
-3.423015320215325730e-01
7.100821844864277921e-01
3.022308158956752422e-01
1.278816046189456657e+00
-2.468830069682308448e-01
-7.391303547208512015e-01
-1.050423559796376249e+00
1.031165309956142195e+00
1.154606985867058455e+00
6.024455746060777273e-01
-2.013485309231421105e+00
-1.759547666870495686e+00
2.508339498391602973e-01
1.437978578704495192e-01
-3.806936371702418498e-01
-1.886503754404896149e+00
7.304550885404426097e-01
-1.186421139310125383e-01
-9.435831262747562675e-02
1.203625961059511695e+00
4.834685171363535261e-01
-5.411084810358470776e-01
6.973997456155238694e-01
-1.056320130171392702e+00
-1.896048868853421165e+00
7.947580071456812334e-01
3.482736238060324396e-01
-1.710969639690604005e+00
1.355987799170716990e+00
-1.993902260107561553e+00
8.395639219394546160e-01
-1.028115249981402357e+00
1.022815963354429591e+00
-1.986903692260701959e-01
-1.982133910170015056e+00
-1.471898507432534142e+00
-1.272641630950967162e+00
1.134061604276070945e+00
-1.900396291418526840e+00
-1.275648410623099860e+00
-1.764254673864313894e+00
-1.606733045730037279e+00
-1.596490138346414067e+00
5.969723154239225948e-02
1.544801718945562286e+00
-6.542989929233717916e-01
7.345063214137228513e-01
-6.562118122436206846e-01
-1.158798881979458351e+00
6.438913410064461829e-01
-8.579523000838218394e-02
1.812514848801054512e+00
-2.777302883412797740e-01
-1.625718128773100624e+00
5.344905233803292077e-01
1.373715897050252543e+00
2.067705927058806736e+00
5.998889154617739194e-01
3.350515548106072217e-01
1.044957175136060457e+00
2.447226054876820989e+00
-1.543533354744836217e+00
-4.224106561270364324e-01
9.539588889795442839e-01
-1.076078973622891066e+00
-8.780018590642786336e-01
-7.470279799483758865e-01
1.515512986946685459e+00
-1.113173381214290103e+00
-1.141576628796477255e+00
2.147564453110941685e-01
1.805390604407106636e-01
2.478441833599429600e-01
-2.596841858837395378e-01
-2.456064722599808903e-01
-1.017539382475830756e+00
-1.311014486035221083e+00
2.159649836053906924e+00
1.552708999705389559e+00
7.128673349569858431e-02
7.745819533106965693e-01
2.856672743879853371e-01
-2.900445359769173947e+00
1.628301904684873236e+00
-9.755214033379928651e-01
1.694822239710527256e-01
-2.177926587849290385e-01
-9.784300606803277844e-01
-4.150920328020184513e-01
-5.429053464420867670e-01
-2.028242145675124064e+00
-5.844455646084973921e-01
6.107188775396750202e-01
1.886540677285965195e+00
-1.833131999945845081e-01
-5.456187660532698658e-01
1.337971870481879932e-02
-1.006726932557042709e+00
8.438038915961820763e-01
7.321633001753369285e-04
1.844187102714442084e+00
-7.914176696818486789e-02
1.029643386819092399e+00
1.327741236966025085e+00
7.940691394271750525e-01
-5.601442156797915572e-01
-6.053398444325006622e-01
-8.173020126292316334e-01
-6.529256577192175115e-01
1.266108947826771747e+00
2.422788435318441458e+00
9.642266103920249520e-01
7.114107776022926544e-02
-1.632165044203255810e+00
2.068277701005154512e-01
-6.677934935019855800e-01
-1.173324094422878883e+00
-1.665114040353677716e+00
-2.326039757564339894e+00
-2.879255034123460177e-01
3.164616033854708022e-01
-1.715239416965506081e-01
-1.447544024280673636e+00
1.084248705994391493e+00
-1.820710002265546468e+00
2.954672168784187036e-01
1.602844701800534288e+00
-7.284288009022414911e-01
2.599483963309894285e+00
1.563617592027558345e+00
1.352140954741402723e+00
-2.243264584890114488e+00
9.204756919189227560e-01
-7.770012861989661346e-01
-5.938508460421347834e-01
-1.476782875051638744e+00
-1.972267402146830939e+00
-2.371191444806415305e-01
1.059748749990375494e+00
-1.063994499923656800e+00
5.447264990027766984e-01
1.410095199750491801e+00
8.092194548138138543e-01
2.519268646474765561e+00
3.157755613484464874e+00
5.844976203062834941e-01
1.228614143553652838e+00
2.824876253733137332e-01
-1.750026727682830519e+00
2.542235161555730372e-01
-5.535873849660495338e-01
5.169186269387084920e-01
-2.898197515619544973e-01
1.580949902242867466e+00
-1.560587767959551897e+00
1.389326452722229099e+00
-1.140645077815012787e+00
4.795591932512621725e-01
-2.622273764965580511e+00
1.219732082844276810e+00
2.396761845904001653e+00
-1.373233294582327346e+00
-1.658596712973725573e-02
-2.447788089189635752e+00
9.793985860594656145e-01
-9.298304256803922030e-01
1.151847614711343226e+00
3.211875807334171995e+00
5.726598523683934516e-01
-7.610232024156102781e-01
1.616077615399396095e+00
-7.544467028010055643e-01
-7.432332934163730087e-01
7.008620383801211773e-01
-1.319138773763797179e+00
1.666674811802003831e+00
1.617834297538287558e-01
-1.255620602358575866e+00
1.571349195538569887e+00
-1.938730371286885301e-01
7.230121545482344203e-01
-1.897922338937423348e-01
-1.259943405209211775e+00
-2.259776813485716573e-01
1.346434507179695927e+00
6.368316411504597596e-01
1.700820690646811073e+00
-1.941629481573781124e+00
-8.357483441647417521e-01
-1.062062663341600821e+00
1.119204889185317242e+00
-1.596376097612166589e-01
-1.174431525686583822e+00
-1.464581967352613923e+00
-2.157166744398191227e-01
-5.829199622954801541e-01
1.415126249371738254e+00
4.096218415206118735e-01
-1.720873452240043733e-01
1.808579089409310114e+00
-1.390633733357187207e+00
1.806545980146120556e+00
-1.212904046643390465e+00
-1.908321981273780388e+00
5.308151627325585764e-01
-1.178930730111966252e+00
-7.398131351585846005e-04
-5.949457935628306160e-01
-1.232505078827649037e+00
4.552570588368460847e-01
-1.816668637633127581e+00
2.168845609318559298e-02
9.773537500142017720e-01
2.204430226861068931e+00
1.415845039057375132e+00
6.515601874308707409e-01
-1.462916526945842843e+00
-7.053839462322919474e-02
1.376584987881184219e+00
-5.729385622346860885e-01
1.525978529598452482e+00
4.228923417265200158e-01
1.232830525249735132e-01
3.445097051221202022e-01
1.467342150513129440e+00
-1.031462364762298911e+00
-1.373130764413375005e-01
4.125151637324631082e-01
-1.325684020564362076e+00
6.829400875963003159e-01
1.161814096382890682e+00
1.347468660163805509e+00
-1.860239155337996664e+00
-7.512315086905241301e-01
-1.140848053028644227e+00
-1.869202238475884403e+00
1.254212100727496448e-01
6.778218138189826547e-01
-1.871977868519867361e+00
-6.084166222514246769e-01
5.092302659357859085e-01
4.341787868758641977e-01
1.344894183880636085e+00
9.159816193474092927e-01
-9.931757264919314210e-01
2.319045052497287429e+00
-5.655549545184248572e-01
1.391633789053350334e+00
-6.309946805084472032e-01
1.619131060902713415e+00
-5.112829206781634994e-01
1.651728613524987566e+00
-2.606742843342653160e-01
1.170500355343266463e+00
-9.775806400861286605e-01
3.027665247562946860e+00
1.615028958885957877e+00
-5.046966542155093549e-01
-3.090159011567150671e-01
-1.625672869007219745e-01
-1.708706152165398340e+00
-5.792974512141881860e-01
-1.560462941330307274e-01
-1.388805637070626986e-01
-8.791041543486075582e-01
-2.685783520300070393e+00
9.667130029739023911e-01
-5.132888978318401740e-01
-1.196226550817644618e+00
-1.001150189829983717e+00
1.358965889624219159e+00
-7.742647901611299233e-02
3.745278095237347671e-01
1.102205524718359086e+00
5.005738629697162878e-01
-4.568616723610201547e-01
2.831489581433169533e+00
1.835261333702531417e+00
-8.219662835968701842e-01
-1.363736047059678214e+00
-5.928842268276568461e-02
-2.739079126106442885e-01
-7.511690612742318862e-01
2.208948778632278120e-01
1.532245842576429595e-02
-2.156875589624681844e+00
-1.511946927413717390e+00
1.713439802401524048e-01
1.833112719425407100e+00
-5.553968307880099431e-01
-5.589336844923140646e-01
9.812666906793277022e-01
7.289802878500299954e-01
3.253034510185610628e-01
-1.142385774177672175e-01
6.231136156454910591e-01
7.001269286090785471e-01
1.636160132562495484e+00
3.242840425691930761e-01
-8.879607658233394929e-01
1.076058791388517122e+00
1.724817456944405691e+00
1.027792150363012524e+00
-8.333931023047238540e-01
9.162961311601627301e-01
1.536101300251509372e+00
4.969780859496637504e-01
1.818776934683796753e-02
-6.985529784432982225e-01
-8.960834097718581859e-01
3.381931249285035079e-01
-3.140839409681355221e-01
2.061761185957773357e+00
4.305744805241094042e-01
1.372910409283436550e-01
-3.621823968842363684e-04
-3.955507051206117453e-01
-5.461970270110088066e-01
-4.022106147439004076e-01
9.862543140182484791e-01
-6.400831749868585163e-01
2.166636498434691305e+00
-8.870530430194385474e-01
7.718770016951692625e-01
-1.409978883231080893e+00
-6.168780038215135875e-01
-1.667277405002920432e-02
-1.679248522851801262e+00
7.248911442488195078e-01
6.759727037766696256e-01
1.413017871217014942e-02
-2.676698943012425502e-01
7.809959500580196945e-01
7.138977377654356360e-01
-1.275922582904166269e+00
-5.399085531861338438e-01
1.323491054381333853e-01
-1.550981796141076785e+00
-3.324715387103065467e-01
8.314684663374656282e-01
-7.206121355387100635e-01
-2.324413455877250012e+00
-3.084372702442053082e-01
-8.293398015021313796e-01
-1.767903840992660847e+00
2.140397331721510810e+00
2.156168059134245141e+00
-1.254213539262609700e-01
-1.611709687127228285e+00
-7.267551419170938942e-01
-2.166428747229565133e-01
-1.013780627741907026e-01
-1.656064243158061888e+00
9.146509082979479288e-01
7.261743623934249214e-01
-5.250430021177923123e-01
3.312631246052577083e+00
1.669895238646885716e+00
2.118050033890197525e-01
-1.763749469906219502e+00
3.583195334555355771e-01
4.475202100213682144e-02
-1.505312202932867827e+00
3.756841895680818055e-01
-6.095833409312225726e-01
-1.596295674261679842e+00
-6.990307516123683840e-01
1.679692800648679096e+00
1.063685269601107208e+00
-4.763918150497783444e-01
1.596064632760620938e-01
1.173823990839274245e+00
-8.181636863948593685e-02
1.872039248060750616e+00
1.533509474592165134e-01
6.624711796136937281e-01
7.709658583480187843e-01
-4.918578616617059751e-01
7.546855765032436381e-01
1.643975721466794937e-02
-3.853415724981594792e-01
-4.203561719283213094e-01
-1.154592410793955359e+00
1.243664566749106193e+00
2.128064052686127638e+00
-5.477161158651790984e-01
-1.287030458113591624e+00
2.489743963246660030e-01
2.656356163265829906e+00
4.677859013817275979e-01
2.298341510900561602e+00
-4.817641840790907182e-01
4.232836995493736154e-01
2.930274341509973013e-01
8.955078321461122925e-01
2.508960301225444667e+00
4.462161747429496117e-01
-1.079143358872416414e-01
-2.457609838647579537e+00
1.658211383525980409e-01
-1.923328238162884229e+00
7.089306062570353006e-01
1.465261239630315515e+00
-7.550379569696330506e-01
-2.396890724777768433e+00
1.698320323797709364e+00
-5.369405023799309618e-01
-1.497444874078865951e-01
1.627474236259812912e+00
9.869373985282869910e-03
5.153974426525875785e-01
-1.365917144070102118e+00
1.784465333107217333e+00
4.656070853522820130e-03
-2.021149961076176282e-01
2.647640592713438323e-01
1.724037208904833918e+00
1.090517163212684437e+00
-4.347796881716572415e-01
8.201366301982204732e-01
-1.560806057120859514e+00
-1.617987605534496609e-01
2.897388221986732404e+00
-1.610714492841851531e+00
1.019154508308227847e+00
1.331919032772356459e+00
-1.624375332327883559e+00
-2.260697149694772534e+00
1.461903409937407972e+00
6.132548529797041681e-01
-8.936956188704847648e-02
-1.719016376983972805e-02
2.503098144695057314e-01
3.160109804546230805e+00
1.139992061148528357e+00
4.518678430328364470e-01
-1.330383749871464349e+00
-6.424613253519950717e-02
