3.096958420004293444e+00
1.516724563199697506e+00
-1.299241040584768303e+00
1.954078968657952942e-01
1.225914056559642695e+00
-6.992871190838831907e-01
-2.964230199319395354e-02
-6.343363718699777110e-01
5.057109998960473973e-01
3.619211309300771617e+00
-1.936090589704662079e+00
2.200238492543107327e-01
1.432365540369318069e-01
-1.512320948304820334e+00
-5.845397195763553100e-01
5.005462266575646524e-01
-2.114645498863080952e+00
-5.542606972528822951e-01
-7.532134621516686224e-01
-1.412868403080548951e+00
-3.370913304902944940e+00
-1.825972355407490255e-02
-1.568966642628168096e+00
8.538684538953962289e-01
2.917233840648023602e+00
-3.091346557055557831e+00
3.415657023718887686e-01
-2.065716990257656427e+00
1.223214185140525601e+00
3.764573968025166195e+00
-3.165354145472488057e+00
-8.646764231574275428e-01
-6.454175789169642741e-01
3.826157352550207946e-02
2.873147723481870308e+00
-2.280532317510270968e+00
1.281269560255745787e+00
1.397112269850180333e+00
-1.690762863045763176e+00
-4.073905930760721716e-01
-1.147196986912307093e+00
1.291659841509163797e+00
1.784300049393916510e-01
1.217567862034841575e+00
4.084997946171355920e-01
-1.713351719605058054e+00
3.654220941523345090e-01
-5.398712622113963633e-01
1.620460619362294352e+00
-2.393141945148535399e+00
7.152902065423463185e-01
7.458078845792623923e-01
-1.280216408422893970e+00
2.926682046533977122e+00
-1.744077483519595795e+00
-2.362513591795579071e+00
2.073227176825209739e-01
1.530977252775346464e+00
-1.620958659294840842e+00
-2.515397160649764263e+00
2.625488340345187410e+00
3.486875305215924925e+00
-2.166386961295975855e+00
1.253499453625299687e+00
-6.358678772223402831e-02
1.493038880076619890e+00
2.828533045879966679e+00
8.067283823799566989e-01
1.360724949587613253e+00
-2.296712381334415909e-01
-1.286445563870615594e+00
2.793222865342546157e+00
2.984951253634813284e-01
3.030226306716194529e+00
-2.453404671950281557e+00
8.335985871118953838e-01
2.133827040812128928e+00
2.165849265777729293e+00
6.703116923655976223e-01
-1.287308508939184915e+00
-3.419371277859212910e+00
-6.499261971854117803e-01
-1.585792880444239827e+00
-1.594230761839559918e+00
1.963701281578114077e-01
-2.253280835155985429e+00
2.165006759035197348e-01
-1.296696245519681767e-01
1.643208659254478121e-01
-6.846703123755215614e-01
-2.541782563951438423e+00
-1.993222380431591834e+00
-3.527712684028263546e+00
1.255774051970489857e+00
3.068309825763968490e+00
2.438617485610706126e+00
-1.398841780926165512e-01
6.194184444869508255e-01
9.238754260667834117e-01
-5.896469541725810615e-01
2.673600166295797109e+00
-1.786748817683276869e+00
-1.291776657905319148e+00
4.828289436259218803e-01
-1.353978755948874735e+00
6.152037519431363677e-02
6.602835486762064221e-01
1.208093327410619366e+00
-3.141058703730248425e-02
-1.799118374522964636e+00
6.983057910654997258e-01
5.724740743442762181e-01
-4.442112071862238665e-01
-8.273950045844298273e-01
1.499785394845481790e+00
-6.359722157180289770e-01
-2.826855116077343411e+00
-3.522738978830054712e+00
-6.982271919659659432e-01
2.311392136633844352e+00
-4.847868999955144531e+00
-7.830681168203739162e-01
1.051358946868542255e+00
-2.864617818977615471e+00
-1.899417399366462700e+00
2.789745480276968337e+00
-6.195244475797707651e-01
-1.119227044125528092e+00
3.131705470708059380e-01
2.641859310282885787e-01
9.651096308199544893e-01
4.127392458069421011e-01
1.084937880928266374e+00
3.803201544679701840e-02
-1.357376849991422940e+00
-9.962268392721185251e-02
-1.522799293330490578e+00
-2.760322324109921510e+00
-1.238031928319424324e+00
-2.491183834960425614e+00
-2.249812329538868561e+00
-1.902071674659437495e+00
4.556117515431930443e+00
-5.500876101392844220e-01
-1.240613467546616278e-01
-1.435569486350196655e-01
4.850119677136529361e+00
6.492622733162534132e-02
-1.338036150234663602e+00
1.183186861846941440e+00
-1.579638603252666140e+00
-5.808607265424194921e-01
3.298261560232143452e+00
5.522498920907938924e-01
3.355895020075312374e-01
-1.472357375219487174e+00
-5.513765939439654318e-01
-1.723837358112617402e+00
-1.381749797288864379e+00
-2.585450238953116653e+00
1.255875641421683397e+00
-1.347577965657226429e+00
-2.537514209980120672e+00
-2.039053995747858394e+00
1.054424726857519978e+00
-1.495892222718662179e+00
-2.001774986027979875e+00
2.324891467543768186e-01
6.456404872400405281e-01
-1.575656063785606520e+00
-1.434606753813525426e+00
1.580406143050774759e+00
6.149098717380070411e-01
-1.174114488757144859e+00
-1.756224278899765068e-03
5.000000000000000000e+00
1.589449165202719172e+00
2.837308794661854705e+00
2.091365594072264855e+00
-2.078544980216144200e+00
1.661150949386609454e-01
2.106159009320460740e+00
-5.935415096909713029e-01
1.328296439443916732e+00
-3.701510535156158355e-01
4.737097863268932230e+00
9.100845446333929445e-01
1.984530729102136348e-01
1.775873010058335311e-01
8.873655410624401441e-01
-1.500791322390583993e+00
-8.499475507931908425e-02
-2.817956596289851845e+00
-4.698406708986436975e+00
-3.100643299480430493e+00
1.265745981180714352e+00
-4.010623452457036109e-01
-2.957862428903152985e+00
9.046796259314877631e-01
-4.141431813444222954e+00
-8.806821100960595672e-01
3.663363437223701169e-01
2.195574286667039132e-01
3.952603354614158349e+00
1.806128412505873193e+00
2.842262262450945265e+00
-2.575933418800339325e+00
8.548171052760373811e-01
1.189898838934757563e-01
-1.697801839186536377e+00
-6.370152779076159177e-01
-3.434030934772676957e+00
-3.303937647144685741e-01
-1.541057817412201381e+00
-3.358295961006795061e+00
-6.025901203440131582e-02
1.100102892813109356e+00
6.354052228385143053e-01
3.668319399641857714e+00
4.563102406159986302e+00
-7.086223830237079468e-01
2.130556498874707216e-01
-1.862493230135373157e+00
1.561300884900536090e-01
1.396643507786301086e+00
-8.622660376928337200e-01
-1.111441180333128553e+00
-3.135005441118371650e+00
1.782549654883358592e+00
-3.485414222082124702e+00
5.591866026053162742e-01
1.062576712755980424e-01
1.001836148006438165e+00
-1.793973091314251977e+00
2.703458068901019473e+00
2.671784475453118368e+00
-1.307762158835662269e+00
-1.939906201108065886e-02
-2.463185093348166266e+00
1.019481386597991701e+00
-1.929506304853499277e+00
3.464645003674018398e-01
2.865452909265457038e+00
-6.674547650213469296e-01
1.303643637570271352e+00
2.290211233771774602e+00
-1.464693382655241294e+00
-2.374705267409347176e+00
2.595822883081493337e+00
-2.874291499102310521e+00
5.019026202337775189e-01
-1.762215400676602872e+00
8.701830075516259200e-01
1.807990910645127514e+00
-1.382145911167623531e+00
-2.451837651978031829e+00
2.587420469298145953e+00
-3.955304352255834210e+00
1.769083463701197623e+00
-4.243639155044496292e-01
-8.292042019591097102e-01
2.208676120028388645e+00
-1.059427026605319178e+00
4.167296299035072593e-01
2.679992544767819673e+00
9.006619917628286842e-01
1.442839197133093165e+00
-3.514494850437426265e-01
-3.277000153853721898e-01
-8.252400936336066195e-01
-9.821501389790157077e-01
-2.950179301409061594e-01
9.959929380419190181e-01
2.407644391281108298e+00
1.028760989874756504e+00
3.775034895929705314e-01
2.252119505646813735e+00
-3.931592171372049194e-01
-8.028524603314028951e-01
8.007808265596958464e-01
4.763433750957073443e-01
3.220347285320100283e+00
8.801199952852023500e-02
-1.940284908477714065e+00
-1.240316361258599898e+00
-1.070236618980046295e+00
-8.844383704016429704e-01
-8.298257670990416557e-02
-1.233199304177047040e+00
-2.516002558062302441e-01
2.530625513996145770e+00
-2.633490664203664178e+00
-1.218870783776440092e-01
-1.989914765239628291e+00
-1.472205748387090729e+00
2.424626926694582352e+00
1.589335635833537097e+00
9.271485756763038211e-01
2.160889504448575416e+00
-2.770371857045128117e+00
-5.903791178283688268e-01
-3.895036542055052564e-01
1.902415505129271267e-01
-3.715371070131117115e+00
1.431005462717704901e+00
2.854510390316642443e-01
-2.017559705335221665e+00
-2.735426004367667030e+00
-1.126662236568495956e+00
-5.208352053161844353e-01
-3.543259498772418858e+00
-6.121568197430828917e-01
-7.816516528709929190e-01
-1.141424683490797065e-01
-3.869546140917435650e+00
1.576838517963679465e+00
2.738147300587980837e+00
4.327384545133270422e-01
1.185986029110575046e-01
-2.151947937132709932e+00
2.064438105617597330e+00
1.301190727483111154e+00
2.762872215206560789e+00
-1.886731093063962472e+00
2.191675154959735750e+00
-2.349903310108561350e+00
-1.973848340006532531e+00
6.851697526714604081e-01
-6.075715125377776360e-01
-3.239487200683104362e-01
2.486010997207099393e+00
4.893953817791754091e-01
8.457966376868650826e-01
2.018587442602111537e+00
-3.581029783824405399e-01
5.482394539376045373e-03
-2.322386991191478511e+00
4.276704148217902457e-03
-8.953819880689621868e-01
-3.401521831927345474e-01
-2.819346197402610610e+00
-1.207898822736450661e+00
-1.383558567711203224e+00
-6.352760634243885818e-01
-2.181256789409016683e+00
-7.523888748068241483e-02
1.056565195315131156e+00
3.910032097271207263e+00
1.963513298489965031e+00
7.034123676943560000e-01
8.521853810767421322e-01
2.663389695629611253e+00
2.879674357421374786e+00
1.570500397777995438e+00
-1.061661155019860026e+00
-7.305797419709012530e-01
-1.834601181239680301e+00
-3.849376195472044238e+00
-1.696276257509095053e+00
-3.253922172074262598e+00
-3.530885536826309234e-01
-1.140040892481021473e+00
-4.017476274459317764e+00
3.497988745227264218e+00
-1.892669779432290422e+00
-1.864738751972229824e+00
4.303205777296366108e-01
-8.469890219987901148e-01
1.007019986086476138e+00
8.235688084970806955e-01
-6.805648230672254329e-01
1.657549518201922645e+00
7.206843482662250722e-02
6.720250459085779227e-01
1.279644526127161619e+00
1.636619609230368866e+00
4.156013249092005424e-02
-4.105647722730312310e-01
-1.641417795517877920e+00
-6.303965017784198821e-01
9.920643714314127948e-01
8.323837488701668619e-01
7.943465408135361727e-01
1.318117836794343134e+00
1.213161366308865396e+00
4.704582502495616936e+00
2.297614311952713706e-01
1.896505502604616034e+00
-2.555305694967069385e-01
6.688279254097935222e-01
-1.102192670147696063e+00
-2.103456174740516715e+00
5.584198579379151539e-01
2.130590832904619703e+00
1.399774628084804462e-01
2.250861750230537695e+00
6.802392189829298275e-02
6.666924298746597088e-01
2.041419726667113466e+00
-2.765430622136842320e+00
-2.072391467538077237e-01
3.045347348914745567e+00
-1.006878068877133270e+00
-6.325450295279377855e-02
1.079955978553560847e+00
9.241567909859611518e-01
1.060925048525529490e-01
2.020848670001321068e+00
3.282434296566993481e+00
3.358306263197246011e+00
5.527528276332569490e-01
4.486180910130258326e+00
-1.648096692429211085e+00
1.646279243165875705e+00
2.051159400478480777e+00
-1.160552827915191543e+00
-9.077619201060125320e-01
3.287179983695942553e-01
-2.040147904961024494e+00
-1.949720235832683723e+00
3.766002762055139286e+00
6.886253494172471790e-01
-8.546212673715594121e-01
-3.215934267540329294e+00
-4.498631413532585555e-01
-3.564999935286463639e-01
-2.732710008075216024e+00
-2.965750435260094964e+00
1.077754675110035087e+00
-8.622108415810068038e-01
1.543029595885908378e+00
4.672940634749014777e+00
1.408075002648757845e+00
-8.274573473710988836e-01
-7.478662618659770445e-01
-2.153384794153705428e-01
1.756370886290484989e+00
-2.069841075221783733e+00
-1.009840339308925028e+00
1.242741452307331684e+00
-5.287315966139853884e-01
-1.220202567500321855e+00
2.852521574416090999e+00
1.858840865955411203e+00
-1.614661258769538588e+00
1.391233225697376952e+00
1.917853230451553870e+00
7.068183269321544060e-01
1.283893046715684605e+00
2.764580451889701251e+00
-3.011170463271700015e+00
2.762449831213533713e-01
1.892508540939310535e+00
2.412034216411729659e+00
1.466258508411475425e+00
1.130514882706701307e+00
-2.533387382681969946e+00
4.299112565888858484e-01
1.524372984868778147e+00
7.142082111880618811e-01
-8.554585326732402351e-01
-1.824163619286728100e+00
1.482630985692337866e+00
2.385707696352616480e+00
2.691508060661618629e+00
2.474718367900408111e+00
-8.587900555772449707e-01
-9.393378585288072458e-01
-8.565853714711604283e-01
7.856350246191112774e-02
9.721580850082496283e-01
9.925723836362347896e-01
-2.419598368941417998e+00
-1.526906670912610675e+00
1.229439364815548608e+00
-1.526751325230384815e+00
1.289010770068808043e+00
1.472279072492605145e+00
-2.107447873905928581e+00
-2.792113623707663361e+00
-1.200208088652746419e+00
-4.891953173051053483e-01
-5.867761197758785130e-01
5.375236718046538797e-01
-5.398381770429718784e-01
2.983407668776907329e-01
-1.129858249341160192e+00
2.794904022593623694e+00
-1.915074179038852797e+00
-2.442001225432199885e+00
-3.961693906940624288e-01
1.224758406836459201e+00
-5.721928121781525434e-01
7.766809316464957647e-01
3.640914721704033852e-01
6.386990045564324703e-01
2.347302828151973664e+00
1.747957891869016400e+00
-2.339831370710126812e+00
7.331310843834089042e-01
3.848902231579698352e-01
-3.053263167902779962e+00
-6.834164403868321358e-01
1.200515534230097714e-01
3.571833458598794309e-01
3.657950234983982085e-01
8.065170738658089533e-03
1.994087825027643923e+00
-2.990098055032079927e-01
6.424826151467391000e-01
-1.338480565908431785e+00
1.664643085666202005e+00
1.725622411115999455e+00
