1.977499592337048639e-01
1.033191587670378553e+00
-1.280882734968127767e+00
-1.859381271164186611e+00
3.149405378826708457e-01
1.221916037018772272e+00
1.043374700535228961e+00
-2.106365845652460322e-01
6.069397699208867181e-01
1.350015395659879047e+00
-1.735218067306950829e+00
-5.485390366406015517e-01
-2.694646921897323466e-01
-9.202058350040607237e-01
2.922805374533066214e-02
3.774799187211890228e-01
9.787977410696679925e-02
1.030794455181114344e+00
1.952114371209404453e+00
5.465040633669451253e-01
3.917965296306302747e-02
-1.488186241458064885e+00
6.715679497564828182e-01
2.362531076536972030e+00
-1.693658570359799498e-01
-6.222756815017191911e-01
3.409323838296609566e-01
3.031075930286233344e-01
-3.417846509085622486e-01
-5.231806174062816339e-01
-1.053342407709211948e+00
1.074883929542833627e-01
-6.786860300105681532e-01
-6.792037576805896038e-01
4.464101158742384001e-01
-3.127407887769826811e+00
-1.686451869829546091e+00
7.848156918799560344e-01
-4.380491080375366053e-01
-2.882639238647621838e-01
1.044913933389146621e+00
-8.171282724012742804e-01
8.310309962852002741e-01
2.509807806071915337e-01
-7.910122685502498641e-01
9.349029620184481360e-01
-1.228573579027498752e-01
-1.363690433473396801e+00
2.111006663034231678e-01
-1.459370338923864363e+00
1.505273116214240758e-01
1.189399552993851472e+00
-5.182285668449067018e-01
1.383720867858501791e+00
6.746884740635463729e-01
5.611717235629063438e-01
-4.126854154314694156e-01
5.274965005919041161e-01
-2.961388869545302782e-01
-1.027967431299027012e+00
1.300229743196231524e+00
1.273968735974282396e-01
4.399577625893300592e-01
3.650734038041552054e-01
6.123550209453210158e-02
-2.740314948138236062e-01
1.146436855095057439e+00
1.551459770726470566e+00
2.123448355586551983e+00
-1.244619789211308891e+00
-1.623939921577592926e-01
4.584353523703121880e-01
1.798470379483153359e+00
-3.901578468107729236e-01
-6.704304737535649039e-01
1.528965694388597640e-01
2.085488369908375716e+00
2.552107478410128749e+00
1.871454724824239690e-01
-6.496293125307133209e-01
-1.229882374962314451e+00
4.395194298986844217e-01
-2.483728722854630089e+00
-7.252819285891467516e-01
-1.677722123949116906e-01
-1.736144090994748979e-01
6.585746600157493802e-01
-6.849461100592248997e-01
7.208772586384544212e-01
8.488695174451263981e-01
5.028025062756924513e-01
-1.532050722467047876e+00
4.569485767402436949e-01
-1.428970407060425885e-02
2.403646890800210656e-01
2.638515221934660815e-01
8.442584632498792985e-01
-4.937849693194866774e-01
-7.235216073570231998e-01
-1.521008351334506514e+00
1.346234836556683412e+00
-1.713912400931819846e+00
-1.108827927195851437e+00
-3.227230486485055394e-02
-2.894493034044209878e-02
-1.344588079623152410e-01
3.725362741399980138e-01
-4.694652576067959160e-01
-1.341584491889328934e+00
5.447369684809979518e-01
5.273361902812556679e-02
1.229146832701927039e+00
9.844946314677098798e-01
1.647627130564570663e+00
1.175434209675625397e-01
-1.106599128371720475e+00
1.392945199423856195e-01
-1.232007080172801583e+00
-1.455330817805740029e+00
1.024334484333230932e+00
-1.814191263055215941e+00
-4.712510003045844442e-01
7.032975521178750355e-01
-1.453513585937932007e+00
-1.135891188064963142e+00
1.289869083385866588e+00
-9.827804366273653613e-01
-2.063686250055027926e-01
-6.904803496390687911e-02
-6.156438327487014917e-01
-2.608071866061631994e-01
-1.924037558092583922e-01
5.175269217997655602e-01
-1.284778197935100952e+00
-1.098123808181117322e+00
-5.664735765383444033e-02
-1.652285039496220520e+00
-1.259680500566870975e+00
1.621388920492007557e+00
-2.855460025785205858e-02
2.616889192570130973e-01
-6.036588715351038914e-01
-2.222624494322928967e-01
6.657711417812048893e-01
-2.707768081696979579e-01
5.974898070954548501e-01
2.654524220479377306e-01
-8.806203441191495784e-01
3.344389144567472272e-01
3.116319425043192481e-01
7.927014147126758559e-01
-2.990307362411286363e-01
9.969116069314836182e-01
1.922965321726297638e+00
-2.938342967634257619e-01
-1.212618876820150238e+00
-3.926425784835529953e-01
9.259288754098626839e-01
-6.380477342592705270e-01
4.869117818638031281e-01
2.156514743720450156e-02
-1.397573288158545424e+00
-8.224206751752811684e-01
-2.388817323156136929e+00
1.520101411187244622e-01
-1.117887297547219383e+00
-7.341745487556856631e-01
6.511382546805508653e-01
2.230889754821072657e-01
3.431498805387844797e-01
-2.225077584201802239e-01
1.339524001914589313e+00
-9.284194780931365187e-02
6.927317097800136381e-01
-9.747587997374225210e-01
1.548492705928284252e+00
1.276880938714034741e+00
4.008785300755466352e-01
6.653011412593157203e-01
-2.988225095462535563e-01
-3.334751503120383376e-01
1.350105387239544541e+00
-7.085380098627904744e-01
-1.857045766807043918e-01
-6.163762504653025331e-02
9.210116099917353694e-01
4.590132060823250981e-01
1.724647326960414340e+00
8.918388651948205847e-02
3.163299179350298473e-01
-2.040917322159666369e+00
-9.391508093068789975e-02
-3.006149065464347458e-01
-2.077259907169282105e+00
-3.457878404210781298e-01
3.893982938609390487e-01
-8.637276302833569730e-01
-1.030207035690270168e+00
-4.486073457136106057e-01
-2.499085489525603165e-01
-1.012060315147817136e+00
2.137395335832099619e-01
7.410218802762251755e-01
7.941555813129159702e-01
-7.428698251757595017e-01
1.920081166825037045e+00
4.328280980805985223e-01
-9.554843862212516470e-01
-1.306798244216089699e-03
4.615781908807159439e-01
3.150996409405646403e-01
-6.134831202164718889e-01
-1.402898541717638281e+00
-1.724529566163450767e-01
-1.214254105921742877e+00
-9.924188134350293566e-01
1.074151383928848347e+00
-2.990152031209927230e-01
1.383316849005902682e+00
5.337134785310917451e-01
5.726600417460865344e-01
1.657376625032817685e+00
-1.081014675026124472e+00
2.158918741850968104e-01
2.127471386092238959e-02
1.716342840446998252e-01
-2.082934756404402066e-01
-1.565999074606257757e+00
2.325560168114845894e+00
-1.024851450361468075e+00
1.126693391457642690e+00
9.488710331423622080e-01
-7.813195365949345828e-01
-7.836643424717300022e-01
-1.615094148348532599e-01
9.166127288125487382e-01
-2.225967081531994740e+00
-5.142491546711749351e-01
-8.639146641708475016e-01
1.193920804425882665e+00
1.049125106648447492e+00
-8.782670585010405873e-01
6.372519463034622689e-01
-1.661817235595681286e+00
4.242520436998233890e-01
1.333865587809492936e+00
1.342447145465452962e-01
-1.375711091048300361e+00
5.282369239012574269e-01
-1.443720816582449995e+00
-9.928001316600116866e-01
2.658892800443179993e-02
1.557303178244895392e-01
3.878717040123111914e-01
-2.111463891322065134e+00
-6.347347119174973074e-01
3.201481681749189789e-01
-3.060276060597271197e-01
-2.748750944579025912e-02
-1.352410528145725266e+00
-3.688353655450526958e-02
2.456232037800671009e+00
8.215756646060885515e-01
1.818518083031719357e-01
4.466972202242818213e-01
-9.748185069712009820e-01
7.847286413932668125e-01
8.201435055633865545e-03
8.159354277482151474e-01
-3.541094355721314813e-01
-4.620215720022038397e-01
-9.311939627275114262e-01
9.871892495725855809e-01
8.357970901972100464e-01
-1.104699723381366017e+00
-9.763380502636476166e-01
2.071642019087346576e+00
6.805990222867546180e-01
1.129692726724108809e+00
9.806963001145039271e-01
-8.123493583848704347e-01
2.540262473463696935e+00
-2.709241792637481439e+00
-1.292937391806949776e-01
-1.614043513840988542e+00
-1.033294096100306092e+00
-4.743467454454890486e-01
-1.188819094226090112e+00
-1.078688483160715084e+00
3.529327094406964349e-01
7.476912501371213438e-01
-1.027739841617385963e+00
1.172377826031516079e+00
-8.989207542618649072e-01
-3.903496333232139293e-01
1.826035194863536049e+00
-3.931177376237124932e-01
-4.422723942050046375e-01
-3.982284928531134582e-01
-2.099252740262904648e+00
6.673198563666957739e-01
-7.888314265795886016e-01
2.143811553178220919e-02
-2.338924524514751635e+00
2.612048660247980436e+00
5.828557864717254233e-01
4.397410603723885814e-01
5.781392341177848948e-01
-1.154447225049333170e+00
-1.771672479122834432e-01
-9.933963362992468404e-01
7.830588828946893898e-02
6.923917532793408824e-01
7.195518287772610933e-01
-1.697058184407778114e+00
-4.654391395122194908e-01
3.183999750535022599e-01
-8.950775695911170615e-01
3.561283861917052818e-01
-9.848759399817010873e-01
-1.058029567362607004e+00
6.647530931542586785e-01
1.849804843289060585e+00
2.590802538844485525e-01
1.658850433278891146e-01
-1.030681684680052168e+00
-3.415273739652331386e-01
1.219916137728754180e+00
-1.425765319935008435e+00
-6.044702949035904993e-01
1.301742169029733276e+00
-6.825314856421096366e-01
3.984311579472530340e-01
1.867808697654522732e+00
-1.043937676405454873e+00
-4.454982097817206110e-01
-5.730483424646903856e-01
5.425626720925533775e-01
-8.451902755844464821e-02
-3.023637989111023217e-01
-9.451202057654288780e-01
-8.368455501037725952e-01
-2.035038350930910234e+00
6.485279626741258241e-01
-1.891127548631543309e+00
1.005446015543656202e+00
2.356659093845632214e-01
4.504366631444902680e-01
2.333424106769399486e-03
-2.366254970790180323e-01
-5.108013903576793524e-01
8.043613580155897225e-01
-1.143400753133184899e+00
-5.180083246565461152e-01
-6.641760208542040189e-01
-1.931230937316339435e-01
-7.887130484436077893e-02
-3.275461069377811896e-01
8.014214799680541290e-02
-5.657664689935604230e-01
1.481378251598064466e-01
1.679318624715241626e+00
-1.711836989876571735e+00
-2.484137261299679267e-01
-3.320260418753555598e-01
-1.773129536263309269e+00
4.931957007023921591e-01
-1.299632447794962786e-03
8.693601585528307751e-01
8.563857564691215174e-01
-2.192044453470307630e-01
6.857171597582958356e-01
2.301986149624379863e-01
-3.608971809266563469e-01
1.054882868718030942e+00
-6.500442900444465266e-01
2.289353199077854839e-01
5.087607432484295700e-01
-8.917263066276284178e-01
-1.261320498140640289e+00
8.637670902744538637e-01
-9.357529638593806709e-01
-4.965820009524559708e-01
8.048083653821862526e-01
-6.144202162440208781e-01
2.235053184150672223e+00
-1.977133528047403388e-03
-4.590410556525093000e-03
-2.452725347866016037e-01
1.633322351100430225e-01
-5.252054119857509917e-01
-3.611759587317600051e-01
-1.684679170934900050e+00
1.513635573052329875e-01
4.289214532675078573e-01
1.906590367412964504e+00
2.254877045049585860e-02
1.473283318014835253e+00
1.733962842718185016e+00
-1.686158420863057561e+00
-1.849204099915144894e-01
1.624843221719402209e+00
1.337274852841822792e+00
5.441905695641127139e-01
-8.478713980737220268e-01
1.191311373612583324e+00
-9.424017841634135806e-02
9.177308514638715664e-01
3.879055983572552435e-01
4.549906065982938230e-01
-5.101010008737301149e-01
9.031361752563613621e-01
7.965704956278685245e-03
-3.261593882521021115e-01
-7.679047360500117492e-01
-5.145361106955590458e-01
-6.012640697043734050e-01
1.064587742686833316e+00
-1.115140583631846205e+00
9.604663048935258018e-01
2.125298408372739978e+00
-4.787008854230485611e-01
7.729373288673055953e-01
-1.154352158415511198e+00
-1.614208451853275328e+00
4.883757367976437891e-01
1.681808684142973576e-01
-2.144777721847543006e+00
1.034658161533084098e-01
-9.645532733252215607e-01
6.104932360313428674e-01
2.438706290282279809e-01
1.456225244262244090e+00
5.062106518089475315e-01
-6.354318735648787353e-01
-6.231640108409877143e-01
1.244017542992717829e+00
-8.135632459864794441e-02
6.155802864465185209e-01
1.726427194598474379e+00
1.216178626599169199e+00
4.248199233377896178e-01
9.173958244260305150e-02
1.469589955659639458e+00
-5.452535222979220109e-01
-4.353128820310327995e-01
1.982905746680514447e+00
-5.788443161980012519e-01
-6.576313419946284711e-01
1.181136424334581214e+00
-6.856950299948882943e-01
1.656852755097562913e+00
1.196135242413634003e-01
7.719058563729337408e-01
2.675794043111903164e-01
-1.415311895364612660e+00
-2.274754703531329803e+00
-1.865903098250853986e-01
1.056686960841050293e+00
-1.998948497504553501e-01
-8.117383145835255220e-02
-7.960898069268473876e-01
-2.616804479558041407e-01
5.828776270127935533e-01
-5.245655491546150628e-01
1.914673621911155976e-01
5.518415970724390718e-01
2.358767788921758424e-01
1.189187808434402527e+00
-1.308528797033785107e+00
-5.277245089504809528e-01
6.965313737864100574e-01
-8.753333848492008684e-01
1.978532781823458819e-01
4.759616812329952040e-01
-6.542793785806857443e-01
6.578785776190336776e-01
-6.972872090735382500e-02
-6.094541140528386691e-01
-9.702901158711982887e-01
-1.452872477899273651e+00
1.012506604717442471e-01
3.042754763043458155e-01
-9.636755122020987940e-01
-1.313438864250622284e+00
-1.110539140937141234e+00
-1.669943944273104997e+00
-9.869793356118510275e-01
-1.073747983652385329e+00
-9.276178384581612590e-03
-2.262730677780000477e-01
5.042360392652422973e-01
-1.562816619524749484e-01
-5.469930168491883293e-01
4.706932014792384322e-01
8.647958804120401410e-01
1.479589277227692179e+00
-4.423008907930849887e-01
-1.090389253927127378e+00
-2.726948370144270939e-01
3.002309370359537155e-01
6.110119717284643315e-01
2.458127949840260840e-01
1.135892483950579290e+00
-4.413091655071115227e-01
-1.729445801977345099e-01
3.706140390075685076e-01
4.512595435603641292e-01
-9.564511419183876484e-01
1.392593781396637809e+00
-4.223128474446724567e-03
-3.221641825369081502e-01
1.443990508177421361e+00
