-1.661778666320018694e+00
-6.699054350808442138e-02
-1.351871685246294419e+00
-1.876899277587850356e+00
-3.316412897674601012e-01
-2.199593215320403417e-01
2.299715818883585783e+00
1.673033605272225444e+00
1.496615634557954877e+00
1.109352829301455401e-01
-1.748805580618785882e+00
-1.639349691019931221e+00
1.025594177085766390e+00
-1.980308361585348287e+00
1.951246102965908946e-01
2.364780160729907266e+00
-8.706772927999324452e-01
9.646088028278079207e-01
2.556783096009715983e+00
2.349104117573343586e+00
3.161170041183503088e-01
-2.835598082499357631e+00
1.827818638736089518e+00
3.608202424932546393e+00
-2.115631509646007657e+00
8.202744729286859382e-01
-1.750566795160057865e-01
2.150914802702051709e+00
-2.587611127240090347e+00
-3.583179636899055609e+00
1.973588406459273692e+00
6.313428646951475542e-01
1.942334350739674420e+00
-4.032364549304799262e+00
-3.291275777201235542e+00
-4.813661858275915861e+00
-2.522567730097531324e+00
-3.538478392751525092e-01
-5.546787563891086847e-02
-2.867747524817145788e-01
3.564623270702705682e+00
-1.598012808382383909e+00
3.386900164237381716e+00
-2.140389368285955385e-02
-7.195416984560001339e-01
3.153706279457569650e+00
9.615363679066080138e-01
-1.170011788560942900e+00
-1.604293262551933275e+00
2.062389779653273081e-02
2.527291723720257011e+00
1.399893665695406852e+00
2.205358115321777390e+00
7.669027240502401810e-01
1.600235185439853325e+00
2.898058876786418381e+00
-8.005879729052640670e-01
4.317732501539719436e-01
5.020202091916345921e-01
-9.751761278046151560e-01
-4.349277993032885092e-01
-7.882057152384991383e-01
1.170793162306468460e+00
2.216783444378686241e+00
2.189767303711356305e+00
-1.909937728819499192e+00
7.478846457713173024e-01
2.219229559294535470e+00
3.035155851269156102e+00
-1.791858719511167930e+00
2.247607245139482401e+00
-5.735827934089545721e-01
5.000000000000000000e+00
-2.034011133356835366e+00
1.690668260019622338e+00
-2.257913867839882460e+00
3.859092460461035046e+00
2.700393997186782968e+00
-1.870257455280341929e+00
1.191987946712318447e+00
-6.770715568178919952e-01
-4.619727131023045885e-01
-4.278305740899593701e+00
2.275420084638978935e+00
-1.464121440841278599e+00
7.421429190848014557e-01
-2.605004968427646617e-01
-1.195223251774246709e+00
4.793986696145458026e-01
3.031167739044466458e+00
1.931378446327562948e+00
3.610535817785800461e-01
2.824502728214661751e+00
-1.575727269721550527e+00
-8.556373219410051689e-01
-8.945669537394174142e-02
3.786978469265470437e+00
-6.150280156991980718e-01
-1.908049697694135460e+00
4.082107882232204332e-01
-1.093147636328422934e+00
-2.591309179863871215e+00
-2.069896713099734331e+00
-9.230863668129396515e-01
1.366516813573803724e+00
-4.214385461778915598e-01
-7.318289956295487286e-02
-1.915656428760569518e+00
-3.393888846009928351e+00
1.586904771859484420e+00
3.220866198180036832e+00
1.056113667060439631e+00
3.558757996325185857e+00
3.056779200299789778e+00
-8.517865113368330299e-01
-2.450290906432734062e+00
2.945869868207645403e+00
2.489065068595497365e-02
-4.045940281050708798e+00
2.020754915070163804e+00
2.561417158265930638e-01
-2.061275315562173027e+00
5.623239118062528519e-01
1.222499250710966656e+00
1.066710111673945249e-01
1.031456100863623604e+00
-2.788358378928573522e+00
1.298242126526984563e+00
3.807407824280861774e-01
-6.237141556758052374e-01
-1.264920436741860499e+00
-1.428426519254681892e-01
1.950059875458292069e+00
-1.168781904498894519e-01
-6.466373769433069185e-01
-2.713311904197377444e-01
-2.717237168787786761e+00
2.063454653711819020e+00
3.499231666169013266e+00
-5.550468142398621296e-01
1.117582827787689581e+00
1.363109517918735136e+00
-2.237283170186886494e+00
2.171190356907217733e-01
1.089701311038568932e-01
8.400170241152267181e-01
-8.193333122283243952e-01
-6.808610982862868255e-01
4.093214316945285702e+00
1.064334954522825782e+00
1.856984394111302450e+00
4.208606979431106510e-01
-1.708447904174310583e+00
9.396889376806392136e-01
5.464870453933556860e-01
-1.151327556541409614e+00
3.481055319687857974e-01
3.140117159031978744e+00
-1.353312074714173363e+00
3.344425010357912953e+00
-9.979635512986781976e-01
4.724172452236041764e-01
-1.150997420783118841e+00
-1.120956890675766537e+00
1.278595032502308548e+00
-1.153041805559356536e+00
-4.040994416902599085e-01
2.320738001429257125e+00
-7.231224076535811562e-01
1.924364392616022101e+00
1.797671539340495173e+00
2.198511280414320090e+00
1.496423968522546666e+00
2.230276372982860522e+00
-7.900688669932094399e-01
-2.460518449154607268e+00
1.117726937116470864e+00
-1.353211245003013374e+00
-1.509100759328908303e+00
1.347180561260655551e+00
1.202910531240119596e+00
9.313005709162069934e-01
4.690186056166147921e-01
-1.492810755848351434e+00
6.994007108001474293e-01
-6.746214722868018043e-01
1.597238625999239936e+00
1.192559758948958937e+00
-5.564564799731517297e-01
3.350192405751037938e-01
-2.409486587510598632e+00
9.722414411073954099e-01
1.014327122662834313e+00
5.599925257257041267e-01
2.857201104862230778e+00
-8.831434481250504120e-01
-2.303659051103137845e+00
-1.472183817401894856e+00
-1.415869460881340025e+00
2.899199487109330065e+00
-3.884124921059362023e-01
-1.741134515239487257e+00
-1.300390531820878603e+00
-7.049983255521690140e-01
-8.006423603007917222e-01
4.668282229294709040e-01
2.414370397061393447e+00
-9.157188547066965612e-01
9.736594734245187510e-01
2.082949583693701534e+00
2.246995373398815943e+00
1.994688978061848417e+00
-4.355599160125100511e+00
8.971726939354871533e-01
-4.287827761123264025e-01
-5.932563396208889728e-01
-9.439519164059264611e-01
-1.356317448458019825e+00
-1.502873510354131525e+00
-2.572986339719087301e+00
-2.467563891877588844e-02
9.362541503252410635e-01
-1.601650956740634513e+00
-3.282929613347809195e-01
-8.082009178960589679e-01
-7.660266689419419350e-01
2.673925213404806378e+00
-5.257082000100519181e-01
2.803877075866905599e+00
2.600780456640006122e-02
2.255308902069591781e+00
1.145923714143114225e+00
-3.345816488319441007e+00
8.343238130607026903e-01
-4.758186601667109272e-01
4.033259989681070579e-03
-3.674720605696544240e+00
3.978413273692229524e-01
2.731707972630506021e-01
1.596379051645559599e+00
2.264713840699135616e+00
-1.681021838073857744e+00
-2.836690730234792124e+00
-2.283888867244303622e+00
1.279283586736230660e+00
6.980049298220336595e-02
-5.195583557132712471e-01
-1.415665536591168561e-01
-3.364031949415764444e-01
-5.734146261421599888e-01
-2.422896638047156603e+00
-1.508394045920527393e+00
6.190829691311261485e-02
2.042568596901217504e-01
-1.669359779431278668e+00
-4.450042624162886540e-01
-1.972045512798108469e+00
2.822180123352266534e+00
2.494833360901740349e-01
1.458806985487134611e+00
-3.192450201616381378e-02
2.494956409130601571e+00
1.298060635295206211e+00
5.681593643578342068e-01
-9.469320907383611541e-01
-2.846215378952730468e+00
2.466782579432003075e-01
1.608655154904309548e+00
-3.750975500420938857e-02
-6.364759090103486727e-01
1.718482007972479408e+00
-1.907728831407982550e+00
2.254341841586354533e+00
-1.202503448814484788e+00
-2.206171181181890706e+00
-1.380131946932605214e+00
2.031778102477895587e+00
2.714108633459259678e+00
4.578990942686376187e+00
8.102363438368511694e-01
-2.241195748740973492e+00
9.918370892390573346e-01
-4.552871167023003984e+00
3.699503098689316261e+00
-1.700407060280259230e+00
-3.438867243383649797e+00
-1.518345946804389168e+00
-1.930762358622830632e+00
-1.861590405461224229e+00
1.274740350443661185e+00
-1.480757682272161091e+00
2.054002174072188325e+00
4.118521371453347513e+00
-2.557060672486176856e+00
-3.457828922012780026e-01
1.541326017008537441e+00
-3.674017088328245251e-01
-1.529925222682502195e+00
-2.569844958025434778e+00
-5.586567725076241331e-01
1.000624023043075184e-01
1.144509480964670090e+00
-2.567665670207510686e-01
-2.408214688213616395e+00
4.114003246658269219e+00
-1.061169260612047971e+00
-1.504446464617918977e-01
2.383940725010340600e+00
-2.020952655029049083e-01
-8.528210574537880007e-01
1.565204251978641992e+00
1.711021970312418539e+00
1.120107268231892661e+00
1.766369094042175902e+00
-8.657771491682382248e-01
-1.328189955723507065e+00
-1.998979482493239868e+00
-2.404868002426394646e+00
3.522714326762326209e-01
-1.190469188385873789e+00
-1.743560517675991406e+00
-4.315881705348658670e-01
1.997047067829672784e+00
2.306866502930491336e+00
-9.889290913657262649e-01
1.409427908997287204e-01
-1.403526835652376903e+00
-4.695870678716076441e-01
-3.073037916730382957e+00
-2.599303135730992587e+00
2.143133307271338772e+00
-1.662894492554843673e+00
7.280673441371199317e-02
8.549534366083344494e-01
-1.209495477454447521e+00
-8.830963076603417505e-01
1.644172941336168314e+00
-3.302457343208109464e-01
-2.060414694959673554e-01
-4.235418518420477341e-01
2.194838820642353028e-02
-1.285104891710068031e+00
-2.866217134819513124e+00
-8.338779298996401579e-01
-1.731483208107560401e+00
1.371858414414334426e+00
-1.549157565699004202e+00
-9.237789561127662807e-01
5.642560427461766892e-01
-1.397188614939390838e+00
-1.874164916924019764e+00
-6.706310801873494043e-01
-2.664230346015896700e+00
-1.611696994116841530e+00
-8.951078163792427489e-01
-3.968035313564755029e-02
1.200901436833627933e+00
2.065955251246400337e+00
3.329230149836551078e+00
8.658625064940945748e-01
8.444289042367270071e-01
1.848178525593167087e+00
-1.840446976747633023e+00
-1.799018097705655350e+00
1.549071206274584611e+00
-8.192784511499864308e-01
4.967569483755651660e-01
1.651471825595276499e+00
1.655654331402507395e+00
2.271657777858038685e+00
-4.900963011243320011e-02
1.286279443960651747e-01
-1.225676770794929205e+00
-1.874570917077614141e+00
1.597362883165263092e+00
-2.369769960688288712e+00
-2.537067497808864758e-01
1.568488908215675437e+00
6.526389899515292470e-01
-2.985104553931060778e+00
1.129704522063899041e+00
-1.034663314057910899e+00
-2.444146889898303421e+00
2.541087033494731529e+00
-1.743854201275581772e+00
1.597160177796036251e+00
-3.480602284702603910e+00
-2.026395841598573000e+00
-9.743090937754743663e-01
9.843420024378364275e-01
8.157042198517938658e-01
1.369437695633780372e+00
-2.106011795088227334e+00
-1.075040892622011857e+00
-1.126607600664470965e-01
2.786690242751834745e+00
1.403796682418706254e+00
8.742716477312129086e-02
1.537758654828518701e+00
-2.612411822699345798e+00
-2.458423244442592193e+00
3.457347747042298636e-01
3.236284501570965588e+00
1.855056682895797948e+00
-2.519996012340557368e+00
2.860783683333748328e+00
-1.915772555774264418e+00
-1.619097774218622554e+00
-2.569819634144510534e+00
-1.454309798689197741e+00
2.276456829272666127e-01
-1.117565625859862077e+00
1.228873994481722853e+00
-7.278079810295121632e-01
-2.826510937177977745e+00
9.553636250316932532e-01
1.655097741669133704e+00
1.176125868956140685e+00
9.710376399076192655e-01
4.348791675640743648e+00
1.173108904859395452e+00
-2.406957201396544566e+00
7.471353006220793347e-01
1.086478264349684864e+00
-2.085885058503528455e+00
8.611946030867381197e-01
2.122218935499262216e+00
-1.389540526635727247e+00
-1.007097519658899376e+00
-1.953016266826085978e+00
1.593014506883569936e+00
-1.672821728345738723e+00
2.549193045167907457e+00
2.421807318717417168e+00
-1.962356410729631406e+00
-3.644910388273050472e-01
5.418788039923221334e-01
2.457942796101026950e+00
-5.539107372600335921e-01
1.402124874355290984e+00
8.084552956696313686e-01
1.277417770666962049e+00
-2.677799838772474406e+00
1.610678258760344761e+00
2.255147605880494233e+00
-3.519251387815416798e+00
1.793020026351079821e+00
5.482534944476169514e-01
-8.273806682955662239e-01
1.381929829186088199e-01
-4.421072839083723949e-01
2.697681739767961773e+00
-2.584672592386070278e-01
1.539169345435387193e+00
-5.479599834973054584e-01
-4.195269387688301599e+00
-3.393397415032834985e+00
1.289324771414817050e+00
-8.077381162313175267e-01
-7.905267555749055930e-01
1.849508398118957508e+00
-3.353287830123026225e-01
-5.041953869007382849e-01
-4.316986567335678870e-01
-3.021848446069852034e+00
-3.716444523158393132e+00
1.876766135148017156e+00
6.624822371058014525e-01
2.207195045031742353e+00
-2.317108377015218323e+00
-1.872592866151094881e+00
2.726960522464896286e+00
3.753357414987057439e-01
6.348834839904267113e-01
-9.592668104523287553e-01
-5.761342469392101151e-01
-1.349050520701679190e+00
1.912968582457334143e+00
-5.888704052279276624e-01
-6.015340895927758780e-01
-1.284572383446862087e+00
-4.721275711379684381e-01
1.867937676234767252e+00
-2.008532179804850770e+00
-1.564352304521501758e+00
-4.541707686912108244e+00
-2.234840146096159330e+00
-8.704549880612049151e-01
-7.684599294612404208e-01
-1.044206425278026984e+00
-1.024084816813441989e-01
-6.136680514215866467e-01
-9.015843690820073419e-01
-2.350421526006473805e+00
2.479616871676628698e+00
3.570221249156801946e-01
-7.026007956999027471e-01
-3.121269487803620013e+00
8.348979516595056438e-01
-2.690320623044140103e+00
1.600939876985586707e+00
4.538882859797986669e+00
1.295051941363931647e-01
3.147398752215282869e+00
-1.740674310770500721e+00
-1.392039515580054232e+00
3.168988298593049535e-01
7.057086594813011260e-01
-1.020319501367661363e+00
1.792063866093787539e+00
7.692521053946190790e-01
-1.201062207098080759e+00
-1.000428401993431748e-01
