-1.209593886051276712e-01
-9.938700385411367577e-01
7.490531786594445407e-01
-2.451054542122550473e-01
9.183456999253536424e-01
1.414347909323163677e-01
2.363176329618754679e-01
7.273520312947034938e-03
-8.422110452301811989e-02
-5.918653040635177831e-01
7.320097487340939679e-01
-6.137783581833637925e-01
6.863146578576841961e-01
-2.034735895780381831e+00
3.486591247359616119e-01
5.072605385653483623e-01
-3.001931335299206083e-01
1.162986812976551931e-02
-1.240649313263708198e+00
1.980233801933604099e-01
-1.157970265161387680e+00
-1.585835812713419557e+00
4.682605926322223056e-01
-9.387182097967174954e-01
7.134044432901918142e-01
9.393923647035506974e-02
-1.563846851298738905e+00
1.753875579049010369e+00
-1.559335039427182323e+00
1.383415918014318180e+00
1.552469894064877565e+00
1.172702085988463594e+00
1.640070149927374210e+00
-1.391248825265078981e+00
-2.040382324789067336e+00
-1.060920208773758588e+00
1.120804428172569089e+00
5.666442659157215900e-01
4.169544579756419012e-01
5.481614614984859912e-01
-6.823357753702126161e-01
9.449085869034519192e-01
1.187800110639294360e+00
2.376238657858204206e+00
8.645548936169795695e-01
-1.841214391672600925e-01
1.606782379850009157e+00
-1.309677291356556417e+00
-1.915652126777114272e+00
-4.802509465467075245e-02
-1.060061832514163527e+00
-1.683655291591570347e-01
1.220236579532667065e+00
1.033294795365780061e+00
8.820241548228215933e-01
-7.239148472943863766e-01
-4.170870898468415078e-01
1.399764843574323514e+00
-1.836176403343833030e+00
-1.318421799282284645e+00
-9.067151944158666765e-01
6.708675810075295232e-01
7.728786806111296315e-01
-1.231412998076309329e+00
1.264507440949103056e+00
-3.796629489601661689e-01
1.179755318045296875e-01
8.644622410081428399e-01
-5.740350486810674724e-01
-1.076874219687153911e+00
1.834856551939932245e+00
4.647201914975029879e-01
8.269926186111771216e-01
-9.596459895667255324e-01
1.574141351493771879e+00
-1.514078841947130272e+00
1.091869694791313350e+00
-7.173451755344109060e-01
-3.876621386989054230e-01
1.882035694216198429e+00
-1.081854803327930270e+00
3.163501628700178259e-01
-4.091607914504251653e-01
1.320000201827909336e+00
-3.653594212796509311e-01
-2.829917785671565156e-02
5.713868420863228437e-01
-1.380395218362891363e+00
-2.341736933802920362e-01
6.259468408022250685e-01
-1.138171922538687042e+00
-6.279738600468842691e-02
9.349086963593444821e-01
7.197101202847209223e-01
6.117343630347660266e-01
7.390402481844215998e-01
1.328950041312356944e+00
-7.675854091800982104e-02
-6.141326257970565194e-01
3.249023561678310301e-01
3.371896332000225982e-01
1.473355818137145334e-01
-1.377839875225872035e+00
1.476443975756404292e+00
6.918229736083265635e-01
-2.012519581220779674e+00
-6.883430349444372709e-01
1.576086040690293899e+00
7.436116473686880113e-01
-4.745504254537733502e-01
1.063470388603127148e+00
-1.601597421772114060e-01
2.616893907037343148e+00
4.713666074751987622e-02
1.390148842400376950e+00
8.084085397239970661e-01
-5.108867275145794196e-01
5.183277949575346710e-01
-1.363376128700481527e+00
1.652170943873446873e+00
-7.749566429963365977e-01
-1.133693782563050867e+00
-6.467243030727267694e-01
2.977057649972882913e-01
1.173779555778970973e-01
-1.114151189986390733e+00
-9.915971031984058826e-01
1.319965693737255030e+00
6.923256329974050161e-01
-7.041223487151748728e-01
-1.772352527936571498e+00
1.567531101727055898e+00
1.035377271567162971e+00
7.350075512781293341e-01
6.725156957762221666e-01
-5.529015590161909799e-01
-3.106514157398505560e-01
2.103585824489639933e-01
-7.093272211829404483e-01
-1.796896263271369865e+00
-7.249315734921077947e-01
-1.770911962387248018e+00
1.270158059872318113e+00
4.650011222652423726e-01
-1.124001152935583558e+00
-7.737707005402603144e-01
1.486185540630197366e+00
-4.724315249146577855e-01
1.628275398402934115e-02
-5.947729072483154411e-01
1.579186662845106781e-01
1.138991596995299282e+00
-5.721510438620898142e-01
-1.095971689739634325e+00
5.942197742418384721e-01
-2.208040823309913581e+00
8.693806892190112379e-01
-1.837891652982150958e-01
-5.457741548556587219e-01
3.768525960694866228e-01
-6.888022585266542208e-01
6.779329377637379750e-01
-1.537644835595917137e+00
2.108958172894128680e-01
3.745849811075343538e-01
3.627563116559429091e-01
-5.610415423724823825e-02
1.220931875860068239e+00
3.458421353542648902e-01
-1.838973948086053412e-02
-9.967960058076457130e-01
7.137989198431560212e-01
2.348148831387195656e-01
-6.491840403070199272e-01
5.453276522588552666e-01
-8.068782416288282633e-01
-7.491747978585463486e-01
1.564207282096022666e+00
9.157970694187991256e-01
6.917827391681168336e-01
6.232819728497061007e-01
1.498290482429806225e+00
9.365697893846043343e-01
-6.118801282485195614e-01
-9.110256449486344721e-01
1.456510994048095142e+00
-9.257022147349012187e-01
1.033950656188386219e+00
-1.192279434775932678e+00
8.142345520367921807e-01
-7.695919700478368597e-01
1.334900010081692123e+00
4.797385421197155608e-01
-7.016718072833949549e-02
4.874326425303223687e-01
-1.059144703112295804e+00
-1.440720295995607803e+00
-8.735731381428060160e-01
-1.209680331225114536e+00
6.843435521394738430e-01
2.352342824527338117e+00
-1.430457999333224706e+00
2.414240204359714426e-01
2.306427944840940825e-01
1.492809892304562958e+00
7.054871270034475117e-01
-2.057314157946228406e-01
-6.004027686328097246e-01
6.405246735639380518e-01
-8.376705479286687961e-01
3.885809735624619066e-01
5.985318392308878188e-01
3.217427452117682662e-01
-1.524205661107160825e+00
-7.055267559337554673e-01
3.758229384700095821e-01
-1.581249598306990301e+00
1.610792766544300036e-01
-1.587345114808593749e+00
-6.484581723477678139e-02
8.950293328304503859e-02
-3.654843937881295801e-01
-1.348162251309916737e+00
6.487922783063648779e-02
-3.994342590752708588e-02
3.421924736408712420e-01
-5.235661662882584722e-02
-1.073140791623863777e+00
1.563106161108410497e+00
-9.281987185270690333e-01
-1.526453246632284433e-01
-8.035756280587538214e-01
-1.378313004313214130e+00
-3.589237101043885048e-02
2.494252515231689671e-01
-3.533697415124947838e-02
-5.657882686280055751e-01
-1.021726745262798719e+00
5.060493996984245513e-01
-8.660822969791697190e-01
-9.262955616051353758e-01
2.268138299001360991e-01
3.248740870133035585e-01
-1.436545196847252459e+00
2.825419115467031617e-01
8.191399633741553998e-01
-6.217059830047801938e-01
-5.422263027734253171e-01
4.959019468533831798e-02
-1.742324041505199261e+00
-1.342295371350541000e+00
-1.386424656220305973e+00
2.625164761821652704e+00
-7.111599885420938350e-01
9.574582986778912286e-01
-1.061546205034989310e+00
5.031453524893771956e-01
1.962811427159474320e-01
4.592318974868270232e-02
8.185712424181854630e-01
-1.480465221588331826e+00
-1.224421389745069533e-01
-1.456623851960250793e+00
8.988145931912017161e-01
-3.330263501644097346e-01
-1.505278626918915563e-01
9.302807152008174540e-02
1.005942107648118977e+00
-5.822889464007312554e-01
-6.510564643509555438e-01
6.894336624674668457e-01
7.974043259405991790e-01
1.606334696964904829e+00
8.550438782389342407e-01
6.754235425198391596e-01
6.537316540925193209e-01
-1.190471177931725855e+00
1.723950736342069412e+00
6.741905003369197402e-02
-1.539088715771368410e+00
-2.570908344832294912e+00
4.337322840678217162e-01
4.305219576364613943e-01
7.607160725033317306e-01
2.378825762374630948e+00
-2.132710320517269054e+00
-4.909895117872746795e-01
-8.150060131355232329e-01
-6.925208172737296053e-01
-2.713824640577024550e+00
-2.501435758407142274e+00
5.980292988866686699e-02
9.268861448786154256e-01
-1.381232609543648238e+00
-7.098098689832816888e-01
2.210588222385467816e-01
3.687890910610054362e-01
-6.838597557349537226e-01
-1.088779323325463899e+00
-9.200447209663895620e-01
-1.638336846795140911e+00
2.554004640300977513e+00
3.420098304325778216e-01
-1.551370367047057108e+00
4.942275765973942470e-01
-1.281889659458166797e+00
-1.407349597266490449e+00
-5.129143400538094255e-02
-3.269646536981154483e-01
2.639013191308459128e-01
-6.697736776344314080e-01
8.387375425673804230e-01
-2.403845610269601973e+00
-6.552526331163477380e-01
-1.249223965108736678e+00
-2.281441608121212994e-01
-5.101138988410607311e-01
-6.122589430692606527e-01
-7.515699612703974353e-01
5.131412774435029078e-01
4.058929001790767543e-01
-3.258587374666079839e-01
7.524821617531518569e-02
2.700090001323960820e+00
-1.723231242185814693e+00
1.537419919593929762e-02
-1.069199662947775131e+00
-1.621936587469925417e+00
1.312222442186179450e+00
-1.623011184189950828e+00
-1.638822343334735976e-01
-8.432735297815598940e-01
-1.061794768865738980e+00
7.335784701312775269e-02
-5.468479238214714044e-01
1.213455041472091267e-01
6.684782946155598538e-01
-1.585807412005569184e+00
-6.474617629165502208e-01
6.566195518560311584e-01
4.863541242954401156e-01
-2.078049563747895512e+00
-5.459392074910862647e-01
1.594083139137536520e-01
7.483262389916847113e-01
-8.863826382020798533e-01
-9.439399513022692645e-01
1.618630601941970504e+00
1.761614953258106020e+00
-1.353509326704097404e+00
1.163377333206305764e-02
-6.878581660545899368e-01
7.072912615372173306e-01
3.120297784791778994e-01
-1.883704010089142233e+00
-1.931514985830233844e+00
-4.812647176431514850e-01
1.586529456668444027e-01
3.620982528692238134e-01
-9.395065113291156678e-02
1.071226136282879438e+00
-1.077107924308849718e+00
-1.712572289843575568e+00
5.100065440163419339e-01
3.149230332415591249e-01
-3.886240772603430926e-01
-3.375510245423649636e-01
2.427538438648879193e+00
1.360231394959066087e+00
8.036887891091559766e-01
7.652341145883969631e-01
2.218120085303649347e+00
-1.621651757453825837e-01
1.473081171893033670e-01
1.055176310798305650e+00
1.159646006281450425e+00
-1.332383594720940589e+00
6.562015401907963508e-01
-8.081881394243328742e-01
-1.684674687915164171e-01
1.283617214598304912e-01
-1.127332537530519208e+00
-2.306545966639808043e-01
1.209373702386172589e+00
-7.988365123751783869e-02
8.808210559327438460e-01
-1.521165604710466468e+00
-5.987044087467463527e-01
2.260935484216862079e+00
1.350567600929273304e+00
-1.617953504225075889e-01
-1.219582104678309520e+00
7.229728977767813092e-01
-8.044441696586543955e-01
-1.612276784975011701e+00
1.118876951040186363e+00
8.506352915887793742e-01
-9.365321078207378136e-01
-2.007177991500117553e+00
-1.108005102102679551e+00
-1.109367189527080022e+00
1.816120975246313662e-01
-1.450615700273329978e-01
-5.936257320544928717e-01
5.099848985486268305e-01
1.444657021164809763e+00
4.639211528784938920e-01
-8.557913368413281319e-01
-7.438230470528361948e-01
-4.575110442751917361e-02
-3.478174339249653357e-01
-3.174552522479237027e-01
-1.095525560790413522e-01
2.681411472429084952e-01
-1.111706572269123505e+00
3.899617112926030416e-01
1.682392545946905571e+00
-1.006530027912847736e+00
1.455142405780307513e-02
4.726228331099200375e-01
-1.055662289474585958e+00
3.252597980313396420e-01
-8.167620420259780190e-01
2.396872927933983988e-01
7.243645376108780454e-01
7.292240402573550995e-01
-7.620235845341403191e-01
-1.585148608626938405e+00
-5.838833185817744464e-01
-1.747552782467743260e+00
4.082989865516442052e-01
-6.561148058983423681e-01
-5.937532891157868420e-01
6.745857672612132205e-02
-1.640638602269006707e+00
1.301891991582996511e+00
3.638771556688098485e-01
1.318508749476849928e+00
-1.770909150953514644e+00
-7.322566621097621464e-01
-1.572776267112182325e+00
-1.743126742633398951e+00
6.105368986822039545e-01
3.560630824256580951e-01
1.088928738785066130e+00
-9.262511604489107597e-01
1.900641136566695977e+00
2.330311031530896138e+00
1.645047284731429471e+00
1.798475405706600583e+00
-1.457570603948477039e+00
-4.628669297609491196e-01
1.216981133128705928e+00
4.442242493521399993e-01
9.318967426362831930e-01
2.139215967702927657e-01
-6.756294278933614450e-01
1.404263791043955933e-01
-1.056951297119110844e+00
5.581040661205474152e-01
2.450370455158683569e-01
3.027077004191234266e-01
7.238349958450864818e-01
3.973010164007009237e-01
5.741745957646182674e-01
-1.781094722907032857e+00
-1.778485017455800232e+00
-4.212755293435073156e-01
1.429626167474216558e+00
-7.041116101720357179e-01
-9.981138095548658384e-02
-4.110483307227665861e-01
8.471222264745765784e-01
-1.009713852078899521e+00
-2.160742710553751333e+00
-1.306178707473613976e+00
5.089005432797417683e-01
1.726397449701514653e+00
2.112946609893961991e-01
-2.491296221653849230e-01
-8.279210535696552853e-01
-6.049944686071757616e-01
3.917714244802912305e-01
1.696543091702125139e+00
2.589470961695070628e-01
-7.014540856402593505e-01
-9.424451615990339093e-01
1.015216448698673446e+00
-2.244380634456772938e-01
1.832205897124561389e-01
-7.916719901117286184e-02
-9.735204364565852586e-02
-5.043274977161233963e-01
-1.381866997839054534e+00
5.439216041527883405e-01
-2.384497592103098640e-01
-1.958990145390648863e-01
-3.942902158367598275e-01
-1.006103419884793126e+00
-1.267505651639054598e+00
-2.171684551154431375e-01
-1.331428066674861022e+00
-1.103883489654764904e+00
5.815724379385045495e-03
7.025364541026792864e-01
-1.972765141550625323e+00
4.747497661163038174e-01
2.861142592865562051e-02
-4.990983075010202441e-02
1.433815689592670140e-01
1.088621268445639778e+00
4.002003707883803330e-01
8.358626092633993920e-01
