-1.160783550109465434e+00
-3.449710071336552275e+00
7.734095134951681771e-01
1.575530156574211915e-01
1.279815287101363275e+00
-1.073730518639675058e+00
9.888704231519893639e-01
-1.734290869672117097e-01
7.410711878849731704e-01
-1.235302530309255964e+00
-5.310023889230546246e-01
-1.730711921549492605e+00
8.660807896957676277e-01
-1.175413327334534408e+00
-9.172257347180270415e-01
2.010506442591431409e+00
2.005192118088725550e-01
1.587747874060408293e+00
9.118888820165995668e-01
1.907045764637908647e+00
-1.220107665930490803e+00
-9.171211749506706923e-01
-1.618742740727707741e-02
1.428145208258937870e+00
-2.101174873513944608e+00
5.945377532355653472e-01
-1.378465092664151737e+00
4.039112959437957784e+00
-6.664051178163665767e-01
-6.860778637705564620e-01
1.841199419812710403e+00
1.655736842358992433e+00
1.073421081111741948e+00
-1.923999054855690893e+00
-3.237914435694725590e+00
-9.924500354844258965e-01
-1.234830643848265908e-01
-1.588793442941359046e+00
-6.664221355716914985e-01
-5.977905363230551217e-02
-1.427029063796094732e+00
-3.881897486410501585e-02
1.839958837463862906e+00
-1.460279239625723591e-01
-6.559903725592413082e-01
1.256146248107349095e+00
2.503038012802999646e+00
-3.906751987280028260e-01
-1.639948462848504818e+00
3.244692264238047130e-02
2.543554168850278074e+00
1.739487732008207388e+00
2.740358427914383554e+00
2.074684547402375401e+00
2.626528748766803645e+00
7.388916608817774900e-01
7.507038494360696035e-01
9.536903347494538608e-01
-1.260058206001074765e+00
9.632620354993592926e-01
-2.871655676670671120e+00
-2.791322569419794064e-01
2.142284928112783149e-01
-8.972635998999294316e-01
1.304785052520757382e+00
-1.932673678348714397e+00
9.253566251905755990e-01
1.471522445075038377e+00
-8.507112088953512341e-01
-1.237479311793197478e+00
1.067267750643368096e+00
-1.038322515401350010e+00
1.830962014215863576e+00
-2.105690094377576482e+00
2.085645069890524894e+00
-1.539148265504166613e+00
1.188168977299630669e+00
9.761182020161562889e-02
-2.034854436268398015e+00
1.861768786844163692e+00
1.647862789245690962e-01
5.270182037695816391e-01
-2.796863907712651809e+00
2.766832544021303519e+00
-1.844322597486449666e-01
1.358646704315255249e+00
2.292565127839569783e-01
-1.893643553424236181e+00
-1.484543459264902054e-01
1.675077978657572686e+00
-5.755915006437275494e-01
1.109931811390135969e+00
1.562077995064096392e+00
1.321156364701476349e+00
-4.927982807252613284e-01
1.145178822087446591e+00
1.488485655842493927e+00
-8.895026444861713344e-01
-1.674505421305055641e+00
2.993588918679574995e+00
-2.547266411861741631e-01
6.226430689030504340e-01
-2.819273410254336643e+00
-7.321457394712886924e-01
-9.089868156097740126e-01
8.783579787317581378e-01
-1.077868845823651611e+00
6.919017052034792670e-02
-2.329845283489976104e+00
1.034381152014947958e+00
3.346615042029828402e+00
-1.529292443279830493e-01
2.761312240051150724e+00
1.763567148931266537e+00
8.083512565365875702e-01
1.237880122064991539e-01
1.525227843736169930e+00
-5.507434625745872836e-01
-2.337017547298441578e+00
2.992459178699498068e-01
5.630579482286526272e-01
4.763101710704020775e-02
2.461074638759104261e-01
2.812146455571681969e+00
-6.099693357216136036e-01
1.113949922007792637e+00
-1.308407918538289749e+00
1.967904202650800904e+00
6.941246843756667673e-01
1.575532194782647721e+00
-1.163881980697309082e+00
3.332600822057418810e-01
1.637600004784493635e+00
1.221335170270815951e+00
-1.317493752657378003e+00
3.255685829378718310e-01
-3.893457000339415330e-01
2.319326773603633818e+00
6.765454044592420502e-01
3.826998655150770645e-01
2.150854204846988083e-01
1.620186407740336065e+00
-1.368348028999238686e+00
1.327273019137029664e-01
1.554488763076728119e+00
2.230701943057963987e+00
-9.484166289399231786e-01
-1.360798052718018347e+00
1.585038886315760287e+00
7.973319491313999308e-01
-1.986486279229394025e+00
2.552926308508343567e+00
-2.789580704172707204e+00
-1.467857367247904499e+00
3.364156679963059560e-02
-3.165412486818505400e+00
-4.555121338352918769e-01
2.184124100893941822e+00
-9.572942419465650943e-01
1.449405471922275979e+00
-2.366475432424752778e+00
1.134112895026772705e+00
-6.092294721023989723e-01
1.290384935875422912e+00
-7.192681293193690095e-01
1.482845589826364829e+00
2.727769807660447299e-01
1.193429536816327463e+00
-6.975659643850118385e-01
1.557816104077477171e+00
9.765005635646986093e-01
1.794572300525127950e+00
-3.320993754728620573e-01
1.544505856247148756e+00
-2.755894713343218783e-01
-1.118335203721231075e+00
-1.019050836223929224e-01
7.402266750789188166e-02
-1.171224455994948066e+00
1.252236649490251708e+00
2.203194646477734331e+00
8.501209728083312100e-01
-2.361501049203234004e-01
-1.889894467725801164e+00
1.550647099766754522e+00
7.801819531196718671e-01
1.128034903422938662e+00
2.230596322092033290e-01
-1.312980688873173207e+00
1.404860852440029895e+00
5.490928235131695700e-01
8.536783491480193220e-02
-1.719901649706262248e+00
2.879703340440464387e+00
2.956440252939063207e+00
-2.377027132761879713e-01
-3.183746868191464685e+00
1.460849453275033127e+00
-5.227176589231312676e-01
1.298377588653885084e+00
9.145298459194926011e-01
-3.194883318224116309e+00
-8.788216740732739396e-01
-3.677304102167910926e-01
3.097655798232414881e-01
-1.202859708873691424e+00
9.718981433568423256e-01
-7.390517179869968700e-01
2.834745659951156682e-01
4.786264971712475003e-01
7.996226711152161215e-01
-5.490603744199429315e-02
-2.131843770931504345e+00
1.884967637896965975e+00
-4.275023472291685778e-01
1.070374094261628883e+00
-1.877034145648192709e+00
8.816650399897021373e-01
-2.267787823185567042e+00
-1.430443772575134886e+00
3.462757154774678270e-01
7.602886495174310255e-01
-3.596248663839949344e-01
-1.191195861551684665e+00
-1.165437354629430988e+00
2.235027650909628960e-01
6.048602128573579151e-01
-5.906985602400451896e-01
1.418088289644201083e+00
7.585778025831739768e-01
1.729459469090564028e+00
-1.363612181733868667e+00
-2.130916883193183953e+00
2.924913619700283185e+00
3.753479553604055496e-02
-2.579118697717186492e+00
1.988284416545660349e-01
-8.062053509608917423e-01
1.155322600740506189e+00
-2.119995562695473179e+00
-8.826407868666734657e-01
5.088550349322193966e-01
-2.979493510329259465e+00
-1.243872387606833385e+00
-2.641009818079629312e-01
-1.771652036409156139e+00
-7.391437041011990061e-01
-1.463094872372998623e+00
1.831314081911427749e+00
-1.107641717231247824e+00
-3.934898369022604037e+00
-2.608814135857540961e+00
1.730945747389906586e+00
-2.056869635963138876e-01
2.241087839779710933e+00
-1.558992355641989569e+00
-1.272769955713535239e-01
-6.200819514778022068e-02
1.915359165764773941e+00
3.892588048685325930e-01
1.281948792674967308e-01
8.413519454686335663e-01
-3.607845749933522583e-01
-1.501997653598960980e-01
2.085331222768285642e+00
-2.998671121279989915e+00
5.812189964883778259e-01
-6.561354064678885933e-01
1.813321623053269604e+00
-2.767180536803981017e+00
1.522678896959728689e+00
1.034274218312257965e+00
-4.701998612761109086e-01
-1.030404379651090885e+00
-3.306256375103604483e-01
4.726912275389230089e-01
1.417154414958718966e+00
5.868726047084802389e-01
2.194443681315719985e+00
-5.569703559956167283e-01
-1.699661994512343455e+00
1.173206914224616426e+00
6.543347403908832405e-01
3.424614266986703015e+00
2.428922512655981691e+00
-8.140361259971768959e-01
4.857652321985721500e-01
-1.030609295087583810e+00
5.430714456626013487e-01
-6.881875257281269143e-01
-7.424723233278385237e-01
1.376078922360034262e+00
3.825067130537052051e+00
-8.556448943724097589e-01
5.614070633305541236e-01
-6.217111461500497427e-01
-1.908220918829626189e+00
-2.423349621256718489e+00
-1.253821311718272824e+00
-7.610024691310233180e-01
-3.292157388291023334e+00
1.207285580550499837e+00
-7.925236828938961864e-01
-2.095902893083815943e+00
7.793630716245552037e-01
-2.485602856409812045e+00
-5.220303983706013895e-01
2.621647866917786729e-01
-8.110007870678090924e-01
-1.181517242778911125e-01
1.776572603154425778e+00
3.373372698323171548e-01
-1.838911540816470236e-01
-1.452519103524331001e+00
1.511686845971612847e+00
-3.597863647831371470e+00
-3.451992181468202414e+00
-6.257757406021422497e-01
5.228611275356573884e-01
7.002213965020187558e-01
-1.738516501352637356e+00
1.126533086609748935e+00
-1.617117083147165957e-01
1.009982739563675125e+00
-3.046789661189670539e+00
-5.599645107573936187e-01
-1.846543454244438554e+00
-3.826470549075953631e+00
-1.485795848161781674e+00
-1.676158397798777955e+00
1.080403586381883052e+00
2.408955445400717821e-01
-4.086084317254563558e-01
-2.079070245381038795e+00
-2.183949571283392732e+00
-1.112491363566671332e+00
9.084892766090311156e-01
-2.475434707871302820e+00
-1.027843638055447872e+00
7.430421335993822041e-01
1.432069267281780078e+00
-7.954400821299953961e-01
-1.776997516008703037e+00
-2.440339140607742152e+00
2.673146570038840153e-01
-6.921842063437146919e-01
-4.637707173150926288e+00
-1.078574079736523750e+00
1.302142361867834275e+00
-1.440083275566983900e+00
-9.510805702328699596e-01
1.370811228661548142e-01
-5.263415630650749577e-01
-4.448006733177578553e-04
-2.204045886429175205e+00
-2.243452093403451642e+00
-1.088236117693435201e+00
1.772667896944345678e+00
7.801616206660995090e-01
-1.137287109994358669e+00
-3.796420470934629421e-01
-1.492654937399175097e+00
-5.668298487290348575e-01
-1.068578822731591771e-02
5.092784822677565160e-01
1.607924308275786807e+00
-2.349660092401233413e-01
4.016670451033826694e+00
1.003198329005330791e+00
1.981907446205596557e+00
1.030255997637877563e+00
3.533554073977635213e+00
-1.733610670508751728e+00
-1.025533733177611317e+00
8.133726048036482581e-01
-9.659224862061588368e-01
-2.356894273377818649e-03
1.284681064826101782e+00
5.120705317367928444e-01
-1.295449564854656455e+00
1.889769996528224638e+00
-8.225504542453530021e-01
-1.992221062737422610e+00
-7.874086052235842459e-01
-1.328026955647854113e+00
1.086903639483793427e+00
-2.358793966305325451e+00
-1.469314657992107698e+00
1.672082495006996794e-01
2.174965589564495261e+00
1.988180679935611650e+00
1.418943757689010710e+00
7.850317664922812355e-02
2.722952345655071937e-01
-8.085913063201477513e-01
2.465774151542271753e+00
1.196541402196534598e+00
1.404832718553715942e+00
-1.647942322969303319e+00
-5.788914251771029029e-01
-1.817922036652721562e+00
-2.999996673607959963e+00
9.750501292214028837e-01
1.430756038608200775e+00
7.315982959549156561e-01
2.991249115334806419e+00
-7.264044152467139526e-01
-3.068337012010090348e+00
-3.276865850821248927e+00
-1.546391894479156370e+00
1.492313190380345489e+00
-2.194312370535423273e+00
6.152874439570066301e-01
1.489368719247882389e+00
-1.130284671323060763e+00
-6.556479402359478570e-01
1.077948253245103238e+00
3.286307727923638566e-01
2.439782414494704454e-01
2.234494085449265199e+00
4.299862693231784050e-01
-4.154049738281422322e-01
2.614477797149667992e-01
-1.581151286453765792e-01
-1.877702154139981872e-02
9.734081233914064768e-01
2.689601323632393459e-01
1.138288331419126109e+00
-1.587005998199344514e+00
4.238106512480648291e-01
1.124692311540576029e-01
-2.310516402303797179e+00
-5.607890182246499933e-02
3.720218586597093591e+00
-1.127658786564349036e+00
7.790240508543799791e-01
-1.984434706810178639e-01
1.560252992100236824e+00
2.150738029557119901e-01
-1.237088092178822762e+00
-7.800180818780901859e-01
6.850503149031927919e-01
7.079115716076342935e-01
-1.754692668435210656e+00
4.517910265934620639e+00
-2.056672510144828436e+00
1.059776957323538049e+00
1.356684623851736049e+00
1.822347582336441008e-01
-3.084474409904505166e-01
2.824132533661360966e-01
1.852253357347814600e+00
-3.187777357063383832e-01
5.470229820122805009e-01
2.863149262375090487e+00
-1.424755674381597892e+00
-4.369066346851440130e-01
1.398503749987753508e+00
1.055314466985182165e-01
-1.171837074243551768e+00
1.294752971470318315e+00
-2.274360146323843423e+00
-2.132015230120105631e+00
9.994269026305921955e-01
-8.277839897124312785e-01
-2.870014955890879627e+00
4.229521301618790474e-01
1.751705667546397116e+00
2.733288508944111683e-01
1.056133719927327519e+00
-3.207441485996342934e-01
1.408040744431248825e+00
6.666756995106624117e-01
-6.696194679802189853e-01
-1.972537632720230860e+00
-2.535219476618140177e+00
8.509242741073208549e-02
8.056471558467306338e-01
1.007728128599715944e+00
1.357888528501426606e+00
5.597904487193172685e-01
-1.259009147324174904e-01
5.688120999104189224e-01
7.538759782040225232e-01
-1.674519419928530706e+00
-1.800997470722061955e+00
-8.858125902565037180e-01
1.534671287785577931e+00
-1.241615406190522020e+00
2.623304370101298133e-02
-1.336987528384110391e-01
-4.128327448666560429e+00
-1.068994038847151273e+00
-1.660984062286912533e+00
2.998805565629298897e+00
-2.446543249749041138e+00
-1.816627055406368374e+00
-2.845927984734154315e+00
6.942140035598098891e-01
-2.767232189660231434e+00
6.018888122663739182e-01
9.246080120110198308e-01
-1.979242186791187130e+00
6.166186534624218396e-01
-8.546625510154131078e-01
-2.309130978878581875e+00
-2.091645900151135606e-01
-3.195764851173503729e-01
4.669290029538828435e-01
1.238976598617221647e+00
1.352987093742028080e+00
1.401734090158850421e-01
8.149433425642271800e-02
