6.669784546866530661e-02
7.239657405786310562e-01
1.187353169610158687e+00
-1.804906742999739855e+00
2.674487373158090264e+00
1.363480163132186895e+00
4.157840009673279269e-01
-1.429209623711746868e+00
-1.213054707728824511e-01
1.296858555132893720e+00
-6.475098691733203182e-01
-6.129778287882308163e-01
-9.320048787284012093e-01
-2.607881300248094725e+00
2.183048772686086991e+00
-1.341208771987524973e+00
-3.322742659983255464e-01
2.230987412071957721e+00
7.691309693786552160e-01
6.432905729495175251e-02
-1.675687291359016395e+00
-2.481115752607858216e+00
1.049457756974396361e+00
6.699183934020380704e-01
1.836610765030989967e+00
2.113358506005695858e-01
-2.332447282360032403e+00
1.724994030472109863e+00
-1.778502535226329506e+00
2.481753595388529021e+00
7.660468129466737608e-01
1.657997837472442448e+00
1.754460962635110199e+00
-3.567871711253456368e-01
-2.255545593788011338e+00
-3.071421981289335523e+00
1.537080402568027360e+00
1.737424685071539798e+00
-8.969470192894490879e-02
8.622424030271407247e-01
-8.036268177523231415e-01
1.948067900071245084e+00
1.587787571779770701e+00
4.187581595528723000e+00
1.318764093975987706e+00
6.119487277622495114e-01
2.421128199209343634e+00
-2.823464509755782004e+00
-2.117246618427000904e+00
-2.243020063119343988e+00
-3.282081980285970868e+00
-1.921069458313082734e-01
1.102829536029855007e+00
3.053530950520746856e+00
1.916030892939622809e+00
-4.911378386231870508e-01
5.842352965090658046e-01
2.707580450414067030e+00
-3.199602555538309190e+00
-7.349125799830442674e-01
9.421439421321142760e-01
5.908267309146753021e-01
6.435978302991092193e-01
-2.803869745656846213e+00
2.863295389947326797e-01
5.783434783760244002e-01
3.379784260153417819e-01
2.913389974476086941e+00
4.696367559772394173e-01
-1.354228355833619446e+00
2.541238591324078477e+00
-1.108275127087923195e-01
7.983482368236707316e-01
-1.419277828595835622e+00
1.160415067065081018e+00
-1.510000074128736713e+00
2.276974499066090729e+00
6.038580713274912526e-01
7.340438976002268134e-01
2.448149348811585746e+00
-1.272218851774186810e+00
1.911549861651948845e+00
-7.257225554324140404e-01
8.716208598752270831e-01
1.234233712723046494e+00
-7.198149587930648963e-01
2.454337905801016184e+00
-1.867507336362327131e+00
1.596134118260877699e+00
1.487692009535975579e+00
-9.948613474060099549e-01
-1.555366033334066866e+00
1.237495222420442076e+00
2.489891742819030362e+00
-7.803250044189358192e-02
1.504008302045666490e+00
1.073748038907727853e+00
-2.207402043612163300e+00
-1.817670117478815683e-01
-1.694346257215169071e+00
8.702137194403878340e-01
2.637258631082461946e-01
-2.739178526212091125e+00
1.797484794943892794e+00
-1.866188064453799811e-01
-3.165053498026507484e+00
-1.003249914815603105e+00
3.263568429442807783e+00
1.085756693579583043e+00
-1.471299944632089129e+00
6.172327017829983831e-01
1.847835588082720193e+00
2.862444576009131048e+00
1.617209327570234834e+00
3.064998450335190583e+00
1.385215563223969326e-01
-2.140788813315186445e-01
-3.106290114281531345e-01
-2.494143824518207708e+00
2.262461917713709525e+00
-2.759701595319060452e+00
-1.214825712004755864e+00
-3.557094472219866077e-01
-7.853645479395803264e-01
-1.793916673682650398e+00
-4.406300290955345034e-01
2.267947731190567140e-02
1.081549449502755778e+00
-3.222848849364225998e-01
-1.479308920690989293e+00
-2.838065267759247945e+00
2.017867517721347426e+00
1.673409007173356500e+00
-3.141709742580029996e-01
-2.343470847400928037e-01
-1.477700568973583373e-01
-1.096809024237547447e+00
-2.291093579167439387e+00
-6.229876816905566272e-01
-1.190114792861050041e+00
-3.357101053134483593e-01
-3.557955982280352814e+00
2.520572329054440175e+00
2.918610786401901080e+00
-1.590889485898089983e+00
-1.067942326824144139e+00
1.289059569354544799e+00
-1.112291447686520218e+00
-1.501808016706760451e+00
-2.471689165996640014e-01
-3.424141015322357262e-01
1.246888696274429442e+00
-4.720050262618782355e-01
2.290696949036208352e-01
1.126946301825371144e+00
-3.395801425846634025e+00
9.193878087397955312e-02
-7.694397351961663745e-01
-1.917726971425983695e+00
6.774302663556426296e-01
-2.997750390776550589e+00
2.830945192309517466e-01
-1.818838215616485066e+00
-1.322182869572221531e+00
8.863507737642315476e-01
-3.114469407627931119e-01
7.358204616424881550e-01
2.002196783485129750e+00
3.212805297068532795e-01
-5.052127095446738991e-01
-2.204552292342274455e+00
1.463582362996689312e+00
-4.055927439248021571e-01
-7.693975283700114076e-01
7.542512350800913978e-01
1.807659115839363118e+00
5.146897494136997153e-01
1.971731826876947480e+00
2.430064613565776632e+00
1.516729098974193057e+00
-2.892743293545407823e-02
3.387299257822490972e+00
1.355832324424008029e+00
7.061966931459906505e-02
-1.204814344397751036e+00
3.538144567854379474e+00
-1.032132005787206985e+00
2.271522174199636090e+00
-1.935680940952427598e+00
1.802200000610446828e+00
-3.092722656895320554e+00
1.525259233847627627e+00
1.088680666958535603e+00
-2.600913111883981443e+00
2.064920220865111844e-01
-2.527017496975689781e-01
-7.459047506210128020e-01
-1.074037011475694747e+00
-2.576448042986185794e+00
1.542193296919549539e-01
2.260881826922656046e+00
-1.474920625408255859e+00
1.974785963212700501e+00
1.603213552679845222e+00
5.368885505417386739e-01
2.594945933187933207e+00
-7.472939732027032989e-01
-3.075970820350086843e+00
7.621955544772802682e-01
3.093931600382155978e-01
-5.651771890819130562e-01
-1.233015938163956715e+00
1.990642007850738082e-01
-2.380810443537151766e+00
-1.225818333390351622e+00
3.508791441724490312e-01
-1.545645020071141573e+00
-7.407832965832090721e-01
1.925221707709745544e-02
5.410155173418171870e-01
-1.207965404265634035e-01
5.483757994571138994e-01
-2.397676365387511055e+00
5.367563872908753808e-01
-1.012362642183048944e+00
4.305246298568956576e-01
-3.056520534081217377e-01
-2.574550159963433504e+00
4.123520374758399498e+00
-1.873441036173957741e+00
7.076301408731167086e-01
-8.026492774869513624e-01
-9.826680877427378391e-01
-7.557303538444593016e-01
8.095235945590673055e-02
1.163579834820752446e+00
-1.485886082729035884e+00
-3.466784706298770669e+00
-5.625667403026826108e-01
-7.969199168980152237e-01
7.751945909811484015e-01
1.240924406389147805e+00
2.267615739847977707e+00
-3.986555765753697855e+00
1.572860429668607729e+00
2.039651806998321604e+00
4.402452150778266571e-01
-1.791447297591435284e+00
2.113429723421211825e+00
-3.255722427494384341e+00
-1.767909912637326109e+00
-1.259968222571821617e+00
3.955075884448907786e+00
-1.006956764864672671e+00
8.131874638536835675e-01
2.674494913034575205e-01
1.804058403867204063e+00
-8.891800095510404844e-02
-8.758777026972595081e-01
-7.941986066773791819e-01
-2.203456117195565778e+00
1.982295065515335075e+00
-2.438206754645581675e+00
8.395306055316957838e-01
-7.525485006607555150e-01
-5.443264036081485457e-01
2.977936321141427811e-02
6.563219124736185961e-01
1.089025631967164287e+00
-3.207907677603838437e-02
9.402293536602002177e-01
5.133666421393812129e-01
1.861380854605783952e+00
1.707561503806040548e+00
1.286443079205554341e+00
-7.494440181919346244e-01
-7.473576853099714867e-01
1.148988385849177618e+00
-2.716133353079062118e-01
-1.787122400319567372e+00
-3.577710280079082761e+00
1.723801329713266384e+00
-2.318585380507522942e-01
-1.191209789082183779e+00
3.300859364329415513e+00
-3.904627572338520203e+00
-6.948759155477448601e-01
-8.177734304368140528e-01
-1.247459724061047659e+00
-3.305822631244242693e+00
-1.977933501204278688e+00
-4.392468780217004820e-01
1.799566129571067208e+00
-2.546838213184098976e+00
-1.009641021897355273e+00
9.474547676075601998e-01
-1.541791620875887503e-01
-1.668545428908707606e-03
-1.255473642266637935e+00
-3.476340854710519679e+00
-2.024613707806070639e+00
3.355267114337198819e+00
3.481369632023589844e-01
-2.942529455430441310e+00
3.351276011798876908e+00
-1.011135383754169226e-02
-1.164568604794454121e+00
-6.440687693938365044e-01
-2.259814378280644132e+00
4.152207952834974236e-01
-2.496166077957104434e+00
1.647922532513863558e-01
-2.135635096483759376e+00
-1.309865729037325011e+00
-2.933916344595785652e+00
-9.110471732565708081e-01
1.103748629939008907e+00
-6.123601655457724391e-01
-2.131924901845350107e-01
-1.367328198238311643e+00
-8.892354072093047179e-01
1.938478228098139411e-01
9.982795612116923678e-01
4.307352548958681027e+00
-2.524563669947164524e+00
-5.165874125418064011e-01
-1.042120477583410310e+00
-1.271202079057282219e+00
6.564060767399020335e-01
-2.246160795447843306e+00
-5.195516303977925077e-01
-7.229464583488169893e-01
-4.503323278477244784e-01
1.896567003999045653e+00
-1.241735057996025127e+00
8.184640119969639471e-01
4.093074316652316469e-01
-2.285541639989832063e+00
-6.937181136221068911e-01
2.113364336013548339e+00
-4.919253122911380061e-01
-3.363012886870867746e+00
-1.881583666209544425e+00
4.135123616741589458e-01
1.028656725079444278e+00
-6.537166277150321392e-01
-6.438327608808798175e-01
2.281351751396027971e+00
2.611492756941455440e+00
-1.215365753331654197e+00
1.250536267815772540e+00
-2.080436595325600990e-01
1.185827535193970661e+00
5.183833755320197412e-01
-3.137756448694071665e+00
-2.647602583443312341e+00
-6.550819655992938806e-01
-6.404935172335477489e-01
-7.688819752709274979e-02
4.296373305879130911e-01
1.312659698298707767e+00
3.948743703408368333e-01
-3.035295495752614592e+00
5.297992346982418610e-01
-2.704312972973612617e-01
-2.589159527052275589e+00
5.286989713309289129e-01
2.571661895388017705e+00
2.093128536534449857e+00
2.252754956425801147e+00
4.689930255197598541e-01
3.659552725192433797e+00
1.107730843186591763e+00
1.716733569431532658e+00
3.182188826142809290e+00
3.245668918114665402e+00
1.685544763927318002e-01
2.930818018277623338e-01
-8.418642099294686432e-01
7.213389260705671546e-01
6.464352821601160315e-02
-1.911889573172660839e+00
-2.094553609286986529e-01
2.383449544556554223e+00
3.210249736888668437e-01
2.661869847945947498e+00
-6.706558091131382682e-01
7.682560317965938523e-01
2.915641189074773543e+00
1.123044560455157992e+00
-2.342833868724795821e+00
-2.404804666310881522e+00
-1.486645500424223165e+00
-1.102343531114891917e+00
-2.030655805952625403e+00
2.538140395973320196e+00
1.467778010205376127e+00
4.174965665531544801e-01
-9.880840871852214491e-01
-1.882658505828590734e+00
-1.024107978964536869e-01
1.094703123621333596e+00
4.811809918938809716e-01
-1.330006956796534467e+00
-4.069519854539382919e-01
3.619237786743207508e+00
1.311961730565782247e+00
2.074754029903189689e-01
5.481291750706107635e-01
-4.704062828949329145e-02
-1.078929231857028270e+00
6.041961234421266980e-01
4.381594355300890697e-01
4.380097488361176516e-01
-1.800611349798102445e+00
-3.095738026733094728e-01
1.685762776998664947e+00
-1.828695949206031734e+00
-2.455986524587160602e+00
1.477242135912172571e+00
2.590564400443700066e-01
-3.485905444729970881e-01
-6.225655138871708516e-01
-1.584872149088223381e-01
-1.888157248439679137e-01
1.873303813994614764e+00
-9.477444410850193179e-01
-3.968398462487940037e+00
-5.464708963023223731e-02
-2.138151554375773422e+00
-4.247294479999448313e-01
-1.076375300005553370e+00
2.610967538020512180e-01
2.812802601036796801e-01
-3.054121635063917761e+00
7.125975646602444868e-01
1.758394259148213123e+00
1.343263972220575475e+00
-1.598082149847519062e+00
1.374925858134901091e-02
-1.149087198663671039e+00
-1.462916290295834809e+00
1.624338177302727004e+00
1.032352008358089712e+00
7.235080739256138926e-01
5.510540273846009640e-01
5.000000000000000000e+00
2.010560593646086858e+00
1.950083435277391253e+00
2.773255389122736503e+00
-2.797017006540963191e+00
1.351116111755139571e-01
1.378338467286027935e+00
1.595227713153668958e+00
1.751534788160511447e+00
3.838042287506304717e-01
-7.963069577990786740e-01
-1.126366480661722402e+00
9.777554713375735673e-02
4.996729109960194037e-01
-9.663970380026576379e-01
-8.381378309528066950e-01
2.026603845458172515e-01
8.904817356448058163e-01
5.600227851658976519e-01
-1.896637263166169873e-01
-1.473073547959811158e+00
-9.620391873717615283e-01
1.952689883158480910e+00
-2.030393053672687742e+00
-6.864551970761025856e-01
1.060900519355723048e-01
1.007142221729306897e-01
-8.100840486225457937e-02
-1.811909709851110328e+00
-2.020046905528864123e+00
2.201295349415921976e+00
1.755888880079558234e+00
8.703784811150550027e-01
-4.792659662821749933e-01
-2.125795057132373600e+00
-6.398997513434334650e-01
1.202882247237826441e+00
2.831313866599748152e+00
-9.784166585644094027e-02
-1.049191312941752496e+00
-2.353854916717704526e+00
6.870233501473377302e-01
-1.654955298180778023e+00
1.361822691558538523e+00
1.870920410041883031e-01
1.248544992520966623e+00
-1.240276231373078186e+00
-1.364865249729777297e+00
-3.418586431185826058e-01
5.214236128381415369e-01
1.881693178534682431e-02
9.602401324006244465e-01
-3.093978565557748084e+00
-2.260113141410756477e+00
-3.017964836822386587e-01
-1.665197249905252086e+00
-1.066526434032983861e+00
-2.650636965313744042e-01
1.803963241168107245e-01
-2.514459194238496842e+00
5.732578686440543692e-01
1.239373850920433284e-02
1.341074443242558090e-01
1.529486631568421906e+00
2.796683845174872118e+00
-7.482321023055504838e-02
2.556575823200761377e+00
