5.254010050752579986e-01
-1.456400602706616532e+00
-1.176877228714217072e+00
7.744764054348571847e-01
-6.117127119518173117e-02
-1.247034249986272325e+00
-8.461084892261050427e-01
-7.548453852957681676e-02
4.595205127886430319e-01
-7.102127156806128383e-01
-7.285278311393348361e-01
-5.300157360198038958e-01
1.808498412962276092e-01
-2.228373455631684763e-01
-1.224933013493996192e+00
1.634723702470665785e+00
5.828622031125574310e-01
3.447502932145383170e-01
1.032097530697887677e+00
1.243712216013987515e+00
-1.381503268906314474e-02
1.590838056501829634e+00
-7.558080259757540276e-01
1.407288668003977783e+00
-1.874525909286678171e+00
-4.529634134419957547e-01
6.116503348214887836e-01
1.606319907074840181e+00
9.002290530288172832e-01
-8.883377782986698890e-01
-7.519349320854704644e-01
4.454809305300528877e-01
-4.241595831392279692e-01
-1.286082743364941550e+00
-1.345938386270196574e+00
1.565377329526640438e-02
-6.097739902578513949e-02
-1.484988211021988747e+00
-4.311980989100883122e-01
4.411894208048572352e-01
-7.105352836810983064e-01
-1.288263469122257199e+00
5.785957339208289696e-01
-1.516668129204923776e+00
-1.873833764013329350e+00
4.640899015089230417e-01
6.336141185999766279e-01
1.338936198192781646e+00
3.932174822865857067e-01
3.746062204065623291e-01
2.829435309847349700e+00
1.276921100293875178e+00
1.187500577915461264e+00
-2.231010761921403684e-01
-8.495540452172214430e-01
-1.314853550061791498e+00
3.591052776429934923e-01
-6.732972246356796475e-01
1.110307578036096032e-02
8.890297198028829229e-01
-1.398494097909003031e+00
-7.098196758489452307e-01
9.780634307492519497e-01
-3.126782634697384822e-01
5.494726651908541371e-01
-1.040527599574349260e+00
1.138686293533521798e+00
4.694639575795154229e-01
-3.876512844798298829e-01
-4.856094132187722678e-01
-5.983652580700828949e-01
3.042727713003632317e-01
1.823758818639731771e+00
6.999828940939254451e-01
-1.216555529060725505e+00
5.290680501370825795e-01
-4.269927362584367003e-01
6.930248280438089381e-01
-1.424941108910735998e+00
8.456654803047047864e-01
7.478395021111037266e-01
-6.498068639954484027e-01
-1.349478034670936744e+00
1.046170666175633812e+00
4.536934767279348080e-01
-1.139926647135855564e+00
-5.160009133461782582e-01
-7.017393761470911429e-01
-1.375824633793536478e+00
1.292043634462548773e+00
-8.332808338016262084e-01
4.083445969360699479e-02
9.456277716341610073e-01
-1.138265272198642375e+00
-3.558585969723537801e-02
9.740665643212160774e-01
2.782955068754766614e-01
6.924400386798197360e-01
-2.412008638864591159e+00
1.475979708786541167e+00
-2.084548351957362655e-01
-1.797664623133858885e+00
-2.028428709854497303e+00
-8.938538055955707051e-01
-1.010793766841259878e+00
2.155756588570374888e+00
8.059018218643174691e-01
-6.631000420609289847e-01
-2.534031411323489191e+00
1.272109263893561604e+00
2.419079584649058923e+00
1.344781622509518826e-01
-7.215841817256833934e-01
1.969427398749825642e-01
-2.090923920956524906e+00
-8.366307323833241938e-01
7.408839043938986180e-01
-1.050428641875939650e+00
5.867994126047371140e-02
-2.230851502007356046e-01
6.087451767672913405e-02
3.812171172928691121e-01
1.447012871241957654e+00
1.446237529266548805e+00
-5.630961611114280174e-01
2.108076503810190516e+00
-1.477541837826068516e-01
-6.764685470965243752e-01
6.418513561859846561e-01
1.624447603741007384e+00
4.119511194520981689e-01
-1.048160862243370683e+00
1.495387267237457962e-01
1.100703281542725342e+00
-2.052838610752294013e+00
7.267642914617864491e-01
-1.033269863383472487e+00
2.473276259066868654e+00
-3.935365742972694036e-01
1.629367735999340816e+00
6.976219257544133967e-01
2.611886934064151511e+00
-1.192399788692883877e+00
-2.772689282779543518e-01
2.451555229289197335e+00
2.022622720082814851e+00
-8.650583896710211107e-01
-8.738084704344730724e-01
2.055037240282928224e+00
1.419219844276651266e+00
-7.953353653878467711e-01
-6.978369942342661503e-01
-6.093752973007395823e-01
1.082310123791829781e-01
-1.145321244924392801e+00
-1.135187370434322940e+00
-8.676170387170012432e-01
9.212052384135835936e-01
1.639974212754937710e-01
9.953115042847935356e-01
6.478563741347631577e-01
4.996896640618144758e-01
-5.946410189703730254e-01
8.123183947406111827e-01
1.555754998631719843e-01
9.566093094716885403e-01
-1.551525207131452255e+00
1.397423429462545386e+00
-3.515533285697891586e-02
2.668969560920526618e+00
1.687472639102746363e+00
8.700891575727425220e-01
-1.366529986542067476e+00
4.415720984609379229e-01
9.383392529048970587e-01
4.662463994937890988e-01
-3.489981402781161535e-01
2.705980903655635927e-02
-2.162666682421181097e+00
1.024186155250825792e-01
8.522244272751802185e-01
-1.284983085490852162e+00
-2.434779276616672039e+00
-2.159151190490401717e+00
2.038158256352295084e+00
-1.280791046367101060e+00
4.897451624917064095e-01
-8.964571793535203170e-02
5.017007353819540327e-01
-2.427731423721004589e-01
1.641224661508024596e+00
-6.573595276319652569e-01
-2.363378348028168041e+00
1.492990864355087766e+00
1.722888372285032332e+00
-1.315621665388215789e-01
-1.265910396375640179e+00
6.459055013280536883e-01
1.775377564111092710e+00
1.793949924080973091e-02
-1.752458890167209571e+00
-6.516259935175030549e-01
-1.621862410557711076e+00
3.943476375409478152e-01
-8.757129129226832731e-01
-2.284645826308393524e+00
-6.577754560388049399e-01
1.273376071975605761e+00
-6.945771098310080660e-01
-4.371997498858144482e-01
-2.106375670500870712e-01
7.491053902094861883e-01
-2.181796701247269432e+00
3.454421922319758309e+00
1.759146506665922871e-01
7.062898330820219783e-01
1.105695964733898862e+00
5.484889629591904736e-01
-3.094981070206772600e-01
-1.811306264071621541e-02
-4.050263925546460086e-01
1.021020984240244900e+00
-2.088496153227836771e-01
-4.848049565218293111e-01
-5.191210339659653172e-01
-1.404397925077586429e+00
1.052673766179395010e+00
4.801989799376418233e-01
5.931010280945772095e-01
9.654042428436993006e-01
2.675858731637874577e+00
1.781492975672236412e-01
-1.381592657620962949e+00
7.927267640868222998e-01
-2.765875862450881684e-01
-2.305564743469765698e+00
4.909888466576362021e-01
1.242730274109078437e-01
5.595462389638159451e-01
-5.445326221926141130e-01
-1.464405777748708282e+00
-5.316663236955685434e-01
-1.541665276695894704e+00
4.513831319184804514e-01
7.934727935249608066e-02
-1.408773630834812884e+00
-5.274521876076097016e-01
-9.274953618716326176e-01
4.527323177077233751e-01
7.725501190509973526e-01
-1.709271038183706182e+00
-1.405725682058782233e+00
-7.501567258230821267e-01
7.724502795407328648e-01
-3.808272996007966427e-01
-1.384924806673910602e+00
2.149841996615720063e-03
1.022034017728632449e-01
9.098646618368935179e-01
-2.069840958211379700e-01
1.107098838734347446e+00
-5.961884967501971389e-01
3.723018621138614037e-01
-3.474598966564350633e-01
1.901942555435066851e+00
-1.142302208638011241e+00
9.144425954644557208e-01
-7.473988836490175203e-01
8.316149197607121124e-01
-1.421542281238877159e+00
-9.839223104169567691e-01
8.776012605566645419e-01
-1.651244749879167806e+00
-7.818152566863645347e-02
-8.006492810600196464e-01
6.168587230959134970e-01
1.714503875212112227e+00
3.015033340646642301e-01
9.004077938857557584e-01
4.380540423448717746e-01
-2.314929446792577394e-01
2.063702222073403370e+00
-2.604530168272845003e-02
3.390737108397317456e+00
-7.130175204335928996e-01
1.283859675633105546e+00
2.923536001784388105e-01
8.427742821753057001e-01
1.761402631308196298e+00
1.787276873411666855e+00
5.132358578561868612e-01
2.144129535619114790e-01
1.873199495943236315e+00
3.613390453138132230e-01
7.552533250212869476e-01
2.903374985656883567e-01
-1.730367891164834582e+00
-2.580483984962063104e+00
1.510517443014709471e-01
6.066786183800596532e-01
-1.563831167401339428e+00
-2.842466886939423176e-01
-5.405177599556587609e-01
-2.178432991627552440e-01
-5.246294697107956040e-01
-2.930154254683086990e+00
1.081890935256401676e+00
-2.833696437574717564e-01
1.320995310332184758e-01
1.844527330103087337e-01
1.415349982995850908e+00
-9.564632112213420356e-01
6.902417150709432292e-01
6.582290701675486133e-02
2.414081866335457960e+00
-5.974600928216347029e-01
-2.462895610270942726e+00
-1.553591100607242481e+00
-2.180459941708159377e-01
1.549574168894660708e+00
-6.495817955659912712e-01
7.474830297458456840e-02
7.558784361453270151e-01
-2.219077058378661871e+00
-1.199473414522205239e+00
-1.055883317287044321e+00
-1.729705221168340579e+00
-2.273853001501302984e+00
-1.146823238730755978e+00
7.308969736538735162e-01
2.150615359490691603e+00
2.547594200301626088e-01
1.372490064588856029e-01
-1.925796983363555981e+00
1.674598546465908555e-01
1.425671484616222173e-01
-1.157733143519763530e-01
4.662608387917543951e-05
-1.456702361565573867e-01
-1.936690505063027423e+00
6.596347507308735203e-01
1.285379515678679141e+00
-1.695564416805921404e+00
-1.045603319898721573e+00
-2.656259228348396562e-01
6.588366667822693756e-01
-2.806902479665895900e+00
-1.851811219157495358e+00
8.551587997980565348e-01
-1.315598598269006381e+00
-9.860297536428310750e-01
1.485731135751464649e+00
-1.302856691701631320e+00
-9.731178495523371552e-01
-1.790120027313353290e-01
-1.417160773906163129e-01
1.194669355445050485e-01
6.001083116164345199e-01
-9.008227589061696960e-01
-1.938535013407279628e+00
-2.515058612336904531e-01
-1.291816636069995639e-01
-3.767179960267519334e-02
4.248395540425464745e-01
6.487824731687439339e-01
1.347334395679450125e+00
-8.555104312982475534e-02
1.332392898377854351e+00
-7.291603634970673653e-01
-4.742801226135782144e-01
1.714753879402715953e+00
-4.470386616919350686e-01
-2.143817499678172922e+00
-5.404073377118692179e-01
-2.161630732284791634e-01
-2.109272474898168603e+00
1.337624367737863196e+00
1.572137925768596567e+00
5.490748529501363606e-01
-1.324230853424315235e+00
1.300411379712849147e+00
2.773479234036733132e-01
-1.353163609130908718e+00
-9.795476476917750475e-01
-1.201470711775691758e+00
1.975573493835939054e+00
-2.409164022853476084e-01
-1.741019858802760112e+00
-1.726274119693992581e+00
6.564051282807250587e-01
3.542913368991261081e+00
2.031237321596797152e+00
2.987182904506031633e-01
2.190993857605252337e+00
1.317252675221824987e-01
1.928548173604387017e+00
-3.176432196927949647e-01
1.061245619475062796e+00
-6.423441052628060532e-01
-4.025522215232157919e-02
-9.627056187246010310e-01
-4.688253259683019536e-01
2.232862681792911808e+00
2.238378556071399572e+00
1.651410694251500999e+00
-6.075159797773892478e-01
-1.933885912941430973e+00
-1.709589644555499888e+00
-3.237417153877348852e-01
-2.235964523543270133e-01
1.222847356639529259e+00
-1.709982463490073101e+00
-1.309650583865388462e+00
6.460046102524419354e-01
1.332193850769305854e+00
-8.012098874555633188e-01
1.432833364973937762e-01
2.232236565651898097e+00
9.467892149091809983e-01
1.715205090129908072e+00
1.103239577999244325e+00
5.075183684540007789e-02
1.830953934706364805e+00
-1.898333110061087403e+00
-1.654776900746841584e+00
-4.705938091889008135e-01
1.408248164617798892e+00
2.184514786261665620e+00
-2.001307522535219263e+00
6.818133276412288168e-01
3.592648563381040105e-03
-7.192732117386935187e-02
1.601896996802052442e-01
1.706493227499042753e+00
6.350377137366800540e-01
4.625795939207453245e-01
-6.488057986562019153e-01
-1.348155645282798076e-01
1.291656626203820935e-01
1.306582460551538816e+00
-7.089001944870183536e-01
4.446851798471920247e-01
-9.417119116221304154e-01
-9.911475369273894387e-01
1.461636891441139063e+00
-2.592808510880075801e+00
-1.511894033621903333e+00
-6.432236769733332693e-01
-1.282928497439045579e+00
-3.735381496938821044e-01
1.336707693373613282e+00
1.394982860444873296e+00
-1.108105364902169931e+00
-5.463549081783778405e-01
2.525842581420065791e+00
-1.496335872191741245e+00
-3.321419398896745534e-01
1.170029042380940965e+00
9.199197901922957499e-01
1.641367683190804172e-01
2.119842728585128455e-01
-1.294987645891223504e+00
-1.265632630105295586e+00
-9.730173080564821220e-01
-1.146257876254263230e+00
-8.007900050506879808e-01
2.906076476147925192e-01
2.446524085259502712e-01
1.495118756701332430e-01
1.167871337068482340e+00
1.249461294266324352e+00
2.640177261021019461e-01
-9.934794989394823972e-01
-4.770007741121560230e-01
1.143778237279917676e-01
-2.634450626250179894e+00
1.077779101076661306e+00
7.493438564551189174e-01
-3.634198117688667296e-01
1.368520907243143903e+00
6.212313168680978492e-01
8.034032431512470041e-01
-9.212219341663052674e-01
-2.974247186587062330e-01
-4.421161000966478127e-02
-5.944718414308862720e-01
9.158815915795077700e-01
2.622169904237132698e-01
-1.030043321333558914e+00
8.272953533686147054e-01
9.600369287791075124e-01
-3.049824503532304831e+00
3.939626275845622416e-01
1.745607066657752782e-01
2.189728631814288562e+00
-2.112895756818295112e+00
-5.849995246760490986e-01
-1.967387700440079712e+00
1.082271546091283732e+00
-1.004793859217982810e+00
1.116497127576617565e+00
6.666391610777298027e-01
-8.229168959782438009e-01
-8.306364619616459777e-01
-2.875791647376759741e-01
1.409402925518287830e+00
-5.934426952477807049e-01
-4.569087359061549947e-01
9.420575793671126519e-01
2.067741376625126470e+00
-6.184758513747032893e-01
4.326803181667235876e-01
-3.169892619777758824e-02
