-5.115130333619301695e+00
-2.282337181661863390e+00
-1.243971308108328344e+00
6.208423854344129467e-01
-2.975137253248442804e+00
-4.027947435176804092e+00
4.387448439669736189e+00
-5.465529199284125283e+00
-4.749398639642760322e+00
-3.031002413091805181e+00
2.759076214020112161e+00
-1.718980459118265358e+00
-6.021863424790740993e+00
-1.150602835337906527e+00
-1.357376471088247882e+00
7.042910121288663561e+00
4.660662180265722654e+00
-7.895724433357127481e-01
-3.136767583601844933e+00
-5.315854975791399539e+00
-2.086193135817556055e+00
-3.844004871679249646e+00
6.092011997685645497e+00
-1.177054273185717648e+00
5.192473872291095915e+00
-1.766349894810733900e+00
-2.576093372265804149e+00
-5.911889587892882325e+00
-4.820406407615067224e+00
-2.996913717349940498e+00
8.436382123901591257e-01
-2.816967430594083943e+00
5.032197908282238785e+00
-2.987834443124101291e+00
-2.909526393437080749e+00
-2.413068602375209259e+00
-2.087503291881340317e+00
3.770554334192155466e-02
-2.347348260135894371e+00
1.318945316288202108e+00
4.178615772841482112e+00
-5.879996669030163048e-03
3.574199868909708755e+00
2.091593596200810978e+00
-1.518996136737786884e+00
1.642582311304195741e+00
-3.494657680346713313e+00
-1.025823518022031422e+00
-1.366697269618020627e+00
-6.763144491028327820e-01
-6.960947471901132388e+00
-3.214945561999740242e+00
-3.997328770883488147e+00
1.533479341864470769e+00
-3.308100443118303424e+00
3.906379548254559353e+00
2.276723707920657702e+00
1.362362431312662991e+00
4.582699725646454780e+00
2.447842890806985139e+00
2.140139602290817677e+00
6.590627277016398722e-01
-1.701929370626087845e+00
6.581287036374057209e-01
-7.988501316834408783e-01
-2.771354789559820730e+00
6.030923322886572180e-02
-3.735448500261233207e+00
8.368006699092976675e+00
8.726953130674239389e+00
-8.372607559981641856e-01
-1.070634901885423318e-01
-2.574510394527907309e+00
3.633518933058857314e+00
5.181704993578764018e+00
-3.740175702578443229e+00
-1.555785504225445592e+00
-5.941779763041365570e+00
4.239585226905814963e+00
-3.496895092994024346e+00
7.907893873148275077e-01
-9.499081737323962216e-01
3.922081901566505380e+00
-1.559982846562956382e+00
-4.580288977322801713e+00
2.724646470477487981e+00
-5.592108795297942692e+00
1.074133207969920178e+00
6.502288864071950059e+00
2.471649248571004875e+00
-4.432363138837061456e+00
-3.239637026256078300e+00
6.127892190583672516e-01
1.471706549578016165e+00
-2.795430962096851601e+00
2.830148237642156062e-01
4.281309604511399414e+00
-6.855776231763268669e-01
-1.764227631548891395e+00
1.211825993630828435e-01
-5.566053180474506590e+00
2.777667585523801108e+00
1.257938737077402891e+00
-6.395412086372971316e-01
1.848567412489392936e+00
1.822789673303503832e+00
-5.754796626392959524e+00
1.736070610947145099e+00
-1.203470072210706121e+00
2.331459460686902574e+00
3.400649609989903510e+00
7.017414116832611626e+00
-6.371991636949932314e+00
-2.103371600076600068e+00
-3.155032321866215739e-01
-3.645857733252646504e+00
-3.933768112805609007e-01
6.443777437618258830e-02
-2.216422121600281514e+00
9.613446440244288738e-02
-3.750594558462438499e+00
-6.021061907650477885e+00
-3.092525313178315471e+00
-1.395493221315252441e+00
-2.516448074626865150e+00
-1.028893711228596075e+00
-5.491798817808328792e+00
-1.200872415967729978e+00
2.537090248714619634e+00
-2.259183645989439881e+00
-1.832504706164900909e+00
5.991969040609546937e+00
-4.809697714510190458e+00
-1.116186800693416359e+00
-2.872823733151949277e+00
-7.523176715297229755e+00
1.491132008578579971e+00
-1.545303275567748713e+00
1.522659212730470557e-01
-7.360903292694924716e-01
-4.283390772937327284e+00
-3.078358941091181578e+00
-4.546232995318905346e+00
1.736243007281849771e+00
1.225745605471777466e+00
-6.236715711857847566e-01
-3.082812747229450423e+00
4.019134846908265501e-01
4.913253899664420388e+00
9.679610076169797850e-01
-5.382054915650290816e+00
2.450342769325967396e+00
9.118288930706501816e-01
-1.402541580914014929e+00
4.975092280370498443e+00
-6.642232207156322232e-01
-3.774350614858463793e+00
-3.199850378563652953e+00
1.106194591690009332e+00
-2.861937781923722390e+00
-1.801577402013698759e-01
-3.226525289354881920e+00
-3.675797381277547515e+00
-2.253437430908302730e-01
-2.776691155983207260e+00
-1.647576682532074344e+00
-3.913592638921184808e+00
4.418294013956982624e+00
7.576778617717518927e+00
-1.555435946805999947e+00
2.199169113876827453e+00
8.763062089307620539e+00
5.887669781528865443e+00
-5.829930070402391529e+00
1.163307612623034615e+00
-5.965928271440805730e-01
2.363733879824934547e+00
5.602069449961703640e+00
-4.339610866316848004e+00
-2.705494336263109645e+00
7.175961357630136206e-01
-7.625152449429126733e-01
-1.945158401773692702e+00
4.644591479662555145e+00
-6.621930338750592782e+00
-2.248413070108003176e+00
-1.471313953792344975e+00
-1.536445255162259826e+00
4.893777542675390890e+00
-1.991998458694403951e-01
2.030125833490750153e+00
-9.750215432065196808e-01
8.038777826593257458e-01
-8.397729064459760195e-01
-2.472861026116643934e+00
-1.558250794557167751e-01
-4.702336588925206229e+00
4.543972359413096740e+00
-4.853209769711099852e-01
-7.671339549260842716e+00
5.391966839792502242e+00
-1.650676562224155930e-01
5.651498003535289527e+00
1.377806199137081578e+00
-3.851110903704482169e+00
6.160778066613659121e-02
-3.746368092096234115e+00
1.628176989746076941e+00
5.050808853452961600e+00
2.779927658601177853e-01
4.106858511477559759e+00
-5.597356369834116663e-02
-2.044976085256582365e-01
1.178762770052729891e+00
-7.695703032217551254e-01
-2.657471069555873200e+00
5.088704393114969804e+00
-1.761432757108105207e+00
-4.679179899793010300e+00
-1.326229843113637230e+00
6.294264656022452442e-01
-5.692098972784780386e-01
-1.542522837792173362e+00
2.504685358901051373e+00
-2.188347493928343823e+00
1.777469823947694039e+00
2.911417210631697117e+00
-4.028420601949123991e+00
1.558095108076059887e+00
2.371911304107916507e+00
1.281770364874290635e-01
-4.241028337535591497e+00
3.614920610683308055e+00
-1.593720488847768735e+00
-1.333589474437209432e+00
-9.999999999999998224e+00
9.514071063207385492e-01
6.236679314719484779e+00
3.076971782869701855e+00
1.338871746936817431e+00
3.501814250887209212e+00
-2.414422761589618105e+00
-4.530427622618944383e-01
4.690106154477042821e-01
-1.423216051012445860e+00
7.184264168088322577e+00
-2.525656643112213828e+00
5.127119094198196336e+00
-5.497896084344687573e+00
-3.198325803869563444e+00
-3.142703028034425472e+00
-1.191078821007767630e+00
-1.663656504211553866e+00
-5.963407580319838530e+00
2.345983654042882449e-02
-2.498788221890984040e+00
-5.006512566051798174e+00
-2.839395261016539607e+00
-2.845861235515845244e+00
-1.376709286505066743e+00
-4.333811619969900164e+00
1.352375152374849065e+00
-1.414046148774355416e+00
-1.930299376186239257e+00
2.261510320892327286e+00
-8.211577112417742796e-01
-8.098937704036387686e+00
-5.544688728007336920e+00
-4.195242320092358312e-01
-2.733014983548047283e+00
8.734845075321899799e+00
3.930594850014685449e+00
-7.892776506835357253e-01
-3.623638782853967122e+00
1.651775912519257261e+00
2.313870040875890766e+00
-9.831224092689648586e+00
1.885365846211012553e+00
4.322383958432872930e+00
5.023359675499882826e+00
2.420899783460619403e+00
-1.493487284508937307e+00
1.850386414232165322e+00
-1.012234296151440560e+00
2.729114445000160316e+00
3.618154409384894521e+00
4.467714488454086919e+00
3.013427953943942583e+00
2.784644739638103772e+00
6.012102476759437764e+00
3.314970367550714059e+00
-6.136957663620270509e+00
-2.478387744853421282e+00
4.812653248275250206e+00
5.356164925030849844e+00
4.621238904394209257e+00
-2.969896222262686791e+00
5.656164324053523984e+00
3.499170612490134502e+00
2.194797484552339029e+00
2.237667587030493621e+00
6.337230635927681988e-01
-2.915037573862885978e+00
1.513146098061536549e+00
-2.944203649100590070e+00
3.949545932408224047e+00
1.458781519651976666e+00
-3.345919563394092577e+00
2.220777617490881539e+00
-1.500050631595367889e+00
1.252631243100903902e+00
3.102888998221464689e+00
2.615891697273919902e+00
-1.318980372409022550e+00
4.368338542951644143e+00
-5.153822107407734165e+00
3.965207194764470700e+00
-3.696543853756607767e+00
-3.167533966257998657e+00
-2.095119836112344203e+00
5.008741165975470366e+00
4.640500131170227860e+00
-1.345349517254970095e-01
2.484714139409698319e+00
-1.350632408746342605e+00
-2.379110213391236073e+00
-3.969092684305365104e+00
3.593415941334612285e+00
-1.843435163110379804e+00
-4.688741277952490627e+00
1.404104808722150821e+00
-2.344601877972182891e+00
1.750207824463661410e+00
2.770972645437879578e+00
-4.288636764177225835e+00
-7.808149814311171610e-02
5.297208564894786420e+00
-3.325872181733236843e+00
2.348109729973725024e+00
-6.000077326765518748e+00
-2.890516694126699981e+00
4.167612608726846801e+00
-3.743482102569295478e-02
3.657722226134458410e+00
4.114207888434826543e-01
-8.156689590030712367e-01
-1.845632396568268163e+00
-4.938853765411495900e+00
-3.559427235939751633e+00
-3.740515602243065452e+00
-9.030194201554060385e-01
-1.176531537797643523e+00
-1.938031293921325116e+00
5.025565979819406337e+00
-1.273654931293206616e+00
-2.007109428897104308e+00
1.618469642450177659e+00
-5.257336921555815223e-01
-2.033031259975497385e+00
1.210412448089810411e+00
-8.247782173919762982e+00
-1.072856464902997686e+00
-1.278316115464235736e+00
-4.096682621606287711e+00
-3.925498785732557394e-01
-1.000114071082904843e+00
-3.441284482669502154e-01
1.372849860632834762e+00
1.378081193325249032e+00
2.880294484871182448e+00
4.109404361762969415e-01
2.666609432546522385e+00
4.618458741367511777e+00
4.817523471998796936e-01
-5.101669606592795780e+00
-4.977437119311888480e+00
-5.638205232848560122e+00
7.167006705076062190e-01
-3.211694646527172736e+00
-1.252493844374757970e+00
-3.465278685751703946e+00
-2.398075367896566057e+00
1.138220110606980029e+00
1.748376881473671318e+00
1.942745777878325697e+00
3.158128423182002820e+00
-1.537511671006164704e+00
2.180128925032605025e-01
2.440668589681846967e+00
1.477676564730895592e+00
-4.377440253001521064e+00
9.008713324429695746e-01
-1.918538235141319603e+00
-9.255671906873637056e-01
-7.741927549962279720e+00
5.697132187767870448e-01
2.338692680004550439e+00
3.194362778519529655e+00
-3.171702816831256655e-02
-3.636770697651293460e+00
-3.261072632896433454e+00
-6.343773233498321673e+00
-3.526898390493283131e+00
-7.849527030197300803e-01
-5.919731785960619774e+00
-3.074514041820879839e+00
1.226239371466080641e+00
-3.266011318569969291e+00
3.375891404259931505e+00
7.514452120029218918e+00
4.520691865927661368e+00
3.416742087592044896e+00
-3.678004266008039203e+00
-1.810192909533618888e-01
-2.994795833536656460e-01
-4.548761637733779395e+00
-2.326051966786939929e+00
1.719944587593699836e+00
8.013159896796082649e-01
-5.706748884868954264e+00
1.833321564466196207e+00
-5.722059753265931192e-01
3.223291531935220888e+00
-4.083637907524211741e+00
1.357750181245425125e-01
-3.800828648208531391e+00
-2.998172651060215799e-02
1.586496931651225850e+00
-6.061318249772904565e+00
-4.891615404556652891e-01
3.277840448883821978e-01
-8.795287454822098283e-01
-2.375021364190008200e+00
-2.934220020166620202e-01
3.853682310406817635e+00
-1.234477195767066604e+00
-2.333351527574889062e+00
-6.338123035569878994e+00
-3.051204748809192679e+00
2.798262240290005920e+00
2.691733222314347529e+00
-3.761015435876853275e+00
-4.460721272765160172e+00
-5.361970777095574903e-01
4.656292607937990269e+00
2.686509256419814307e+00
7.525259750089347222e+00
2.345058699944949865e+00
1.695376099155598837e-01
-4.752670394319675751e-01
-4.257517049857026947e+00
-4.134470595636983603e+00
4.025666679697756933e+00
-4.641960798836510804e-01
-1.767611404304233247e+00
-1.491842190821998315e+00
1.019085944764981377e+00
2.273347866190071898e-01
2.459169740216466948e-01
1.196745420813947192e-01
5.899954665263802411e-01
-4.278455425975231208e+00
4.357568542861161021e+00
2.286967122161975396e+00
-1.221006999443847718e-01
-2.442263160776933617e+00
4.910081599215816439e+00
-7.570616373112240893e+00
-2.702619383105822948e+00
2.518642086217326437e-02
1.227249942044403852e+00
1.392624068289494588e+00
-4.878617255467951885e+00
4.099961046312415647e+00
-6.107658460134809175e+00
-5.628255530811303586e+00
1.497758144904288713e+00
-1.564666190591125883e+00
2.252719206779588035e+00
-4.777751016651373916e+00
9.126321934111764733e+00
3.493191415523678955e+00
-1.319754143377947386e+00
-2.164529504882517941e+00
-8.361991553053325532e+00
-2.753439511963557962e+00
5.733003457827230420e-01
6.959584363444484723e+00
-4.305845134560133403e-01
-3.291827233153262533e+00
1.406799460317138539e-01
6.851717505874223235e+00
-7.022842902446662094e-01
-3.686808863671345193e+00
-3.416863037306291595e+00
4.074312250540426561e+00
-4.631618989289043142e+00
-7.131174895450195450e+00
-6.724459359547313220e+00
7.946872021720555068e+00
1.490026001466151939e+00
1.406066782267011206e+00
-2.652313868523744844e+00
7.415735135536483114e-01
-6.366340205803808772e-01
7.251465235238523377e-01
-6.987455909298628143e+00
-7.761692909373003602e-01
-1.029599727918668606e-01
2.302890062327751508e-01
-3.996387328337903000e+00
-5.281692928496092065e+00
-3.037108453796227181e+00
-1.932691219329107923e-02
-5.793911715076163205e-01
-7.176529706434742195e-01
-4.784805309469483348e+00
1.158927773440005637e+00
7.643151780388912186e+00
-4.879917850387029077e+00
-1.726981545433190490e-01
-2.124385739898388081e+00
2.877713562981359274e+00
1.619279220200002811e-01
5.674437156978749286e+00
-3.321298961895169377e+00
4.156729248590419701e+00
8.223425917576626887e+00
-8.530288563963443593e+00
-7.106701556649590579e+00
-2.540190858175678024e+00
4.508305167646550871e+00
-5.556305780940036243e-01
5.100708487911322919e+00
-4.129095299132935715e+00
-6.559107937183011217e+00
-3.694150590260038669e+00
-1.985137953243313547e+00
-1.375412969191032175e-01
-6.127313942652796719e+00
2.645842894438612092e+00
-5.575240158722376549e+00
-4.840260947842458528e+00
-4.876233476654324051e+00
2.768292619084334660e+00
-2.341778608462503186e+00
5.742872870385706818e+00
1.900607955503968327e+00
-2.452053917587413423e-01
-6.789116855164515130e+00
5.483325385106393668e+00
1.153923146288963864e+00
2.318795299250433928e+00
-3.914833465383066091e+00
7.852432970133133239e+00
-1.826440526158615185e+00
1.473973649430249111e-02
-1.181560858069218511e+00
-2.788254269545753061e+00
6.351929589182674363e-01
-5.265660009208438908e+00
6.168147271132362164e+00
4.416477262740292176e+00
-8.317090369349157797e+00
4.302393590805465351e+00
-1.717544673874336070e+00
-2.714607541671623103e+00
-1.358063797903204417e+00
1.413567993862018923e+00
6.268483477883592059e+00
-2.232929956947582895e+00
-9.977960276465669409e-01
3.745067261070211373e+00
-6.585533322095926678e-01
-1.457103970954866767e+00
1.156286884568080708e+00
-1.717306706872498978e+00
-1.660861382811729570e+00
2.572942593128466626e-01
-9.574228936258659672e-01
1.627222526154968207e+00
-1.344550456956794093e+00
-5.887230856694642966e+00
3.549477833166498897e+00
4.481908259057121313e+00
-1.488846359885810600e+00
4.619324843666561264e-01
5.754107970149281215e+00
-3.318424630152834176e+00
1.029741424042853737e-01
-1.872471346183731455e+00
5.636313709114110893e+00
-6.418634758437633536e-01
-3.382608971357271344e+00
-2.079100550098998745e+00
1.396705962691653369e+00
2.655703480013965390e+00
-6.332496125147173416e-01
-5.110344802829725808e+00
3.162210378544738631e+00
2.658923738731219899e+00
-6.597586838441316104e-02
2.262727829123127421e+00
3.310645942056503088e+00
-2.731316619868955797e+00
3.557816899820672063e+00
-2.057520808909316656e+00
-1.654871420426097473e+00
-2.744808608613541701e+00
1.075609329010511317e+00
-2.153786116584027965e+00
8.098672581185848429e+00
-1.785849808467931510e+00
6.939218414263081058e+00
-3.009195918182009599e+00
7.320029570076282965e+00
-5.768477778734037997e+00
-2.071278874713105012e+00
-1.127877514475954968e+00
3.321670587889926196e+00
5.877073063099265582e+00
2.778539928778407386e+00
-4.240198203715880965e+00
1.854565974276802365e+00
-7.364899672656544105e+00
-2.556769683623494771e+00
1.891647040234868626e+00
-3.611006904884757063e-01
-1.106722273979970694e+00
-3.619079895011886094e+00
2.029232402687807024e+00
4.341110191243480187e+00
4.813074329810365981e+00
-4.227517906007740578e-01
-6.507179345134893822e+00
-2.560609520562785235e+00
-8.034679737696031054e+00
4.968421520532242397e+00
-4.718590442728087808e+00
2.917235962579106001e+00
5.749763564742682576e+00
2.501198482044650007e+00
-3.513293338050628378e+00
-2.260426527472704450e+00
8.338857266271375579e-01
-5.616602150208152899e+00
-2.887183610350700036e+00
-4.737604057796787060e-01
9.538905996441204849e-01
-8.694916694383891809e-02
-9.090068882730975020e-01
-4.895026283948933354e-01
1.457272353979700341e+00
-4.107787130434807921e-01
2.851721014065180526e+00
-5.008976101669750491e+00
-1.809623157865425824e+00
-4.332808296932615377e-01
-5.342662017026924559e-01
4.949437773455134248e-01
3.371784089143696761e+00
1.322531269580458968e+00
4.146436343999301499e+00
1.028398860303829210e+00
1.796005498854650995e+00
-2.097728652785450620e+00
3.231080915744634297e+00
-3.083784076419089359e-01
4.040591121517657314e+00
4.807825943844701300e-01
4.869648394949752657e+00
1.259304396191613051e+00
3.483104655337807998e+00
-6.348339138361261291e+00
-1.066486653500257731e+00
3.580865853167560786e+00
-3.838929441481724325e+00
-4.406755322207978054e-02
1.766753788923800528e+00
-4.819122804708209529e+00
3.656566441964610448e-01
-7.801941987030147629e-02
-3.697692602526956307e-01
-4.684497098013764571e-01
-5.352524840325996180e+00
-3.775560471876755031e+00
1.731040353091227502e+00
1.444891639742989398e+00
2.935303539584712240e+00
4.897996053676427763e+00
1.191738360856664514e-01
-1.730500477009613292e+00
2.060005009385063701e+00
-4.977520486610571560e+00
-1.184945286804520492e+00
-5.300437414452442653e+00
2.584516405370525405e+00
-3.954148495218490211e+00
-7.605571329084622079e+00
-3.662594464970235109e+00
6.808133340461726135e-01
-4.865144496566840893e+00
3.491521082793354935e+00
1.289927081053949820e-01
5.336461088710775513e+00
7.375443290892413017e+00
-2.257431770796803683e+00
2.089108466700441369e+00
-2.501610990121323042e+00
-4.063406141194962018e+00
3.899402311054860348e-01
-1.538781440752076790e+00
2.001866416011834460e+00
2.307824623742105175e+00
2.012603563339553148e+00
-1.591533465077054288e+00
-4.352348928346854606e+00
2.301853725109650028e+00
-8.103625986999780650e-01
-2.037977194564177807e-02
-3.253478904221367429e+00
-5.539909937531467321e+00
-3.849574479326260956e-01
1.461784807124066887e+00
3.017672367325980431e+00
-4.606841379683894289e+00
1.947868509676258242e+00
-2.133370873668650525e+00
-5.541319216277129200e+00
-3.771719385520100332e-02
4.250460773312951801e+00
-4.351282009548683050e+00
1.413031540843762812e+00
-3.423631206113527448e+00
-3.431570086189108082e+00
-7.562203389742538917e-01
-4.234642432035959025e+00
2.617622599163020425e+00
7.785332012368808563e+00
-2.770477010214385416e+00
6.172721373428835534e-01
2.418655479600177571e+00
3.284090470228386849e+00
1.580072036142244229e+00
3.002563906310625086e+00
9.205029784370449164e+00
1.765312665075491338e-01
4.123070908609950180e+00
-1.848092072101920280e+00
7.985220982255615496e+00
5.761970029535653737e+00
4.825631262687428702e+00
-6.794742033966805650e+00
-4.827174035881901304e+00
8.629465133123570553e-01
2.145246390744439680e+00
-1.279154768028377021e+00
-3.600245091373542650e+00
-1.545520502476524172e+00
-3.496448855481126827e-02
1.798115610413013599e-01
1.931464016434363273e+00
4.138111222092684116e+00
-1.476796186414960133e+00
-2.416309767874240677e+00
-2.656671901414902059e+00
4.621659750772408870e+00
1.804994992479581839e+00
5.089003721690236404e+00
-1.278735189614721435e-02
1.413185558171274891e+00
-4.602566190199563145e+00
-2.288523728259345802e+00
-5.553792456010276268e+00
9.269021380694539403e+00
1.771585092105462778e+00
3.823497235984278930e+00
-6.518834748624385611e+00
9.811937092856464204e-01
4.342977406400230223e-01
-1.586342335829858285e+00
3.302565425583869896e+00
-8.273061990980572489e-01
1.266598725255791535e+00
3.333839536759377609e-01
1.551342036598137852e+00
3.273682687269445779e-01
-1.418911356127685153e+00
-2.102322525031806499e+00
-3.865435202594380115e+00
-6.242493984037976062e+00
-3.523993065673649561e+00
2.905004772920708689e+00
-4.907329593132012668e+00
2.224574837912784986e+00
6.010208320851567976e+00
-5.147218846936891801e+00
1.467469873002812619e+00
-2.676411152196611631e+00
-1.618391674203742525e+00
-1.715528900167255344e+00
6.285802704482826186e+00
-1.205802698513842586e+00
4.754961614257986469e-01
4.478597879970191542e+00
-3.859917514865609078e+00
2.257318859657242882e+00
-2.194109763364653354e+00
-4.660419121626782513e+00
-5.021325207248583666e+00
-1.067365647515980953e+00
-9.268264981498592903e-01
-7.886809916173155521e+00
-4.033199720164509117e+00
2.965039008868686210e-03
6.953196720633492589e+00
2.813218306450160355e-01
2.452432108506883424e+00
-1.275425458715591986e+00
4.942525900944183093e+00
-3.658741247828411147e+00
-1.766631112777153234e+00
-2.521778019808698090e+00
2.586297276604490492e+00
-1.540492523659509061e-04
-2.847131140753091927e-01
-1.046793100316515179e+00
-1.424100255833351980e+00
1.666476006337491711e+00
1.372648415271449096e-01
3.179364609179170742e+00
-4.095992863868787914e+00
-7.163643971073785366e-01
-6.743182532262535389e+00
5.210823173463145608e+00
-1.369780890715910360e+00
4.521749756388981467e+00
-3.693231560031328797e+00
-3.654054837192967753e+00
4.340938710111732490e+00
-2.311880463588293466e+00
-5.790469227525174567e+00
-4.347272202176617029e+00
3.591603467266914151e+00
-3.175881470132917883e+00
-6.276193479840195266e-01
-7.238059759163899543e-01
6.934930954757945187e-01
4.705910870783398536e-01
-3.474992907387171037e+00
-1.927992645798624949e+00
3.220708521095209775e+00
-1.455539582066636584e+00
2.532619408839382302e+00
3.731820129512870565e+00
-5.454468474321481963e+00
7.893806805250658698e+00
3.095918350359474047e+00
5.656137796021702968e-01
2.379453482335394554e+00
-2.663882562196394410e+00
-6.349641607621904882e+00
-2.261155661303710929e-01
5.528706282584842313e+00
-2.666648081103495826e+00
-2.435753645657806388e+00
-4.850656292690002758e+00
5.521218066609826280e+00
-2.596460890476437910e+00
-4.289385142559291708e+00
1.178138244146172298e+00
-6.655349923169950443e+00
1.414746337792694320e+00
-1.654912999714245103e+00
4.895071705974123333e+00
-1.074702276326229722e+00
-1.235447614279580719e+00
-5.554672384525053630e+00
7.532450880314620179e+00
-2.007926697096085178e+00
2.228217645565166549e+00
6.588478526988499340e-01
-3.678107691127787682e+00
-1.187841264743619618e+00
9.234797264070930822e-01
-1.499307412235307169e+00
4.679569580638689885e+00
7.023396669774243151e+00
-1.949420233011061043e+00
4.336342396641978070e+00
-1.052388751440103576e+00
6.794776922686409648e+00
-9.387271253698870055e-01
-4.951310716033358261e+00
7.512292392000610164e-01
-2.334765559864672824e+00
-4.376149821509281779e+00
-2.000056970726782346e+00
-3.414717270003659877e-01
1.421299824770805742e+00
-4.214026606927863128e-01
-2.066124156226467612e+00
-9.329555691315398747e-01
-3.466538640806236415e+00
1.133611680269989819e+00
6.131882754809957703e+00
4.316498716905982747e+00
-8.341910262100800111e-01
-3.577587321567903267e+00
-2.952677546453243984e+00
-9.991318899826495681e-01
1.128935880164728900e+00
-1.148175290108655489e+00
-1.557748242458165677e+00
2.073589542220300785e+00
3.769253071491807106e-01
2.547599033732680596e+00
1.781422676267126803e+00
5.046108341080419279e+00
7.530515379119702146e-01
5.212979269279394146e-01
1.573127294993206249e+00
7.215937610988135020e+00
-3.229632251622711614e+00
-4.064039622101174309e+00
-9.895910664774088872e+00
7.631039303759727943e-01
-4.229502150791475401e+00
9.419187228993891381e+00
2.665781173188335629e+00
-2.538856143140276522e+00
-2.706145034848327136e+00
-2.720639942381453125e-01
4.008213985550263203e+00
2.061632926785801345e-01
-6.858418476818044951e+00
-4.294564623881207410e-01
-5.415031298679671146e+00
-9.165673053268420745e+00
2.468679933095101475e+00
3.983565721151698824e+00
3.188096902471286853e-01
-4.478740533185683326e+00
-2.386694359820989320e+00
2.251899665048746613e-01
6.366780967066933528e+00
1.101359878377486723e+00
-4.876075783550261278e+00
3.308426070667280783e-03
-4.794123327828883063e+00
2.361014838092728496e+00
-1.827568488720972439e+00
-3.299130706055324325e+00
-6.826208645273190712e-02
3.201229575203248245e+00
2.963719591673143583e+00
2.511128190535607985e+00
3.563687558731274407e+00
-1.932907230130103571e+00
-6.676170391031988061e-02
1.422442168839035403e+00
-1.449330300865714349e+00
2.106433325215995467e+00
7.948228338312688379e-01
6.450293094625273227e+00
8.008916062281361548e-01
-1.536693430194681298e+00
-1.379933649584899058e-01
1.700776379457318299e+00
1.091124467015163191e-01
3.842186960404973206e+00
-5.030619396211317707e-01
-1.050903658754547720e+00
-5.286124536818929798e+00
5.956989497774927145e-01
1.293054195165765918e+00
2.515035308845064321e+00
3.640135607147648500e+00
3.114059230910939391e-01
6.732196963335628226e-01
-2.135833957956686291e+00
4.193346402908737502e-01
-8.544906628501003354e-01
-8.476975305730416466e-01
-7.658733875030180549e+00
-1.245085846755502601e+00
-1.186319538581095401e-01
-2.164422963832831392e+00
-2.751090944407623695e+00
-4.179589748456443488e+00
-2.934417339873457209e+00
-1.033621900920214998e+00
-5.312513166718806801e+00
3.846028389748328280e+00
2.133900029864877368e+00
-5.578628803505864653e+00
-1.313896322131217431e+00
3.642309387718507097e+00
1.744165204401010527e+00
-1.602810914034909828e+00
6.462210429101453713e-01
5.270665568445078719e+00
2.371317772252156786e+00
-1.011253951575232790e+00
3.240303719875278432e+00
6.283123092936406806e-01
-1.272601765190009004e+00
1.464334147035010858e+00
-2.285659284521170953e+00
2.984339912630955993e+00
-8.125654135262223576e-01
4.389625246705964656e+00
-5.078937579897543131e+00
-4.024315863360179435e+00
-3.459277259136718463e+00
6.947945075125279146e-01
3.258443077031490276e+00
2.269552825903849325e+00
-1.250040723591848035e+00
-3.671414686475012346e+00
-2.130502455231257031e+00
5.654335801785141058e+00
1.577666968916982881e+00
4.538324228889955236e+00
-2.114824053734263742e+00
-6.573308579877547686e+00
-1.803503666546417250e+00
-1.335290661739580997e-01
-1.512111421228304664e+00
-1.363851697905170468e+00
-2.281801402621784547e+00
3.233949395609926114e+00
-1.152022913754411348e+00
-5.408550070147033040e+00
-3.296588255233019460e+00
1.550332701848056161e-01
-6.601583375410822185e-01
-1.709672593701059284e+00
-1.817864070576156621e+00
-1.924090014876691512e+00
9.421817510766601345e-01
-6.326813669121662542e-01
6.069913189044250146e+00
2.060164256217788648e+00
-8.726124179508971679e-01
-3.541139929783527762e+00
-1.043451610427331033e+00
-5.097482385004373562e+00
-3.265757211894602996e+00
2.057183897623811930e+00
1.657109327838108825e+00
-2.396998029497342309e+00
-7.641265165576837326e+00
-1.287471654927198728e+00
-7.576492624561819156e-01
-3.685957238857607621e+00
7.352904182124149202e-01
-2.422667051227302970e+00
-3.144546907299333505e+00
6.009419572381492713e+00
-4.965692010300115200e+00
6.266134187670768796e-01
1.309007922569964677e-01
-8.155884064270697564e-01
-7.793026973816523650e-01
-3.470465474135706607e+00
-5.568249001469354198e-01
-1.517288122467128630e-01
-2.498150950226012412e+00
5.247584187059576522e+00
3.652024587536747191e+00
-1.238025647750919944e+00
6.302775156838855253e+00
-4.696278045180640959e+00
-8.560329568578932680e-01
-4.588007372448230647e+00
4.866572116795321534e+00
4.269033266560985140e+00
-6.625458263092926181e+00
-1.356330559891398835e+00
-1.968199164390931344e+00
-2.938787007804533502e+00
-7.489536142186619117e-01
4.164479921755841474e-01
4.830170556286388361e+00
-2.109680515702664572e+00
-1.364808323217562958e+00
1.032487133923643441e+00
9.878347431844680671e-02
-1.154579747152482128e+00
2.256990035125003402e+00
-7.247213426696177407e-01
2.311693482694998636e+00
4.770622974348469825e+00
-1.690869609175269517e-01
7.758991164375391492e+00
3.943531579144735844e+00
-4.240081725940836321e-01
1.175846949834458144e-01
-3.688017344351628424e-01
1.854402319605961580e+00
5.877120272926749323e+00
-3.980090474339554873e+00
-5.837406214332133914e+00
6.817425098529184879e+00
-3.320290470593079135e+00
-8.625782665869117238e-01
3.775400752396805615e+00
3.669116921880615223e+00
5.817264495763662779e+00
1.940576967475511339e-01
1.701675356293854691e+00
2.965415317573338427e+00
-6.876088549885771783e+00
-3.882650060336954034e+00
-3.784303705611977264e+00
-4.763034020310103145e+00
-1.910048494105215156e+00
-5.197196369509509140e-01
-2.656934618192508424e+00
1.263373993094166536e+00
1.723098010964093874e+00
-1.177070728088812857e+00
8.074485578433829858e-01
-8.009533414400635820e-01
-3.181299308212839350e-01
-2.262324501075086758e+00
3.079269287981322378e+00
-7.920939500987529414e-01
-3.361022052693291684e+00
5.584181347850947219e-01
4.845209939171832403e+00
2.552863961386178104e+00
3.179835053444698190e+00
1.481779208772064038e+00
2.573079315828705305e+00
-3.219785464526752072e+00
-3.477888849955473205e+00
6.104821569441387652e-01
5.606805889375900520e+00
4.198590457516086616e+00
6.700162095566625453e+00
-4.484104376095391586e+00
-5.853613472633547588e-01
5.267277503453071219e+00
-2.050130631584571539e+00
3.440604063289338654e-01
3.785940543867770458e+00
3.650350455671926397e+00
-5.074707210749799025e+00
3.023423716827839058e+00
-2.198360756626636991e+00
5.735784601014145778e+00
-1.260133461645210673e+00
3.957318823582227196e+00
-1.888453735076470963e+00
1.536616883192758465e+00
-3.845342622963734414e-01
5.007744883316211926e+00
-2.496050181512003974e-01
2.544110826809351522e-01
3.947061169206207865e+00
-1.366637517127571755e+00
2.543950752182023933e+00
-4.085000249096814251e+00
-2.714398765180087381e+00
1.324500960270349026e+00
2.367260179854858038e+00
-1.812068492699019373e-01
-1.949830203657176853e+00
1.941305535274622684e+00
-1.031157757944164644e+00
6.469881520822276855e+00
1.191002717981994863e+00
-1.199524283943430802e+00
3.371480339245454871e+00
9.744954503112701616e-01
-5.099072402275972138e+00
-6.956224739537702817e+00
3.055242547457790891e+00
2.775653915844797481e+00
2.387317455423104917e+00
-2.459147520771523432e+00
5.716712450416226332e+00
2.791735332820257653e+00
8.704223064397446308e+00
4.304045528422317801e-01
2.088625711498661275e+00
-5.965992496682819279e-01
4.204112825597013270e+00
3.721099159676999335e-01
-4.727335070925120064e+00
8.361168312091827204e+00
-2.774087042346443432e+00
3.427037058649592183e+00
3.668676909646856998e+00
1.515492435546967442e+00
5.656908641067040833e+00
7.595461776833733580e+00
-6.576231647374122247e-01
4.964858134777001553e+00
6.553213934825468101e-01
1.127435061428991858e+00
2.793611061845897581e-01
7.805653299403108036e-01
3.422553148879776685e+00
3.332920916630754959e-01
-1.518865506559755829e+00
3.247840391257255988e+00
-5.922878678936099206e+00
-7.061991739461783268e+00
-5.627209988498536042e+00
-8.895917791514218464e-01
3.447655071635228552e+00
2.915790591703363077e+00
5.550089164680700904e+00
-5.792333279734075191e+00
1.244908551213956827e-01
1.809510560173253069e+00
9.794277772587900444e-01
2.352290526897869327e+00
-2.955619684406260994e+00
4.142939391010711958e+00
-3.471309242359492231e+00
-2.973685708209103495e+00
-6.708455856589276678e+00
-9.436485156022573761e-01
-6.737753121496742992e+00
-6.842872912494080140e-02
-6.606314849051796223e+00
5.025639855361848873e+00
2.675294406143308379e+00
-4.903828984239593680e+00
2.070672590357352405e+00
-6.224794198993491179e+00
5.542983743120345252e+00
-3.582964532770755994e-01
2.594258794279163283e+00
-1.918309702864991806e+00
1.260251861733021173e+00
3.097698797567325357e+00
-2.326913252499878126e-01
1.244693622652146558e+00
3.524036819729342795e+00
6.809759392923702137e-01
-6.005488700477172870e-01
-3.933428124064555220e-01
1.708363007089976904e+00
-5.240976531841070596e-01
3.862178367698415826e+00
7.631142749309308471e+00
-7.511851953676202953e+00
-2.077634715782490815e+00
-8.409836919838671321e-01
8.841194626030315362e-01
-5.128488310934395500e+00
2.155159668622772529e+00
5.957072534209224557e-01
-2.248014673652583006e+00
-4.806482636008446718e-01
6.945239796871835125e+00
-2.943727797909112098e+00
1.040992679078332372e+00
7.948979274457489197e+00
-6.962429682754649463e-01
5.402597359248277442e+00
-6.260751975859656149e+00
-7.919538432162738673e+00
7.466200565359031316e-01
-2.993917699212316208e+00
-9.393881625160656057e-01
-5.844248487585660179e+00
5.298817210489200846e+00
2.820134405018757562e+00
6.704444214573612726e-02
4.561157420212587965e+00
-5.367079313925593453e-02
-3.118645440657637380e+00
-6.843117607550013304e-01
-3.935222289550353025e-01
-4.726086091117497112e+00
-2.827253624368499807e+00
-5.722227235886480301e+00
-1.298026912032435476e+00
3.407668204928000932e+00
3.824725353334121891e+00
1.811074684197084395e+00
3.996365619667585634e+00
-3.192492613188758099e+00
3.613405919592880267e+00
5.128440976530423967e-01
6.463758871630798097e-01
3.900376237828400150e+00
-2.653301157577852898e+00
7.730578100089712024e+00
8.066110714382212166e+00
-2.442468103956968228e+00
2.314917692346654121e+00
1.801958861175297244e+00
4.103122374216333412e+00
1.380233481799756134e+00
-1.211535081558510640e+00
5.059450391538010905e+00
-5.000405003722125485e+00
1.316283734606836120e+00
-1.652196119210474379e+00
-3.405690851251610418e+00
2.121062626328084733e+00
-8.686129493700500248e+00
7.416562473349603835e-01
4.434584297872401493e-01
5.642051129378057084e+00
5.432870513911041144e+00
-4.651432174767249350e+00
-1.376833269442975904e+00
-1.280575230394909170e-02
5.316865263990049328e+00
-3.053850504541337330e+00
-2.306067624558787443e+00
1.158756150293942966e+00
4.425551431111429679e-02
-4.410935595925062458e+00
-2.372605262346251465e+00
1.069584594505100128e+00
-4.730376089835157671e+00
-3.216861414334996283e+00
1.533064421477906336e+00
-3.451213249100621994e-01
-4.627739411414495407e-01
-3.053793033847052030e+00
-3.107577188803940516e+00
-1.747089633349451887e+00
-4.148820460418615852e+00
2.031730181625341913e-01
5.494615518417237610e+00
-2.338895112936938858e+00
4.685926612334583297e+00
6.352140386216682089e+00
-3.818083199388357940e+00
6.173645432963887458e+00
-1.056243880817788749e+00
-5.831202998399920290e-01
-1.333726934660688812e+00
-1.058440340846175332e+00
-4.954236528762614000e+00
-1.582558952701004884e+00
-8.124587299252521433e-01
5.197899399333604009e+00
4.023634305559987467e+00
-3.308477518998307332e+00
-2.532671472976684157e+00
-9.557035880207891410e-01
2.894270513218248908e+00
-2.174852246690647029e+00
1.417810753453739636e+00
1.998395367854460147e+00
4.032274890246245747e+00
6.572394050500275142e+00
1.202336143326940388e+00
4.410474844724117105e-01
-2.185380920109537328e+00
-1.720520859778371658e+00
-6.340009872957768522e+00
-1.958374182881872372e+00
3.874383401610128175e+00
2.908559783882324723e+00
2.220693399528414602e+00
3.103144711046009974e+00
-1.895896090594419547e+00
1.542319129765562735e+00
1.116087909379729126e+00
1.194621258353061322e+00
3.357182744458429013e+00
-3.771016933145321381e+00
-1.255042309039673398e+00
-3.498178978663814220e+00
-3.933873850951875362e+00
-2.619435379561436683e+00
-5.402700651824687839e-03
8.771149571565608483e-01
4.236755694525875526e-01
2.090680914014594549e+00
-1.107209159460662562e+00
3.555483645739773380e+00
4.771067984238399617e+00
4.320953728095954460e+00
4.133666365106808627e+00
4.275123117808004025e-01
-4.786559799752505562e+00
3.238864769956624201e-01
2.523592806840541769e+00
-9.913209625327503716e-01
-3.285666122404289347e+00
2.630960430944304207e+00
-3.599200897436583446e+00
-5.014695631533241382e+00
-4.496314775016632126e+00
2.537368125154690901e+00
-2.253367197524408283e+00
3.120060482477281738e+00
6.658168599155452227e+00
-4.173047448200176923e+00
-1.943747724433233515e+00
1.458452470385216415e+00
-8.245844962101287479e+00
-4.190089838479149620e-01
-7.586943172856024376e-01
-7.034528444631725108e+00
5.764599992812197371e+00
2.082401701098351765e+00
-3.221610600766311450e-03
-3.633545023493085502e+00
-7.265962664804124671e+00
5.586624736888680332e+00
-2.188359849018084446e-02
-5.017427815876692065e+00
-2.246429772165924987e+00
4.419680123741741795e+00
-2.696942143558409555e-01
-3.633856330107789745e-01
-2.681097255694661285e+00
1.783437634478506340e-01
-2.203209668148621070e+00
2.380438276965058719e+00
-7.328284723256075495e-01
-6.978253634908799796e-01
2.394786962850083967e-01
4.128634524275167195e+00
-1.412909421134889598e+00
-3.358721482897195187e+00
3.008119301921858835e-01
-7.347375056841976004e-01
5.408056896557873472e-01
3.771151145901230350e+00
6.544682962371215496e+00
-2.075242083117263547e+00
-1.030399720896458149e+00
4.031467728242274617e+00
-4.933232491361810190e+00
4.103634265772047485e+00
-4.960471455489248171e-01
5.957885047143861357e+00
2.418131757700852091e+00
5.620243799430708620e+00
6.281131632644086693e+00
5.085923213607962623e+00
-2.629043683319860492e+00
1.297666299697027625e+00
3.415123293676305849e+00
4.695652595480746427e+00
5.054563503805599822e+00
4.113705795359518191e+00
-3.846926708964159225e+00
4.893704805782796541e+00
-4.977981684352585923e+00
-3.852755356856402358e+00
-2.439139105400778718e+00
4.634461189285662641e+00
-2.836050017467007578e+00
-1.962160767057348210e-01
-2.007838801884230584e+00
5.465499172882125833e+00
-3.949617279439124218e+00
-7.522883297269747693e+00
-8.122974785331553704e-01
-9.844308942762580728e-01
-2.611789826743708964e+00
3.491014338531169159e+00
-1.633943330668449434e+00
2.041273404442566886e+00
-4.004400837440359240e+00
-3.730747137711498240e+00
-1.398707457972960810e-01
1.910906595449603174e+00
-4.127207434539603703e+00
-3.765809342639467872e-01
-5.036866563439024169e+00
-8.062225994986356170e-01
3.757536448345232927e+00
1.354408526145542524e+00
6.008299297869996280e+00
-3.372015849085487460e+00
1.395029459380507930e+00
-1.888184814207026108e+00
1.859695935006710599e+00
1.237752395376919168e+00
-1.676682039223820198e+00
-7.548022560922653668e-01
3.518666795276653048e+00
3.226328535885336635e+00
-2.334021586796239944e-01
-3.081086301899063074e-01
7.072907986704031202e-01
3.124166247257967655e+00
5.510285226402780623e+00
-6.707430721174299393e+00
4.852939585373547970e-01
1.041818799574498300e+00
4.949912089180394048e+00
-3.250034646869597310e-01
-6.700708473285416744e+00
2.085510803632402599e+00
-2.194419524010127631e+00
2.519188038417961906e+00
5.525803978086468504e+00
4.840070888750043210e+00
-1.441311175880340301e+00
-5.091392533500211037e+00
-5.680656958942453372e+00
-5.032599323619859177e+00
2.118195592275380790e+00
1.898376672700798906e+00
1.271026931434251495e+00
-1.402772773796414185e+00
-5.360692924637863399e+00
1.184450858417880781e+00
-1.418025070551241384e+00
-5.403164108743990113e+00
1.372960938797085362e-02
-2.214192674008879536e+00
3.765493716163366145e+00
3.750946855168644234e+00
-2.060610845291480864e+00
-3.034122905160208106e+00
2.995632520689767375e+00
4.926477428921501200e+00
-2.137384153135415410e+00
-3.787453446254239964e+00
-1.995689125239559658e+00
-1.856984702329352643e+00
-3.162468747243111444e+00
2.403264238884617043e-01
2.186257617802223052e+00
9.259574582631771023e-01
3.246393293566393723e+00
-2.858383110877108280e+00
2.443737963667963697e+00
3.421970318526918575e+00
4.694751081914352753e+00
-1.680110370810803389e+00
2.319010170148779082e+00
1.578504209260582769e+00
1.980775113372414964e+00
-4.183544762797084537e+00
-3.240565106460639555e+00
-2.932196830807455967e+00
1.111540277309428504e+00
-8.437629090457551939e+00
3.104157056801746251e-01
3.893671657843519540e+00
-3.260879641067580437e+00
8.232084276811409751e+00
3.056918707613398567e+00
-5.288329062147196780e+00
2.256276706558413281e-01
8.419663529154153281e-01
4.955673618494056853e+00
-2.214602444351505994e+00
1.088643357936513567e+00
1.660441186735138075e+00
4.946842864302229970e+00
7.958601126093963529e+00
-8.624629780762127496e-01
-3.008365002929501486e+00
-3.644099328815196159e+00
-4.172253054960544993e+00
-6.209357579852337494e+00
2.593399553463818563e+00
6.240899536286306670e+00
-8.126939073931787050e-01
-5.527440325329363802e+00
2.594298690091951798e+00
2.202598186183324813e+00
4.886125770210876240e+00
-2.328817324942026090e+00
-1.701870916489522045e+00
-7.969592032211499699e+00
-1.007873060538523546e+00
-1.984805801584011320e+00
-1.050490016960827333e+00
-4.454170316114625550e+00
-3.021015881929458580e+00
-1.989441831622674073e+00
-4.105561647518563007e-02
-3.739895372945367669e+00
-4.515464000505467368e+00
6.107841301966431047e+00
-4.745687611686472351e+00
2.825601758098486016e+00
-1.600252663142612164e+00
-3.687958827900613912e+00
1.664915233715857923e+00
-1.121463041785474957e+00
6.025438481749262110e+00
-5.604950348371822599e+00
7.385191339845921021e+00
-2.422658518902842673e-02
2.395426656446044689e+00
2.970042852377037690e+00
-9.484569356268757190e-02
5.758064488855893615e+00
-3.186711247104718758e+00
5.099111623396979098e+00
-9.782939258666694116e-01
2.721299683059701380e-01
4.901579706597720687e+00
8.492424143389740721e-01
2.485786435638104308e+00
4.657748085149302497e+00
4.486242485909805566e+00
1.007878043893541076e+00
-2.063618805643441689e+00
3.735667941040421880e+00
4.267025673696473120e+00
-1.346124701702004600e+00
2.339163369697841333e+00
-2.367288848470668228e+00
1.499816997991782586e+00
-8.363883455020090452e+00
-3.970257769834174333e+00
-2.044237706656764075e+00
-3.507001717009945452e+00
-1.626733646785103460e+00
-1.591966386635506936e+00
-3.929354360646213351e+00
9.897293291421149775e-02
5.781587169235216095e-01
5.142020950450469030e+00
5.917395311550695425e+00
3.852477146613267678e+00
3.388507974178114779e+00
5.220659534554243919e-01
-4.764056795736960837e+00
3.940209845551198242e+00
9.500515029356026986e-01
-1.121669129329962544e+00
1.069675597565611369e+00
5.729443421995608077e+00
5.345878753486406509e+00
-1.963524416630464842e+00
3.807864191083476513e+00
1.681494736624259190e+00
2.004815589365112061e+00
-2.801809426849145801e+00
7.378873250669066408e+00
6.386326897795754576e+00
-6.594094775241550188e+00
1.341879156092794290e+00
-2.311241085012087915e+00
4.846109630383272915e+00
-6.877265863229339971e+00
-1.453011362907004056e+00
1.828375972881747913e+00
3.426155815602820454e+00
-2.003795135707592046e+00
-1.186251305768347919e+00
-1.294177453238777531e+00
5.351091548509536722e-01
-1.056883158781168675e+00
1.276575156730741512e+00
5.318319590828579635e-01
1.923019937462687068e+00
9.939826062922520578e+00
5.389862424207878533e+00
-6.019449241973341636e+00
3.168675084460321756e+00
-3.092927833328216636e+00
4.202012405310942000e+00
4.007625803441502654e+00
4.294978669383411329e-01
3.684996904695729825e+00
-1.039225784450586332e+00
1.790083188457201047e+00
1.278711154622836688e+00
4.053197684370966059e+00
8.090286455029769286e-01
5.045596889309532429e+00
6.427053658243899292e+00
-1.908112546853992342e+00
2.637638904529520545e+00
2.541316206727000093e+00
1.875496415925644200e+00
8.088724682069958760e-02
2.370016418931575330e+00
-2.022716625720912376e+00
4.577223270770252483e+00
-1.786627823077342470e+00
-7.089891396531093903e-01
1.734896790924587151e-01
-3.823157336840314890e+00
-3.664163146854856556e+00
-8.447919578950351394e-01
1.363542852946679318e+00
-3.656068228193767311e+00
3.053830394759343037e+00
-6.644903944862987188e+00
3.886916217009293462e+00
2.326280134921805853e+00
-5.449765252610148103e+00
-6.504064344740925208e+00
-5.154942094446642642e+00
-2.086570952376550991e+00
6.163069753250518090e+00
3.583389958440967860e-01
4.174236343398771254e+00
1.202394835537354822e+00
1.844026891064810769e+00
-2.227582984339692374e+00
-2.301809008495520281e+00
-4.790207572518290213e+00
-5.402510570501850573e+00
5.755765827854339989e-01
-8.783710811110623240e-02
-8.100248653475965455e-01
1.060762546324570010e+00
-2.686960207193282990e+00
4.876865193535664389e+00
1.718578746409136215e-01
2.382778621955235820e+00
-3.782764262367695807e+00
8.643541726159895688e-01
-1.932383237603851001e+00
-1.435898366904650558e+00
-6.487539819177797540e+00
-6.461623513746723724e+00
-5.973730921642630420e-01
-2.338134358792071765e+00
-4.207490277291920933e+00
-5.510331646846752029e+00
8.818600561224716472e-01
7.091187070431708150e-01
-1.874500916947237528e+00
1.084351723941514578e+00
-7.092826850773334968e-01
3.111405435238603800e+00
7.562286092540766447e-01
-7.833599639908616297e+00
-3.118281398850957231e-01
1.040243737877782237e+00
-1.339627197525745217e+00
6.855069108619815665e-02
-6.201377374525733899e-01
-2.238790451259231595e+00
-1.900340240473687103e+00
2.751247676543185250e+00
2.448773037267555353e+00
8.520012680987107956e-01
2.193528961976774383e+00
-3.341402110116158397e+00
-2.410635852679250846e+00
2.177898558544608676e+00
5.210594785028121123e+00
-5.733303960702976099e+00
-4.142164813973371551e+00
-5.520033198326945723e-01
-1.318452385559096385e+00
-3.030895528606066591e+00
1.135656323369858001e+00
5.961269002572322506e-01
-4.933533547610196024e-01
6.013046835403372370e+00
4.614258786478471208e+00
-3.400109596162326220e+00
6.533618293178477643e+00
1.092950719082439903e+00
4.677912618163002634e+00
-3.175081937943295962e+00
1.189028008939516212e+00
-1.824820095540143683e+00
-9.899547677265179146e-01
-2.488436959645726532e+00
-2.618097899173951859e+00
-3.942493243485101218e+00
-2.066395026049199224e+00
3.929173153164082777e+00
2.198027904925821119e+00
-1.961367731926165092e+00
5.753939444182286422e+00
5.410107908592976855e+00
3.820840166406274108e-01
-9.318679940313270293e-01
6.806858252028913370e-01
2.229845541455814484e+00
-3.332098095250187519e+00
5.079830208997382357e+00
-5.094914995597572549e+00
1.489342514478483537e+00
2.675016406609920239e-01
-3.552162430012658412e+00
4.828640112642252902e+00
2.003987989591241359e+00
-8.144546577634450557e-01
-1.773564342293452611e+00
4.060435540860378723e+00
-6.103805470580918602e+00
1.007574146018644257e+00
-2.545189761630854974e+00
-5.512669804414259467e+00
4.126058050391259613e+00
3.361257686567562075e+00
2.674347242919633771e+00
8.091510979080993593e-01
-8.945684581829240756e-01
-2.283548371674488209e+00
3.129104893796750275e-01
-3.016853326558601722e+00
-4.062828851380777095e+00
5.613996042776850715e+00
2.110233462142875993e+00
2.789836830545946000e+00
4.667524560455209581e-01
-1.885086384469783383e+00
2.691752209653870409e-01
-3.785434544363397436e-02
1.516267399555692563e+00
5.355342773940474643e-01
4.631347136019940081e+00
1.093710059040349236e+00
-3.573015864005810727e+00
-4.508534097287810738e-01
3.086578474324696231e+00
3.026186375903883174e-01
-1.309640197631264158e+00
-7.300646102255132774e-01
-9.043572014002972281e+00
-4.868594633103154656e+00
9.501995098870708034e-01
-2.951214301271613216e+00
6.188717323150743965e+00
-3.332738244817353035e+00
-1.485997058690234240e+00
2.040044711073175421e+00
8.651047529313089512e-01
-4.280754207563069791e+00
1.486577483149007506e+00
-5.621540995290203568e+00
-7.059574156210393525e+00
-4.051663932216307273e-01
2.860264381487951368e+00
-2.604614101680819083e+00
-4.960485916133665185e+00
1.419519987716771681e+00
-2.590115173012286220e-01
4.038530968097010287e+00
-5.514047907153600825e+00
-8.159055471900664713e-01
3.140798800735989715e+00
-7.177058640765014097e+00
3.196077948940169833e+00
-1.251708285935645648e+00
6.186632618609984036e-01
2.099553913353542356e-01
-8.822447370668211164e+00
2.236506983099161516e+00
4.914138226526532094e-01
4.430101171517158321e+00
-9.326132199649883603e-02
-1.247925703192420244e+00
-9.173774466770520775e+00
-1.622407971370909863e+00
-6.258387442386840860e+00
2.646685332720712935e+00
1.605409036322093641e+00
2.372113783985589919e-01
-4.667748898324076912e+00
-6.999130596676121918e+00
-2.500646187391026842e-01
-1.844770630600008232e+00
-9.091277793608014690e-01
-3.773183958098023538e+00
3.528279499808508746e+00
-2.327800771413421899e-01
5.136142371930619177e+00
9.811103891678062183e+00
5.573533087599216174e-01
-9.810303450796524771e-01
1.316132721872032008e+00
-2.042855987449008204e+00
8.736726272789283598e-01
3.735937106078781156e+00
-2.602600657938445750e+00
-4.284370981165142034e+00
-3.803298780251189726e-01
-1.219148812347814470e-01
4.210684904279505147e+00
-1.490214362376821811e+00
1.151136246474047553e+00
-4.322523086130436454e+00
-2.761745516416700852e+00
2.741099674322931889e+00
4.641928728923854663e+00
5.058596275743090231e+00
-3.676577587484651133e+00
3.979553743927571219e+00
2.601380937371937208e+00
-4.917414250030310185e+00
-2.404398258277268496e+00
-9.948227253371726420e-01
-4.799459103574649887e+00
-6.990285691679241076e+00
-2.819392888944614484e+00
3.375535946274887067e+00
-1.372487111196036835e-01
6.884850588266626659e-01
5.946824091237985499e-01
-4.128243020170348387e+00
-2.464944541027357161e+00
1.463430570221714078e+00
-2.427343334434251432e+00
4.880280685189951839e+00
-8.242423911110012824e-01
7.954201727159158963e+00
7.586859209760543621e+00
1.611743823224818684e+00
-3.998367179585460285e+00
-2.913596978576098451e-01
4.751335099449134347e+00
4.163691205109120830e+00
-4.221408116859226567e-01
5.016414138588540794e+00
2.189089026735814514e+00
4.243408736082940891e+00
1.794656403148259471e+00
1.720333466272055745e+00
-2.762989353702467454e+00
4.251048785393294338e-01
-4.872033029323357134e+00
-1.140303387886007158e+00
-7.988412838373949221e+00
-2.599668631526100171e+00
-3.908785743048763806e-01
3.098666055070729897e+00
-1.355290939190410882e+00
3.154818829843058836e+00
4.669395640911899292e+00
-4.524687388556403178e+00
1.380021164492477581e+00
-1.156970723684329627e+00
-3.921820864407212781e-01
5.996795155507836483e+00
6.103628495341027360e+00
3.107013504228534728e+00
2.291241406235036138e+00
1.806742476072669135e+00
1.056164397112182129e+00
-2.153444493863243991e+00
3.119872239621535925e+00
3.423502018892587984e+00
-8.104065895087419591e+00
3.798293034077989461e+00
-1.776141917185514174e+00
-5.602638311512034619e+00
6.440062764718842203e+00
2.407115045602026271e-02
-5.954119644288589086e+00
3.561585326295997334e-01
-3.907827035773473234e+00
-5.014163460037080355e+00
-5.514844352752927392e+00
-1.769168606420821632e+00
-4.196778439256800830e+00
2.712413739464576423e-01
-9.888098853129694277e-01
2.601991819442304177e+00
-1.908379589983464797e+00
2.215872123676597027e+00
-3.329879289544502186e+00
1.987948096097166939e+00
3.674332885719604036e+00
-2.879146312136392716e+00
8.010417532020294828e+00
1.304708150041983927e+00
-1.327241645929470693e+00
5.462415765230188569e+00
-4.130522804502909651e-01
3.891446237343352266e-01
-2.687710093084582752e+00
3.981225504497222900e+00
4.744523194053515525e+00
6.796155613179877264e+00
1.756481328586190216e-01
5.692873255081087436e+00
-3.399988006265681761e+00
-7.668575069053993332e+00
4.425182776997260703e-02
-3.360256886193921488e+00
1.019612105966789528e+00
3.512948699712579170e+00
-2.014000140360153068e+00
3.210341759483537061e-01
-7.656858576253853244e-01
2.858441704444238951e-01
-6.864381133062167351e-01
3.903331937817736019e+00
-9.000982629923804268e+00
-3.326769391974604417e+00
-5.235981064217663850e+00
3.502722478390944971e+00
1.575972917720074307e+00
1.716174823200447008e-01
