-6.087929882035396645e-01
-8.898342065725719507e-01
1.281855226638450418e+00
1.499018626141332966e+00
-2.466966307972011663e-01
-1.949439658212752668e+00
-1.182145906577773076e+00
-9.651047951781785983e-01
-1.417715261445118724e+00
-5.909550343151668272e-01
1.136166969889313094e+00
6.474200854684886153e-01
-2.533248754673156355e-02
2.911778108642511853e+00
7.979163193172409407e-01
-1.047621499768112141e+00
-5.526919652436141916e-01
2.734726219091188071e-01
-1.617643836411946534e+00
-2.622618041754376961e+00
-4.238331043187129055e-01
5.808016944447480512e-01
-1.564913917254328268e+00
-1.182443052583039833e+00
3.274263318851042825e-01
7.403495229194820837e-01
-7.066881771910207277e-01
3.889301225092758330e-01
2.015745025355179187e+00
-4.550672303565566068e-01
-5.251040263966819666e-01
-3.239317262440097878e-01
-6.669097286184051399e-01
9.888762263198813685e-01
9.942554200903899186e-01
2.858183727657380047e+00
2.096549345631585126e+00
-1.781404291272234985e-01
2.342860058832885173e-01
1.352454535537654934e+00
-3.300653586434625364e+00
-4.308821045077682044e-02
-1.144863233995651264e+00
-1.928343922419394119e+00
-1.282850394495476110e-01
6.271095053490824967e-01
2.629229221270509065e+00
-1.087120703674242073e+00
-4.160683780758871464e-01
1.011514008535993270e+00
6.387996704374767631e-01
-1.449918342286358186e+00
4.930227647861906703e-01
-7.885202368204167200e-01
3.699228283878746026e-01
2.220336122670341084e-01
8.288305000293236802e-01
7.673949579143819477e-01
-1.302101917340146020e+00
8.494593834443779912e-01
-4.939576520088913014e-01
1.401718331202063794e+00
-1.400045353294359085e+00
-9.184288210123270346e-02
-9.821225344847697158e-01
-8.812242647585151190e-01
9.459766426411739815e-01
-5.901856788407897625e-01
-6.953582943475264955e-01
1.835827782826537913e+00
6.906055468851253210e-01
1.878330893647532918e-01
-2.212153680241559783e+00
-2.381075499335061352e-02
1.515635250370397813e+00
8.345785571169095363e-01
-1.769952406992076899e+00
-1.117359076248857441e+00
-9.184140855180480401e-01
-4.598542772855225280e-01
1.150401974818040074e+00
4.622536679525968140e-01
2.172341870950173615e+00
1.063638110931613312e+00
5.838285523509734176e-01
5.595547151347171067e-01
-8.502369596841230504e-02
7.437354172130383745e-02
-7.836208467045580051e-02
2.489799644467449724e-01
1.765687292070250436e-02
6.714075000776906776e-01
-9.804817807851184952e-01
2.547112170980278201e+00
6.521255179568932192e-01
-1.092028426658751883e+00
-1.431236038818374467e+00
-2.152033070151295746e-01
-3.285888017441251918e-02
1.897014736871247109e+00
-1.177349248669005810e+00
1.469088807454779655e+00
1.108297592569165602e+00
-3.351076848370313499e-01
-1.213699252683753116e-02
2.077057021315633634e-01
-1.048594073280237904e+00
7.337952809384642450e-01
1.921809563261889231e+00
-1.755596908644777798e+00
-2.052993147246819916e-01
-1.152267060303818091e+00
-6.019280509649931332e-01
-8.936503245152405128e-02
7.554959807946008965e-01
1.647780309637668417e+00
1.145729084212505633e+00
-8.856665757477450995e-01
1.214705470022573230e+00
-1.815818988501249009e+00
-3.750717652001318569e-01
-4.636909255641912253e-01
-2.285900984106890022e-01
2.170391076794686569e-02
4.000773097680951906e-01
1.330881803320012047e+00
1.229762990404625889e+00
1.144732054005088706e+00
3.320056247689029405e-01
1.442301294304789039e+00
-6.956599486746144478e-01
-1.221776661145026477e+00
3.714321059229952482e-02
2.212028836164616763e-01
-4.706966135664876205e-01
7.184014941754410799e-01
4.429242170687475166e-01
5.474441005597743271e-01
-1.533736432053023346e+00
-4.995488748318681616e-01
-4.148399847116586159e-01
-1.856953491065738149e-03
9.712787174609260887e-02
-2.775284255852641380e-01
2.237399571554505862e+00
2.062738214262243019e+00
-9.306536479522424798e-01
2.204131502462587378e-01
4.155879266872828381e-01
8.978350551152178838e-01
-2.969284354385328673e+00
-2.841007398230841474e-01
2.383272090968189261e-01
-1.958756550688620202e+00
-2.025933416023377731e-01
7.850542560798867697e-01
-9.789723254634470351e-01
-6.407661361934380295e-03
4.210745033783513946e-01
-1.963199755637539567e+00
-1.494057670351871980e+00
1.590812614517460588e-01
4.428145978918180958e-01
1.123419755652486529e+00
3.128132815466528882e-01
1.619171337467251170e+00
2.072503313264131286e+00
-1.159207664250732073e+00
-2.386754976455867094e-01
-1.199947000369970151e+00
-3.238084809656349705e-01
7.737603377387092252e-01
-3.599309615897032799e-01
4.703058082482813873e-01
-6.436130016422012545e-01
-9.440295262952709265e-01
-1.784950234531470503e+00
-3.801809384366432454e-01
3.534693904636876383e-01
1.427995845936180785e+00
9.682865937122553390e-01
9.249849526131503907e-01
4.050632313591249201e-01
9.710131841842244427e-01
1.532358715094526147e-01
6.354204570688368747e-01
1.576242040296227387e-01
2.699993115212615535e-01
2.186909643918273360e-01
-9.629344408419697743e-01
1.776290609458306413e+00
-3.664596607000527584e-01
-1.008502820091913943e+00
2.305772734149033276e+00
9.995141866893320071e-01
-2.310344325623674422e-01
7.811460328308781342e-01
2.035428545851711846e+00
-1.237382149326498038e+00
1.364110614571157676e+00
5.218101980460776446e-01
-1.723737841380163616e+00
-1.030773960608021511e+00
-1.798892628305734931e-01
5.162331980633627637e-01
-1.109996820848187404e+00
2.442446522748262794e-01
-8.582270569164132112e-01
8.825882840922547601e-01
-8.542765488241412797e-01
-1.464704640980788675e+00
-9.516778944263899476e-01
7.424682320782878264e-01
-3.045760551993135223e-01
1.751260398265172213e+00
1.313986767535533673e+00
-2.270062552758064456e+00
2.484719070931616258e+00
1.503323625106576245e-01
3.744244370794236332e-01
3.986409549211389347e-01
7.126449464470745454e-01
1.244562790353052506e+00
-1.272699581128304835e+00
2.020720561528621673e-01
-1.363416935832026500e+00
-1.715178130769903220e-01
-7.092308920759915480e-01
-4.088761012665997896e-01
-1.349081957581280911e+00
-6.495647673365922969e-01
-1.355161745153075969e+00
4.599647191021798420e-01
1.445887540753687972e+00
2.281716942688307270e+00
3.801609032032438051e-02
7.736116809623529988e-01
-1.080676235247388206e+00
9.672622031567454925e-01
-3.971063566802550682e-01
3.618643329508000051e-01
3.952751758024151130e-01
-1.112546023719509947e+00
-2.345353885707162078e-01
-6.864320061578093046e-01
-8.569510826281545590e-01
-5.005627144250075489e-01
-2.705155768870612931e-01
1.975248329002400993e+00
5.965213979504202513e-01
8.495989331568338798e-01
-2.439613996463805279e-01
9.518115427227620273e-01
2.700984394526395604e-01
2.052437316088550290e+00
1.164387420195209799e-01
-4.721956897133106068e-01
-2.425563822861982910e+00
2.458328846721116179e-01
1.472328837391199130e-01
-9.998867998418656811e-01
-1.243409260166967734e+00
-6.225429910111994758e-01
-4.828352269232469851e-01
1.282506519752204532e+00
-1.532646833260296049e-01
-2.183102431079611883e+00
-1.189519603668797387e+00
1.545882220488542735e+00
-2.414574461673302253e-01
5.396531280937235664e-01
1.060524228273266090e+00
-1.242105986648543325e+00
-7.328623309617858794e-01
1.934205757828244998e+00
-6.867567094856763532e-01
-1.666001347649174846e+00
-1.194608297081507509e+00
9.313491966159066493e-01
-2.058946005553385916e-01
1.690067248219993878e+00
-1.592104859943598072e+00
1.958380084329480297e+00
-3.836083187728371868e-01
6.701010154956517084e-01
1.251724489287652453e+00
7.610984778511786786e-01
1.055012928742998568e+00
1.169090167608041853e+00
-5.155487340593243317e-01
8.339692835817347216e-01
-2.856526598193296351e-01
-3.844396116557158294e-01
-7.088946998065246419e-01
1.096336868922183072e-01
1.740575566030813093e-01
-1.248764876733691409e+00
5.080809288506120680e-01
2.147577223624704601e+00
4.693994150500451212e-01
-4.050013547487116838e-01
-1.022677300845604265e+00
-1.185198550980890886e+00
1.175200255430146612e+00
-2.180614451519157893e+00
7.796652410049134119e-01
3.125475393762346954e-01
-1.571059493468031754e+00
1.138570845236119844e+00
-5.113672074730599704e-01
-9.329066548897202438e-03
-7.961489150457490283e-01
4.443795691788166025e-01
-8.060417531917227763e-01
1.634348172637832164e+00
-1.554204137866133539e+00
-8.270083444852227572e-01
1.164496244174579864e+00
-1.240547635749371214e+00
4.749135214643631642e-01
5.892990411762442093e-01
-9.355116892349535362e-02
-6.577715345666588220e-01
-1.284144761440969340e+00
-1.397482718710826077e+00
-7.592950072185544741e-02
-5.317724581030516262e-01
-3.732474186795267102e-01
-8.705072329047283120e-01
-8.815886505849226396e-01
-6.306058524482924810e-01
1.785071319605262552e+00
1.186693909901866739e+00
-1.568987705414149225e+00
-4.916144268048814325e-01
5.466553835341780854e-01
-1.722272101152381829e+00
-1.801813556927585935e+00
1.161422498314448326e+00
1.415323363779705801e-01
-1.377453755319722362e+00
1.474237379835187767e+00
2.796228994897214548e+00
-2.798607885422353725e+00
1.605651157243315197e-01
-5.087909964371126748e-01
-1.694506395460182446e+00
5.414821965737903753e-01
-2.143754212830852879e-01
1.022437412678156576e-01
1.465245235964998116e+00
-8.460167704559538038e-01
3.020055304785371320e+00
2.088376120613425257e+00
6.214072710365003971e-01
5.536099600067743154e-01
-1.897758766473256475e+00
1.008434681405800504e+00
-1.224731023940250907e-02
-8.837652282393184677e-01
-9.844944363500571782e-01
-1.797301063193013082e+00
-4.659222926019443989e-01
-7.617998946288846440e-01
-1.498220817811946937e+00
2.121963939712747660e+00
1.834430455128376991e+00
-3.547207563963281629e-01
-8.447177280513153974e-01
1.567056606197098745e+00
-1.302372889589520355e-02
6.000550291897948085e-01
-1.325342088961707354e+00
-3.359916808749172645e-01
-3.121110952734440502e-02
5.832423289595078941e-01
7.413628073119813422e-01
-5.952719295290087587e-02
2.159061764206075651e+00
2.564756714042402130e+00
-6.206556769806521601e-01
1.230053480448916048e-01
-2.529655889317687922e-01
-9.050801483024653038e-01
-7.496200302128128712e-01
-2.104176648924852344e+00
-1.468593531995043833e-01
1.558698055979387931e+00
-7.406730578615938754e-01
-3.171534072790755943e-01
9.336167007312656807e-02
-3.550346771504839793e-01
-1.730018459714237622e-01
2.924649820443780968e-01
-1.811044504764161012e+00
1.231110547581248937e-01
-2.316611199362110796e-01
3.331004421299770257e-01
-1.383411709705597570e+00
1.419183047865817393e+00
1.325904474537644262e+00
-2.359485186401135692e+00
-2.798686116652355782e+00
-9.999053716564407779e-01
1.159643786539086285e+00
8.873398166364898643e-01
6.770269402791608826e-01
-5.981362661742544162e-01
-8.124925133016240864e-01
7.764466993848362364e-02
1.632417948989592027e+00
7.994510339716764946e-02
-5.571779410000896604e-01
4.850355968072843638e-01
1.077867682793083759e+00
6.184595233308121109e-01
-1.210560335644517149e+00
-1.343540864733244078e+00
2.595561847436353986e-01
-1.021375556505152549e+00
-4.371888982737273111e-01
4.850948520281539444e-01
-5.179035971016983098e-01
2.088458403086059789e-01
1.991570545789560498e-01
1.186272666632701700e+00
-5.052703253950117102e-01
1.221049133429428224e+00
1.675742953458896345e+00
2.541379339083196243e+00
1.299530757952783944e+00
-1.647601906087174939e-01
-7.739612420063366471e-01
2.174568100249580915e+00
3.051992026200514019e-01
-2.699029953294594275e+00
-1.526923109279589852e+00
9.125041373950990575e-01
1.599724816569816355e-01
-2.506692576914582471e+00
-7.425488178839128039e-01
-1.891952219351242803e-01
1.579309593665372269e+00
-2.521708213922804198e+00
2.083738289110295128e+00
9.658481643960028507e-01
-9.106733150571431068e-01
2.593090969000748203e+00
1.011758644135749563e-01
-1.505674062331923135e+00
1.502030878058540075e+00
-1.617649029808196914e-01
-7.415163052808830813e-01
-1.491955183316227007e-01
7.369399820287148017e-01
5.420506859826961232e-01
3.004673605495330690e+00
-5.041273799307788295e-02
-1.564238460671034670e+00
7.496782480125663284e-02
-1.509619361136592453e+00
-9.399131596010006362e-01
-1.168396352865520349e+00
1.418977639873581609e+00
5.929488979863801745e-01
4.034837088799250182e-01
-8.136799717084386430e-02
1.570924242504463386e+00
-1.397164252762497227e+00
1.355798908645193812e+00
-8.049599165852860949e-01
2.700994033967063501e-01
-3.383722211247217615e-01
-5.688227393386631192e-01
2.059871775085968082e+00
-9.076097764782904420e-01
-1.254789475940154997e+00
-5.262689941799250093e-01
-5.713011688723517167e-01
1.062444845853623754e+00
1.643709948048838854e+00
-4.586418185047786977e-01
-1.128818494363877711e+00
2.300409542523452089e+00
2.630111317733145881e-01
5.987122919925447206e-02
-4.361846505263180518e-01
1.262689602924417898e+00
-1.791668307963290019e+00
-1.629171824253922818e+00
-1.459969689962456130e+00
-8.166359472624913352e-01
-5.610713688118202924e-01
6.180569801590660717e-01
-8.903855280576653541e-01
-1.843330511193279619e-01
-1.553635375785299644e+00
2.453739140468425006e-01
1.383097597115765964e+00
1.455012231802184530e+00
7.174093305690298905e-02
-5.957455029019307347e-01
6.057944742309135933e-01
-1.805285141835448748e+00
-3.457228496782791538e-01
-6.725188203736376380e-02
-1.922127760579217526e+00
-1.136711510600995290e+00
1.782094725524618894e-02
-7.710357733919872558e-01
-6.567417041569783009e-01
1.725039495354543817e+00
-1.236350139523922920e-01
