6.800590192955882074e-01
1.553627107010000508e+00
1.293610030240007980e+00
3.046576905250589107e+00
-7.865170588301158006e-01
-1.592908922221009771e+00
-2.411524635608795375e+00
-1.679327784215094432e+00
3.644990454817031988e-01
1.120765496712438747e+00
4.830255203232445282e-01
6.434685719294410688e-01
-1.005890207401037628e+00
-7.398361329562908040e-01
-3.018945713729639380e-01
-2.346897901195634795e+00
-8.612162334433222100e-01
3.071778696530893527e-01
1.243295935077899372e-01
-2.162701261854569346e+00
1.577811180514380851e+00
1.981409718575415368e+00
-1.097837948899240690e+00
-2.898027321340439499e-01
-7.941482933903944996e-01
-2.360601346454425098e-01
4.199719867932580897e-01
-1.765060362840089603e+00
6.826175110204593111e-01
-1.809431479538590182e-01
-6.932844853370720983e-01
1.907335470074798423e+00
1.443053794882680485e+00
1.221414232672126232e+00
-2.163618542485465479e+00
2.666206076522598778e+00
1.767352325211732911e+00
-9.336656383354409172e-01
2.097418472740402606e+00
1.463931712793041129e+00
-1.098171476143108283e+00
-2.143053043830978055e-01
-5.637961881833684075e-01
5.510409249827503686e-01
1.077004079536665770e+00
-2.863315102892469710e-01
-2.094268263322405232e-01
-2.989188038713219697e-01
2.598251886049585124e-01
4.191880758355033265e-01
-1.135400869014225211e+00
-1.560529868026701017e+00
1.104651741530044973e-01
-7.640652146454227633e-01
-1.197954498610567242e+00
-1.208400689902735525e+00
1.236217487642786494e+00
-2.142589854834969110e+00
-9.317621858243363420e-01
3.103536148328718269e-01
-1.546890596332423762e+00
9.352392545607024488e-02
1.736439293610415824e+00
-1.977621034471407135e+00
9.417668697515146903e-02
-7.218423864715166616e-01
1.041351045985912549e+00
-3.728614826414089478e-01
-3.335317852280264006e-01
7.661498817016498819e-01
2.253160611960608684e+00
1.106128191248469506e+00
-1.898398334948216970e+00
2.032347706665925458e+00
-5.070176971063879989e-01
1.442280850519340518e+00
-1.045350488725246052e+00
-1.922273273859161691e+00
1.548054403538198898e+00
1.586274351526583359e+00
8.749136564731818666e-01
-1.674098821545616289e+00
2.686673855608344041e+00
7.270361538874663410e-01
6.381639710237223539e-01
-2.622563746610879321e+00
1.487424736334243214e+00
2.160692943940372146e+00
-5.085343695352628757e-01
1.082464635455898438e+00
-2.650221618062174933e+00
1.693331525769973922e+00
8.716774902124226898e-01
-9.903538381276169034e-01
-1.986667419357831754e+00
-5.348709294481679422e-01
-1.839971059360145933e+00
4.416300602594347424e-03
-1.748054613707004989e+00
1.102477951738212170e-02
-1.331444841151721903e+00
4.063999841190382156e-01
-6.666483806728837891e-01
1.365049086822581970e+00
6.537019538008479458e-01
-2.933516372226740998e-02
4.668896059432645629e-01
7.649988914049510313e-01
2.555294036404838209e-01
3.486028560006912969e-01
-1.177423802028565003e+00
-2.926794093839175659e-01
-1.707748511662750879e+00
-1.198867564915114592e+00
-2.747561242988391772e+00
5.612390805494626989e-02
-7.738588122020253479e-01
2.018206660219741266e+00
2.730937476590542090e+00
-1.963885024422635794e-01
-1.597011279684296792e+00
-8.332695077599314715e-01
-1.096739266416485670e+00
-1.129235534264025453e+00
1.290159423761622293e+00
-1.341127072100818385e+00
2.242628548825857493e+00
-1.675192780531429282e+00
-2.519459885951443212e+00
-3.221671054393562272e-01
-6.163853695287411227e-01
-1.016057150953699750e+00
-2.006831697634074096e+00
2.677534506270532688e+00
-5.496923119457939322e-01
2.003211541055173406e+00
-9.365116472593513208e-01
1.927687120437648893e+00
-1.549445797898729271e+00
1.403994679380585531e+00
9.227600099600783423e-01
-9.552584751328287993e-01
9.330417708585709846e-01
1.255983464914692149e+00
6.082323116318022471e-01
1.373440069499007876e-01
-1.150531409083162870e+00
6.241973944247671824e-01
4.647376446982107723e-01
-2.781393600276302891e-01
-5.294440253890639880e-01
-2.640439462658403791e+00
5.656363680745641886e-01
-1.506983896039516324e+00
1.135282334901623891e+00
3.010715190701265698e+00
9.851893322647606865e-01
-7.606773893062452885e-01
1.351143300855344620e+00
5.856412666469177353e-01
-7.546856390477714172e-01
6.449692835697877769e-01
1.189112050153663169e+00
-2.885666119524863404e-01
9.590630496531327154e-01
1.650110609062540590e-01
2.196657320536230529e-01
6.874962246159057599e-01
9.679728510963343524e-01
3.094152640040572777e-01
6.913102234377541677e-01
-5.075551138005529594e-02
-9.419301059949924948e-01
-7.599255335166628100e-01
3.208421278000948007e+00
-1.848366030567847318e-01
5.575768874153750332e-01
2.182509461327595268e+00
-2.242150578108788039e-01
1.486046104435862603e+00
-1.616055303251058728e+00
-1.563016783131874199e+00
1.379396660726150969e-02
8.875501110338621658e-01
9.973319249855272517e-01
2.632671019642707222e-01
-1.933487979539415313e+00
-1.005434366203281193e+00
3.115138273022388660e-02
7.657282945891719095e-02
2.010872369070389354e+00
2.322892080704930251e-01
9.282771351660485948e-01
3.418805108979938723e-02
-9.390209113006786623e-02
-7.616246373939095093e-01
7.413028375149632865e-01
-4.693503469764257474e-01
-5.410433044773803601e-01
-3.787287621385271308e-01
-8.078310595349504908e-01
1.338083823454054411e+00
2.689404699066466620e-01
1.080777880328156471e+00
-1.130900756541557417e+00
-8.458237048660057766e-01
-2.503616984075503371e+00
-7.123729192931094190e-02
6.318394246062908337e-02
1.982368982500712917e-01
-1.373485712958082416e-01
6.214088866244580345e-01
1.260063776728159723e-02
1.659959335259747704e+00
8.549353811491888777e-01
6.303557042064351634e-01
2.833371064516896354e-01
-1.300633742545543203e+00
5.619393485714461178e-01
-4.160809991888552162e-01
-1.516249184176173159e+00
2.458404300048391278e-01
4.227431502019776133e-01
-2.108624401318021757e+00
-1.465087063521158139e+00
-1.364339052351088100e+00
1.223078131743223551e+00
2.513132315049659837e+00
-1.197073865596887110e+00
2.771933378202664500e-01
1.119920047716657763e+00
-9.628124197259468886e-01
1.905179413331400617e+00
-3.478816256403227669e-02
1.569409264032078255e+00
-8.675118641632888483e-01
1.303715447942053629e+00
-8.454287766960035810e-01
-7.329006213650774981e-01
-1.727386254486634520e+00
-4.606933472940699659e-02
1.365711682181730779e+00
1.516174959455501181e+00
-9.815801784274880148e-01
4.213314820355584800e-01
-6.696773342021078435e-01
1.922011749770966560e-01
5.318917100395736952e-02
1.947553420517004419e+00
9.744788024741355414e-01
1.877208225928384877e+00
2.430266706719024228e-01
-2.029422889377849870e-01
7.035864813368775117e-01
-1.605049501291766489e-02
2.461130393365031921e+00
-3.997545007327829580e-01
8.849122893103640308e-01
-1.690728868463789780e+00
4.296168751947160303e-01
6.001829341223485770e-01
-1.394933578607022717e+00
3.290920885386672268e-01
-2.499254275110274204e+00
-9.327447556483727809e-01
2.343573816693318435e-01
-1.878826738490363191e+00
-2.029336453074362723e+00
-3.425930714695493151e-01
-1.254507140905500862e-01
3.371836461771913207e-01
1.812522423176324615e+00
-1.570966089953698130e+00
-1.230761571915506281e-01
1.843808452826056765e+00
5.246999443470095059e-01
-2.536629510110775421e+00
-8.878825589611611946e-01
-9.942082532990248467e-01
1.299312137297556902e+00
-1.235914507962596609e+00
-2.512496268406646749e+00
6.789813350751146004e-01
-1.241560744899734559e+00
1.450772010215661822e+00
7.710384561274246096e-01
4.095190588044248514e-01
2.470794617435529972e+00
1.017364490121667409e+00
2.874714552034340898e-01
1.447659617551533273e-01
2.390623413504675554e-01
-6.155476689092971299e-01
-6.929635759107579673e-01
-4.627739565927129206e-01
8.371024095357419981e-01
-1.734291236277783810e+00
-3.622108741250915642e-01
-6.797081039580623596e-01
2.339794571463393424e+00
3.684511776588177412e-01
1.401296815708864330e+00
-3.464161630222086785e-01
3.005849339269651921e+00
-1.502691387292598435e+00
6.830316949788395320e-01
4.532105619549620101e-01
-1.662258921311989823e-01
-3.286925770488053899e-01
-6.266922526514973057e-01
-6.750093314323111215e-01
-2.418648191058888841e+00
-1.428464918521064053e+00
-1.129109302271080750e+00
3.463094981490256075e+00
1.963515480587174622e-01
1.867253453185362844e+00
-3.566593815725820349e-01
-2.909867835794681667e-01
1.531590378514968265e+00
-4.003327131570770803e-01
-4.504610420141146321e-01
9.933407374437237536e-01
2.978479969100096270e-01
-2.221314542295776295e+00
2.762276448316651312e+00
-4.609271562905785657e-01
-2.541774863771872006e+00
4.393989573470591381e-01
8.128683782712275985e-01
1.475941660138655465e-01
1.490939502873951383e+00
-1.535064958534906765e+00
2.333349337692052217e-01
1.073169609954440773e+00
2.151726777890379694e+00
-7.540077330989447546e-02
-9.271473927092337419e-01
1.246697515121518052e+00
-7.392559716540940684e-01
2.617950166240508025e-01
1.418493711011611147e+00
1.655536106997928414e+00
-9.577673551625824899e-01
4.127554042588821304e-01
-1.411413715348509790e+00
9.089396754850032067e-01
-1.466805340807574964e+00
1.167782176182262432e+00
4.173906266929865438e-01
6.179018825039328533e-01
-1.173668879581542424e+00
1.089902807871875545e+00
-1.331125764844037107e+00
6.584470325551086134e-01
1.249043737081141359e+00
1.817510883879873695e+00
7.201995059714194625e-01
-1.107292566918767207e+00
1.320579636876678009e+00
1.407556673091616695e+00
7.490806075892990634e-01
9.086673448147051246e-01
9.618143318485063986e-01
8.777271088470914862e-01
4.860478395463303514e-01
4.773286121309343599e-01
1.319059935849318244e+00
-7.342352344801463815e-01
-1.811627530143484321e+00
1.103012565401328082e+00
-2.324516616387554802e+00
-1.364092937209313572e+00
8.469445564395883252e-02
3.484427050534932846e-02
5.267571375278805590e-01
1.307198246216411341e+00
3.983426607305933231e-01
1.281382443713018127e+00
1.535830618418856375e+00
-1.424877538601929672e-01
1.524183284243729730e+00
-1.371160915731808316e-01
-5.025585831578007756e-01
-1.745334791337393998e+00
-5.479862618954021158e-01
7.936489795743746356e-01
7.283366749541988483e-01
-2.678835494574816067e-02
-3.724695440868410756e-01
1.224488613774180834e+00
-1.716447757768175819e-01
-1.188066664847355014e+00
2.075065807911169458e-01
-1.994420301082286517e+00
-2.485997100416961203e-01
-8.895339950733944789e-01
-1.133510737100969834e+00
-2.404692676636939197e-01
8.087095080252897361e-01
1.223854106411256026e+00
-1.060816144951364670e+00
6.569672233475678524e-01
-2.327243446412730066e-01
1.064411726923164991e+00
-1.771540199376233637e+00
-2.694417440810858988e+00
-9.606432793439818596e-01
1.553937072606286662e+00
-8.457827587891095789e-01
1.604676124632642420e+00
-1.344137924039521703e+00
1.417986610530608260e-02
-4.707655670095114431e-01
2.826689706676588365e+00
5.921829223969314882e-01
2.973369797017948457e-01
4.510147396108816764e-01
5.417742070205244787e-01
1.068018837999979098e+00
1.185412272920061127e-02
1.164636709238655143e+00
-7.354637824506253807e-01
1.723828708653025288e+00
-1.847291602747347383e-02
2.778447678790048059e-01
9.007961360979361842e-01
1.628303152825999689e+00
-1.482343850563852428e+00
8.135811417452609717e-01
-1.289372501272488591e+00
8.322032124805947007e-01
-8.211169318255713279e-01
-1.322083838496034502e+00
1.248959829663310650e+00
1.536909923002562905e-01
7.106773629847893403e-01
-2.801985410886702610e-01
-1.402879597079702556e+00
9.328400171519959372e-01
-2.585994804652807844e+00
-5.252491456697478966e-01
-1.908500006757682943e+00
-1.955753832336821318e+00
-7.695049348691993529e-01
-9.877661704283937638e-01
-2.017010091645712322e-01
1.162878192243113062e-01
1.429405609721614567e-01
-1.649388898607952569e+00
1.399542648376472798e+00
-1.869460463234871028e-01
-1.968550469865117947e-01
-2.915686238012540343e-01
2.241569080434420158e+00
4.471103996001533076e-01
2.427734565459456206e+00
-3.286810803497298039e+00
5.705535531434291485e-01
2.053005700647558385e+00
-1.911065756827658557e+00
-2.287655146925118288e-01
-5.241861439386807930e-01
-1.187520118127093127e+00
-5.245175577614791251e-01
1.507017499312489406e+00
-2.631664143245637799e+00
-1.321715377098123589e+00
-1.528037592880991724e+00
9.919407572916938420e-02
2.527532473963070458e+00
-6.004303893931233205e-01
-1.159709437717273417e+00
-1.350048471895757274e-01
7.954820071164796502e-01
-1.254619133379332840e+00
1.194942877100270806e+00
5.616771645500220345e-01
-2.434045844730759356e+00
1.395092151907850742e+00
2.323507474515427162e-01
2.120020745499022752e+00
-1.455909200732499631e+00
2.431177774992717033e+00
2.229955791686998978e+00
1.312573365476322529e+00
2.483038915752755926e+00
3.305746056478042760e-01
4.626746465331486036e-01
1.678215082358690324e+00
-9.009912036690899129e-01
1.170993899955764306e+00
6.814690941568670723e-01
-1.127549005581527819e+00
1.431433304441718235e+00
-5.059483115753966587e-01
-6.823299958510000707e-01
1.490721777674699489e+00
-7.406675722691629105e-01
-1.246221010616208602e-01
-1.118902909594649664e+00
6.671451073743552840e-01
-8.137714136974372181e-01
-2.669460083595965649e+00
-1.745826552307055302e+00
1.279971204711386257e+00
-1.711891369047612965e+00
-2.791442906692527259e+00
2.140201049558834612e+00
1.461268380260145605e+00
-3.031498208865945898e-01
-1.941633473446726654e-01
2.629392975789111020e-01
