-7.183946662580602549e-01
-6.032039255971701763e-01
-5.454118288838349926e-01
1.885222286835341876e-01
-2.514095092827686173e-01
-4.459139922018469093e-01
4.005820696160036221e-01
9.848644688272880643e-01
4.826601987635816826e-01
-1.578724094290475666e+00
-8.541699028546387851e-01
-1.101619370119383934e+00
-1.910070499489976648e+00
-7.798596595240701035e-01
-9.280960950246406327e-01
4.303232051902607935e-01
2.315303163948582821e+00
-7.453254640423354616e-01
-5.706514817405228257e-01
7.482931950309668068e-01
-5.519359187704155900e-01
-5.250766820737737817e-01
1.527023065460361373e+00
9.605364988698354978e-01
5.467081890145646383e-01
-9.625301900678522316e-01
-1.211087283217411326e-01
7.054524384002487380e-01
-1.507405215902132944e+00
1.015676171733624678e+00
-5.632460976847442069e-01
4.917042261045754259e-01
-3.798166838978502824e-01
-3.673384333658624712e-01
-1.575086508757249426e+00
-2.582559902312011602e-01
-1.263243381145300326e+00
1.491179116405128013e-01
1.634225161409106342e+00
-4.742084887720743325e-02
4.040697211817079193e-01
2.336783926896615071e-01
4.879057402348694339e-01
1.418116779763090918e+00
7.342316868212552805e-01
-4.164025245835798472e-01
-1.158408737128425514e+00
1.352704039774001998e-01
-1.943691183876901540e+00
-2.056973162534356803e-01
-1.247128230520822001e+00
-3.721104913616644083e-01
-7.219628163434581580e-01
7.070850781352557846e-01
-5.133285694701310575e-01
-8.590234096228783756e-01
-1.954387978547140747e+00
1.362893728290881512e-02
8.382284817276772770e-01
8.639012941702519655e-01
-1.183364371314780783e+00
-1.530965492892696567e+00
6.268308596654428300e-01
-1.361047110816899330e+00
1.556868358675069786e-01
4.854218668287995087e-01
-5.275836511916986993e-01
2.502458198406927181e-01
-1.562965316314561814e+00
-1.719954584210983128e-01
-6.831472022100042452e-01
-8.171814597415671955e-01
-1.755332733846612925e-01
-1.065074295809741223e+00
-5.541266999028051643e-01
-1.431386353695360825e-01
-6.634642678729285592e-02
-1.391456565857458472e+00
7.569311627405994614e-02
3.622815876887433006e-01
-5.447340912919891309e-01
2.557623088147931156e-01
-3.832673092308960250e-01
8.864593455932272548e-01
-3.703565361590319682e-01
1.295510767717197531e+00
8.309235231529044086e-01
1.987885475777586564e-01
5.941699764106314063e-01
-3.947805484049879965e-01
-6.988041212714914963e-01
1.480408112707252144e-01
9.141389721794741519e-01
-1.185075388245108385e+00
-1.236511613445952840e+00
8.961375731366594266e-02
9.038767152222320078e-01
2.598098243460720269e-01
-4.064695941856193429e-01
-3.724192920292743736e-01
4.876811829651641617e-01
1.160816440263676697e+00
-9.164800053587836004e-01
3.670773720555020603e-01
4.870272856152908503e-01
-6.846296523546167023e-01
1.136130255845135828e+00
1.369077650325392526e+00
1.461457731641509383e+00
1.808986809064990986e+00
1.030231668264995903e-01
1.232684693343242266e+00
-4.640479759302635898e-01
1.469832596618463327e-01
2.997344309840528354e-01
-1.538423396851964498e-01
-5.682525659519983563e-01
3.268184444554842472e-01
-1.622578982579403473e-01
-5.417139497751390920e-01
7.055571674347316247e-01
2.197244059343264055e-01
8.503554901749676986e-01
5.342971034626842197e-01
1.374244843791574411e-01
-1.606331420421388323e+00
-2.776056843958478737e-01
-1.573747342915163827e-01
4.034150783585452871e-01
-7.520250263504379973e-01
-7.807648908698174850e-01
1.652783227524726506e+00
-1.345718839891766549e+00
1.500449259057774043e+00
1.539397205160391024e-01
-1.378421861784950408e+00
-2.627102268322198952e-01
9.728757788649202709e-01
-4.827382310596304293e-01
2.553922210034951235e-01
-4.074648160462368551e-01
-2.012942192360753779e-01
9.403403599155790715e-01
5.506700246396301068e-01
-8.278701612412344701e-01
-1.968812127642474152e-01
-2.813922166463358465e-01
-1.952506276094805315e-01
-4.706103399687648903e-01
-1.594529995103041831e+00
4.476986536588123400e-01
1.297854118550345603e+00
-1.219784462210064646e+00
-1.006794525916859140e+00
6.866763324766225196e-01
-8.937402644363467985e-01
-4.910106856567706402e-01
8.153590474144598588e-01
-7.046169998617930474e-01
1.777173184670704842e+00
1.731685046728861366e-01
-6.998226126063658015e-01
1.608875237038994044e+00
-2.302226487067660088e-01
9.961627862848212445e-01
-8.748939408216394042e-01
-2.633284557746833343e-01
-9.468884398085464227e-03
5.668893989125844968e-02
-7.642413012109550152e-02
1.340209979572129839e+00
-2.136163892234504313e+00
3.435303057925542802e-01
2.276128082307238287e-01
2.149321930624169319e+00
-2.208535837996876694e-01
-1.040118498801844815e+00
1.817342632393478041e+00
-3.895478444882023439e-01
-1.765341055787578384e+00
-5.339553279311992640e-02
-9.735062664504834373e-01
-3.277648344752481790e-02
1.159181256265501503e+00
1.171721439091538919e+00
-1.804099976593418475e-01
-2.548327778210399686e-01
-3.644187047082940722e-01
2.277648831590459721e-01
1.173309146724699659e+00
1.055258320040886488e+00
1.790694854225725052e+00
2.692057437335071413e-01
-7.282676288067868597e-02
-4.923091047038070656e-01
8.079869926233538280e-01
-9.389307003891200765e-01
-6.759263828147101805e-01
-4.205660517826981248e-02
-2.054811056939422897e-01
1.650358603300574600e-01
-6.509254215436239832e-01
1.494177271099610849e+00
-7.904443107754328679e-01
-9.255571847400920760e-01
-2.163583075417445656e-01
-1.381464551496234261e+00
3.901908435986829460e-01
-2.923504982200286761e-01
-1.082216912545642451e+00
8.823661310780366307e-01
5.110614158157407161e-01
1.082773985217810875e-01
1.139501042825131982e+00
-8.475975163109730204e-01
-4.742328183346753434e-01
1.830331994739182733e-01
-1.797099551071233314e+00
-1.455786148376812861e+00
-1.524042232518433515e+00
2.314944625985582149e-02
4.545429932726197109e-01
-8.737882999969990294e-01
-6.163257126018031329e-01
-1.247086764761280442e+00
1.136987057047741168e+00
-2.211330847123038623e-01
1.119059353362366060e+00
-1.249221681454659727e+00
2.524504081121835775e+00
-2.074024005904346879e-01
4.294782988621594910e-01
-4.052792888594005660e-01
1.467066975635093584e+00
-1.206563641058804759e+00
-1.021936240487999914e+00
1.971857907155381895e+00
-8.206721381889297007e-01
7.847754174751031542e-02
-1.437186283449622959e+00
-4.549651429425711768e-01
4.453488572541424162e-01
1.072669702742166109e-01
-5.800201675026590564e-01
2.214148784059668529e-01
-1.166102776104978478e+00
-2.944432177719775723e-01
1.575632688027869932e+00
-7.459278151465582596e-01
1.554733236677314778e+00
-8.170442713992134287e-01
-5.686119641393450053e-02
-4.172308186148940834e-01
-1.684793324745097465e+00
-9.273614868864292760e-01
3.935339316250283659e-01
1.404836382983245535e+00
2.056146656584422416e+00
7.610905727387429209e-01
-9.436883449199493512e-01
-2.827399518328190808e-01
-7.944284512828110323e-01
3.823567561192735553e-01
5.538221136557366364e-01
-1.336337532089390656e+00
-1.478007537128372739e+00
4.072127764467836641e-02
8.159672868441862903e-01
-6.215406579551601141e-01
-2.820792943636529770e-01
2.721098244338975292e-01
6.016910182331711709e-01
-5.134076216512015733e-01
8.205908895216875720e-01
1.615113133943086865e-01
1.480642714427027329e-01
-2.675817364549510913e-01
7.867546790347637042e-01
-9.125598187150654184e-01
-1.577934878604493107e+00
-5.026316827207644167e-01
1.374507145970671473e-02
5.245520680526514212e-01
5.700341662993917424e-01
1.167121971530631797e+00
-7.035871725006783706e-01
4.725994399589410477e-01
-2.159628149829782018e-01
-1.020429003007321977e+00
-1.486912560653510518e+00
-4.799373983861041637e-01
3.357833023429703800e-01
-1.629273219753758717e+00
7.731356370563418068e-01
-1.187094221745093048e+00
-7.942915210992840258e-02
3.156037827079680724e-01
-1.496399992689728009e+00
-4.632078249436357709e-01
9.249961583758476991e-01
-6.999460813825226779e-01
9.853629490570439131e-01
-1.459719703578965522e-01
1.278013567817861684e-01
8.374290577665410851e-01
-1.477870444523801119e+00
2.406065657085934006e-01
2.212314082395971937e-01
3.771563031218505557e-04
7.973657918637044872e-01
1.134666383679006074e+00
6.573631049087991229e-01
-8.505317931835492118e-01
-4.513623124402013076e-01
1.075533761413668188e+00
-8.757399210552074820e-01
-1.921375389064454708e-01
-7.761261107865760067e-01
-7.878959715308742062e-02
6.271045121602742967e-01
-6.635947967303401640e-02
2.745281281048939093e-01
-6.733677586951003491e-01
1.995048851962999414e+00
-1.279871639101659131e+00
7.936471599836938395e-01
-1.840841231926679811e-01
-2.907841937805875077e-01
2.401305881528195130e-01
9.863744682704052025e-01
-2.592106488623882043e-01
-7.806999727594812200e-01
-5.645343328950627182e-01
6.617301406475597503e-01
3.257849731870710031e-01
2.490179539805135178e-01
5.636255547490964801e-01
-1.641475565275030135e-01
-1.420183654330894996e+00
1.122997846583340120e+00
1.496444419602701359e+00
-1.794589367401017377e+00
-6.083434261861135894e-01
1.386233019529027111e+00
1.105156033177983055e+00
-2.139528685929468210e-01
-1.255926137375986684e-01
-4.991240126786191666e-01
-1.421247316893933910e+00
-2.451169763508360688e-01
-7.308432512970650663e-01
-3.781292908013886844e-01
-2.706184771043194992e+00
-3.571795814934644042e-01
4.702153976359202403e-02
3.585887019331153169e-01
1.019042255154892551e+00
2.985301059638736376e-01
-1.043383357052793503e+00
-3.956978118765697161e-01
6.841937987946069555e-01
6.405144712138852725e-01
1.076756457927366739e+00
-3.428082591848564675e-01
2.175141502459618792e-01
-2.758501116921561191e-01
-7.987606429445532896e-01
3.389270889445992196e-01
1.284309039018614484e+00
-1.792333090012054875e+00
2.059825335444456229e+00
-7.705041987825014260e-01
-4.464711333322339826e-01
2.542185533310883372e-01
-1.722453409752381148e+00
1.140357107976845086e+00
-1.405716447686424342e+00
6.506948327024186796e-01
-7.394420405724266843e-01
8.753193636922951271e-02
-5.522561290535579204e-01
7.080002561509610715e-01
-8.421392061885484281e-01
5.255343045651095224e-02
-2.457567936187494695e-01
-5.621683122491205609e-02
5.853162985803450624e-01
-1.166654101273521427e+00
2.084276894847905126e-01
2.449430935608348570e+00
1.028976474415774334e+00
1.440445685130820053e+00
-2.016901289707995204e-03
-7.119498385781870553e-01
-4.737828479204164722e-01
-5.000093957061055860e-01
-1.573774136796890488e-01
-2.622769421648705190e-01
1.842376714768123591e-01
1.348809029918629498e+00
-2.493641128138381902e-01
-4.028273314238974834e-01
7.134117897443212897e-01
-2.448616121305082771e-01
-7.155711307019272382e-01
7.719244318059415022e-01
-5.752576148123509370e-01
1.066855861536354588e+00
1.667329060544152419e+00
-1.678699940483558972e+00
-7.819481293572927427e-01
-1.046807930823661081e+00
1.112227920370898460e+00
3.085384786046727612e-01
-9.721102979054565552e-01
-2.123520771159620679e+00
5.347459576375621637e-01
8.232882547218807190e-01
-4.606714624089294219e-01
3.990854659224387646e-01
-6.647581797876744858e-01
-5.160755680984365767e-01
-6.371441682317033894e-01
1.202644373168181069e+00
-4.005651928676368101e-02
-1.380336844403987406e+00
8.033303138256231435e-01
-7.032582489476535414e-02
-1.743410503474351891e+00
4.057597559729142489e-02
-1.903074526889835028e+00
-9.309615074233521526e-01
-5.573127996244675586e-01
-1.094814012573912976e+00
6.353307605017022297e-01
1.364693569180978727e+00
7.258003314354244395e-02
-9.998792650561103557e-01
1.528025314353165243e-02
1.228880888278300887e-01
-1.234961383690500458e+00
-1.172437077751429690e+00
-1.414353504652954285e+00
-1.435045604806188813e+00
-1.153154196939489839e+00
2.808607210380547059e-01
1.227735049909727039e+00
-1.686665486754391985e+00
1.921093683084071913e-01
1.417481303704114737e+00
-1.051413836807317814e+00
-2.276419377909491004e-01
1.165838646822985325e+00
5.215170966594184776e-01
-4.380249297401084263e-01
1.728050373822039631e+00
-1.333128481758831807e+00
-6.398555996541173130e-01
7.264885815275547998e-01
5.296125114143377388e-01
9.221567253476861126e-01
-3.205556334394952245e-01
2.193540932449213443e+00
-3.383931161829245582e-01
9.939676907856584975e-01
-1.039416082775209915e+00
-1.129972217253433442e+00
-3.060650993672373588e-01
-3.755996340033194159e-01
4.036400097252679231e-01
-1.006526057390058071e-01
-1.581890178009607517e+00
-9.825593264373910785e-02
2.830047323328681586e-01
-2.147841404716812619e+00
-4.843381451177855013e-01
1.180791800548358417e+00
4.092322184218044612e-02
9.968248632112119978e-01
8.706458462970259049e-01
-7.747818752048249991e-01
1.703427455237109811e+00
-1.434115477056172594e+00
-9.657718199809650628e-03
6.763673637881906231e-01
1.117846652819704190e+00
2.323641735563204413e+00
-4.637257459462507114e-01
-1.189726703123650253e-02
1.664881030274871776e+00
-1.125495717858902012e-01
-3.097389022949323945e-01
7.251141997451959753e-02
1.509116989257748287e-01
1.102403538143761352e+00
-4.330361232966692953e-01
-1.220945526416290061e+00
2.454628194064838453e-01
-1.000493893558729308e+00
-5.564883364901884732e-02
-1.039351589950590071e+00
-6.600343761927058850e-01
-8.981072860734578001e-01
-5.025005070218933056e-01
6.527074921460984669e-01
4.526055169780862641e-01
1.895165553473161069e+00
-1.141019053842753372e+00
-2.088203094316378738e-01
-8.857797375214904179e-02
-3.449765869167702448e-01
5.635090120239443223e-01
1.011145115333903277e+00
