1.082191758546171556e+00
-1.417491901259140263e-01
3.257310327609204137e-01
-9.541257969581566911e-01
1.356755055609570881e+00
6.979973110766710676e-01
3.713001891422154088e-01
9.586516940458444935e-01
2.705430527785939177e-01
-1.518644816029803835e-01
1.452537768853314759e+00
1.043326075042646295e+00
1.846939172928000694e+00
3.480437265669316105e-01
5.929822310737344893e-01
2.424144431522359255e-01
-1.335939176264071548e+00
-1.613598838478165653e+00
5.972771243148180531e-01
9.610715491569479241e-01
3.598826550355482823e-02
2.225984975015999012e+00
2.019037100269960305e-01
-6.560446213642947555e-01
-7.080030355105346729e-01
7.180800710121628683e-01
2.164690772457493750e+00
-4.098824918110297588e-01
-6.511036882319860553e-01
-1.283119447020899528e-01
2.205088112666375721e-01
1.995987959686811308e-01
1.824560365237481996e+00
-5.351933773839956388e-02
-1.014376682535818031e+00
1.973876738160527111e-01
7.010321004681170365e-01
-6.389289778173523615e-02
8.451202509870050505e-01
-8.309215768531652557e-01
-3.057632741847733371e-01
-1.925653497906564926e+00
-1.157403562981205170e+00
8.644728382717854487e-01
9.261380560235767945e-01
2.416365531712338921e-01
-3.731554118755662230e-01
1.603167579159780587e+00
-2.477338266484334639e-01
1.368383057161901561e+00
1.118536152770613690e+00
-1.118733049716995609e-01
1.079782514042882724e+00
-1.470616711035358293e+00
-1.930209408364902401e-02
-1.236552047995263415e+00
4.674193685483114535e-01
3.912746757936957920e-04
-9.327302226988152256e-01
-3.056062886477928231e-02
9.361562059014438830e-02
1.489948079739198405e-01
8.463010826774812756e-01
8.346003017631105081e-01
-6.141471903131368038e-01
9.272972996459767359e-01
5.612223008906838118e-01
-1.279293385696695484e+00
-8.115161408399096388e-02
-2.777130338079372152e-01
1.620992038543169755e-01
-1.609066589860992380e-01
1.333462477984030059e+00
2.449367768455095629e+00
-4.012056899610652039e-01
-9.488748028115283617e-01
-1.962842338915340434e-01
-7.062005512605278312e-01
-1.189717188306172346e+00
-1.957133585777093288e-03
5.139357428302595565e-01
-8.480584931214840694e-01
-6.115436298793897052e-01
-1.069180650984330683e+00
2.107099993047345521e-01
-1.590953902658939434e+00
-4.217637255066053470e-01
-1.015521430130573055e+00
-1.365020321713144469e+00
2.019899207521495654e+00
1.642617376655053363e-02
-4.669833381093093649e-01
5.220896922862197087e-01
-5.802646853836179730e-02
9.000011337040021431e-01
2.385667191975873180e-01
-1.269852349033174121e+00
-4.128802685266022010e-01
-6.282731712850342376e-02
1.918371590263182824e+00
-1.307434233155353454e-01
-2.911565327620621701e+00
1.021602271672326090e+00
-1.302104067755903927e+00
-5.490285948739419553e-01
4.231596703436215634e-01
1.468808354331041954e+00
-6.972027456803351342e-01
-1.312825897135124542e+00
4.795913591449174618e-01
1.533693426857739794e+00
-1.437922266239629820e+00
-8.705433319217448229e-01
2.357247779460767134e-01
-7.466385738326533072e-01
5.399064745353499006e-01
4.696339237882654061e-01
1.011522018903229458e+00
-2.660776287818684693e-01
1.066433258337207590e+00
-5.112364792861345819e-01
-1.951420135712375714e+00
-1.295180375126925298e-01
1.976444169544543605e+00
1.258705770169843419e-01
4.977096476766167399e-01
-8.540254130878892624e-01
1.128504298119583638e-01
2.535488548217781357e-01
8.494637825839159717e-01
9.986088818778071641e-02
-1.722995455810733656e+00
6.379041134142235947e-01
7.553540352176746353e-02
2.824682710601944535e-01
-1.403751702612199281e+00
9.732154377461004202e-01
6.702235398036773262e-01
-1.422646228361863496e+00
-2.073852247248675340e-01
9.972558843009862173e-01
5.892764419997646996e-01
-7.568367538483320445e-01
7.100610960301390051e-01
7.168420888697646376e-02
-6.656972233320779253e-02
4.005353046172839271e-01
3.236101035546843363e-01
8.277870993790612530e-01
5.255217408277026436e-01
1.555857219464328089e+00
-5.672325291394733071e-01
8.366524077548831428e-02
5.822715291304643159e-01
-9.285320386277113869e-01
-4.075794373361052436e-02
9.891232062824908411e-01
-4.149782543928166589e-01
-8.036616692254074934e-01
-1.177807076144397058e-01
1.262482905070484662e+00
1.002480263518286563e+00
-1.569628515218368658e+00
1.320509328556818573e+00
6.362661242760117020e-01
2.677505224864119349e+00
-9.594385430122089886e-01
1.030251900918108809e+00
1.607084854067419855e-01
2.804465634375730154e+00
-1.584167402740583430e+00
1.622814973166875951e+00
3.784459543970797313e-02
-1.334844727048001722e+00
-2.539657628804050660e-01
-9.956362990814406899e-01
9.757890290265525124e-01
-1.403427316802380531e+00
-1.070317498661612632e+00
-8.073264412565990256e-01
8.234750744257883781e-01
-1.970308442189425691e-01
-1.423347378825534637e+00
-2.452724303336303979e+00
-2.407296832185128466e-01
-1.286788379107712821e+00
-1.526565918572182934e+00
-6.272085964831379812e-01
1.307596586424253360e-01
-1.028285468644023481e+00
-6.150245552008293259e-02
4.390742388108233030e-01
2.388952356786147035e-01
2.455528157630570973e-01
1.059990955982662797e+00
-5.035658443646120475e-01
2.318147410581445911e-01
1.347726837105773789e+00
1.226064374271556012e+00
-9.340037125043565425e-02
-8.699594173467497527e-01
-2.088749570280423740e-02
-7.778107118735473335e-01
-3.262344417989950784e-01
-2.832171286901958851e-01
-7.866130426509450047e-01
6.637748384603971985e-01
4.867782347551710131e-01
7.014684025845152604e-02
8.494486779999661508e-01
-2.250012412585071786e-01
1.842005126391889291e+00
-1.026868570533192582e-01
-1.204727819145929857e+00
1.206162958862310397e+00
9.927606260296961693e-01
6.445555606237114432e-01
4.714733491078959560e-02
-1.420829566156550428e+00
-4.968783106526517557e-01
-2.083335019064676885e+00
-1.912294506419669027e+00
-8.683830332986328671e-01
2.332715499512897139e+00
4.695925565299869930e-01
-1.579906133001477642e+00
5.915918616569326716e-01
6.295220680127142643e-01
-2.931350017441767264e-01
-3.008138625820215850e-01
-2.279733242809900418e-02
9.815728685680973342e-01
-1.329713184049335695e+00
-1.915843898709441717e-01
-8.618194914803867235e-01
-2.238759241553487378e+00
-4.924354735740088529e-01
1.662825279859542427e+00
1.671281136860799599e+00
8.443041508069848433e-01
-5.245549700133409488e-01
-1.797767258464881390e+00
-7.291105520783487393e-01
1.754729064262159355e+00
9.166745066105654871e-01
1.351228678016060947e+00
6.830757063107251170e-01
-1.228096795221304660e+00
-6.504964230945446957e-01
-1.015889336454318670e+00
-3.345297533026752035e-01
-2.840976229141913834e-01
7.499504825532792296e-01
1.734439112060001342e+00
9.367465608397926857e-01
-1.041598237022656193e+00
-3.406290239718252622e-01
6.063041532263557798e-02
-2.657195760079051894e-01
1.924706914492166909e+00
1.228622053612140164e+00
-5.686564015720136922e-01
1.643394861889309055e-01
-7.107096265479739827e-02
7.759809091237030998e-01
1.897637614091945757e+00
7.128183071001270577e-02
-4.687922412072484946e-01
-7.583635051800987625e-01
4.437251605432601664e-01
-1.080748463895542244e+00
-1.222623614314528595e+00
2.771578100036489190e-01
2.029625717093423987e-01
-2.891603686509738314e+00
2.655059599923667690e+00
-2.775638627402026160e-01
2.826968653122712283e-01
9.258833829955701589e-01
-3.329166924003166272e-01
-1.318155271703208342e+00
5.438926276653122116e-01
6.431751785345092287e-01
2.324401140950403288e+00
-1.082337420957273366e+00
1.473443459197341099e+00
-5.841247234676290034e-01
1.333480804631718364e+00
-7.829533038358178487e-01
7.089610032889339664e-01
-1.390228863550119875e+00
4.586975478022452535e-01
8.599977777613325713e-01
-7.112999193235927109e-01
1.354270867306808235e+00
-1.163297892868827788e+00
1.547391997291667209e-01
-3.276580068568364368e-01
-6.499933341871262371e-01
-1.076557398744677485e+00
3.252218022455641844e-01
1.671504426313089375e+00
1.359874895084395519e+00
1.404577741802216728e+00
-1.170872900563153074e+00
-2.144814983594338198e+00
-1.102586782424400003e+00
5.154503729876331874e-01
-5.992412660982271433e-02
5.072421119912373655e-01
1.366448328859718231e+00
3.886138587741738704e-01
-7.902814202375569863e-01
7.455201824569961389e-01
-5.644370046660283080e-01
1.660140691817797887e+00
-6.460940116665891964e-02
-4.791832369020267990e-01
-3.335535709423780304e-01
1.199640923663833902e+00
-1.994226604294819793e-01
4.851826310632105788e-01
1.214104701512023432e+00
-1.424533455435170737e+00
7.007910257908989138e-02
-6.797711710804765772e-02
-1.627966670377495539e+00
-1.860061950919209561e+00
-2.317496442473307994e-01
1.712741909179928079e+00
-8.206448787359175157e-01
-2.523737572973788978e+00
-9.986451103324913703e-01
-5.595465706656259641e-01
1.631661269907736411e+00
1.802912125365399021e-01
2.603848348383985822e-01
-1.989039263267464719e-01
2.370400816689038237e+00
-1.859696054048508351e+00
9.240745256450866307e-01
4.166720467761750868e-01
-4.785972250846004528e-02
7.557740524979115193e-01
1.148260174100292019e+00
-2.532930256939831537e-01
4.007092597662378353e-01
-4.341201162732790664e-01
1.599461318137107568e+00
-2.664909220004050283e-01
3.970245910087175645e-01
-1.278879619370859366e+00
8.576915060241452338e-01
-1.203657436903706301e+00
6.678920953131015636e-01
7.191862195707265926e-02
1.346549224652624943e+00
-8.899487538259229780e-01
-1.819943974362878691e-01
-2.213573941875406348e-01
1.468453644312881501e+00
3.220232220666696676e-01
-1.101371008630476211e+00
9.050444582695691409e-01
6.502495095351790155e-01
-3.945409266256341141e-01
3.594677314993788286e-02
9.694751650963384648e-01
3.434654853779592898e-01
-4.723531028997287606e-01
2.473009614156751468e-05
-1.162578617015146420e-01
-8.165813491632265553e-01
4.497106008014739587e-01
2.467532119181838901e+00
-1.355578191359008144e+00
2.110906453260996685e-01
-1.032157101331584670e+00
7.648487444719975770e-02
-2.057890875322904378e+00
-1.964848899625399881e-01
-6.127853039533910362e-01
8.866966624713024103e-01
4.297877964034633180e-01
1.555019695217616515e+00
1.706968919526701711e+00
-1.621495170198455682e+00
-1.027166830058894309e+00
3.102300490439002800e-01
-1.422517545380521220e+00
1.556982584301360717e+00
-1.866008702841712719e-01
1.675555895793319650e+00
1.777765623722416422e+00
-5.898454724937032267e-01
1.081161288453129643e+00
-9.667598638199317307e-01
-7.648183123782317239e-01
-1.054668306804102951e+00
-1.647340890178119466e-01
-8.378228884022700385e-01
5.237642937629027884e-01
1.789227131712907592e+00
1.855045757455187072e+00
1.538687170373762569e-01
-1.595415470330189933e+00
-8.876512763373476389e-01
-2.648040399893309971e+00
-1.086760900257531137e+00
3.054762586257682599e+00
1.107979293755107619e+00
1.096740917336136434e+00
-5.309080008211575219e-01
-1.544486392362092175e-01
9.033947895706448961e-01
1.682433860513427248e+00
2.523006493295061325e+00
-3.580821124281881040e-01
1.827327805031453423e+00
1.581699798535552759e+00
-1.239135850145564710e+00
-2.035154500512514453e+00
5.623224887421907070e-01
-7.358027879712478736e-01
1.905957460762977007e-01
-4.631998890573525429e-01
4.188107808951073707e-01
1.570829379746385257e+00
-1.160837925575466389e+00
-2.853101123358011471e+00
2.080570379622201926e-01
3.277824904429422759e-01
2.639149408313787859e-01
-2.908471405024801726e-01
2.796161423058451945e-01
8.082708437925090195e-01
-1.349859036059593898e+00
1.717871680013151270e+00
-1.056158838376706210e+00
2.042332062389473180e+00
5.956934828410620497e-01
1.023951938927966765e+00
1.772425970834490272e-03
2.147294899206341867e+00
3.085966477082555670e-01
-1.655844403834731082e+00
-1.566500559232394174e+00
2.668620265294672222e-01
-1.564116139330550936e+00
4.517597701689402001e-01
4.793371386266809253e-02
-9.745072604172904107e-01
5.868076443793315278e-01
-1.691711591382401014e+00
1.106475448103756420e+00
2.183003974019115390e-01
-6.457087293899288483e-02
8.057006417483227878e-01
-1.086985094627878290e+00
-2.131692230035637792e-01
-4.726560460416102671e-01
1.003237919212215168e+00
-1.085785541278131205e+00
-2.407695054836437087e+00
-1.266523197796551869e+00
-9.310506833777818514e-01
-7.491632095375031497e-01
-1.843122704457178962e+00
6.755267012954160322e-01
-9.488162182475257111e-02
7.482602267620563907e-01
7.441003873568998728e-01
-6.680298853056481079e-01
4.690697317039527192e-01
8.311534729986167491e-01
3.280312217656273788e-01
-1.876842380708252378e-01
3.986387686397740993e-01
-1.390988081325446046e-01
1.166360564024593316e-02
-1.852672121338836853e+00
-1.146233762259036837e-01
9.940854524387665592e-01
-8.861458462464284480e-01
2.708293642853654148e-02
-1.444319141424621034e+00
8.648694145997737337e-01
6.166331394203936611e-01
9.956763008245044233e-01
-7.806195121537893300e-01
1.643428962780863145e+00
-5.135242507330364248e-01
-1.837892210378621716e+00
4.587609054781687234e-01
2.921707421262320636e-01
2.907546303540069488e-01
2.407042071961384977e-01
-1.886781285316233792e+00
2.425499631725126726e+00
-2.212110350688345051e+00
9.088897727575329100e-02
3.796539097802389406e-01
9.252809223773272862e-01
-1.961101718766027346e-01
-1.231334242592001527e+00
9.860673109803137493e-01
-1.497861727492225015e+00
1.197361573603509477e+00
-1.074970435582756068e+00
4.721614799274851393e-01
4.991816664206094600e-01
-3.405183174159063242e-01
-1.116813036677587689e+00
