-1.828431933329538239e+00
-2.505117287073534982e-01
-1.223647688037470704e+00
-3.351804348819955592e-01
-3.753240029477087347e-01
1.084307774739720287e+00
1.941150196747159384e+00
-6.830296907710042831e-01
-5.853219811319929633e-01
-9.770288111395784014e-01
-2.662673904388004331e-01
-1.203806841664364136e+00
-1.342892003091660680e+00
3.025713895584676294e-01
1.050547629111039605e+00
-5.012425389992074543e-01
8.520354616062855158e-01
1.649720656078561554e+00
3.899413067161541235e-01
7.440461785856573584e-01
-3.839218767117058562e-01
-1.517509149781384181e+00
2.333582678830938839e+00
7.859111698414231739e-01
5.755607011824315222e-01
1.460188002121753925e-02
9.601484785769720531e-02
1.485245996507180699e+00
-4.403686739793881699e-01
1.701907160367142069e-01
-4.454994826291951426e-01
2.654375121000924764e-01
-5.898611621569651575e-01
4.453157343436764393e-01
-1.163097715882966732e+00
-1.447032575987626135e+00
-7.879464766516965923e-01
-4.351064008703922070e-01
1.056134310438773483e+00
4.119577917324166449e-01
-2.746837714725796076e-01
-9.080855050512335325e-01
5.337367199383082905e-01
7.891224442123858651e-01
-7.247713223885572376e-01
2.083511758598463715e+00
1.314377278081152234e+00
-2.563596695977401918e+00
-3.611319194697522050e-01
4.958065356032603788e-01
-2.904935100956222982e-01
-7.495155932449790726e-01
-6.095754164634215044e-01
3.048473034722212205e-01
9.480789611464865985e-01
-3.287556392091763868e-01
-5.636100989658991978e-01
2.139598633590253485e+00
-8.785080414680273009e-01
2.132105322233623923e-01
-1.741840426084433346e-01
-1.381097366272008298e+00
-4.391353697029662939e-01
-1.149916076498960216e+00
5.207612762467928036e-02
4.639957154354990010e-01
1.046515420175374800e+00
2.663105625046640057e+00
-7.740836358526337335e-02
-1.870946804130801944e+00
-5.026603972231376005e-01
-1.092796245655592635e+00
1.063180017890954510e+00
-1.708206546888356492e+00
2.500006388121338574e-01
-6.195477276377996390e-01
-2.073046536603033729e-01
5.073351318427112844e-01
-5.474948757805133681e-01
-7.951442201310952029e-01
-4.320637763319163938e-01
9.577161089779480108e-01
-8.388658295573669932e-03
4.762191137318847467e-01
6.137538305070133760e-02
3.382030339457156032e-01
1.268640495946269375e+00
-1.934410749423143283e+00
1.539111382880489209e+00
2.150317495715647453e+00
7.750520270562777370e-02
-8.732503935160789155e-01
6.968083237120001883e-01
1.375471318967475653e+00
2.842739804943983373e-01
5.452417393957551539e-01
6.187087281553296236e-01
-1.539805232444932948e+00
-1.870870144883657105e+00
-6.667068473444413002e-01
7.693452841136760867e-02
-1.760568084376172848e-01
2.643490240391095369e-01
4.304714894793413293e-01
-5.733368580356570376e-01
2.836571180189952912e-01
9.305963770519154465e-01
8.652365562753505657e-01
8.513557020329525216e-01
1.816502925656315881e-02
-4.154369887108666504e-01
6.821421817348927163e-02
1.909402951113684743e+00
2.081896420269818471e+00
2.303457420157686286e-01
-2.485062314617794144e-01
-5.378592423006445244e-02
-1.163801860532887034e+00
-2.466745205073255232e+00
-9.578795636900494515e-01
-7.582588945486214982e-01
-7.352598403918744197e-01
2.027286641786119503e+00
4.384582023273377871e-01
-1.210858532558579448e+00
-2.392192429734638637e-01
-6.127201289095651759e-02
2.239759837285536292e+00
-1.698112755586578260e-02
-6.365745779578260155e-01
-6.568425230814671778e-01
1.320540009253598157e+00
1.711263313566870892e-01
-1.365298504137975044e+00
1.571431721474794152e+00
-3.101597659434203180e-01
-1.241176244094353009e+00
-5.366266696649431012e-01
1.313605478373787605e+00
5.934744065827946002e-02
5.355709314970464874e-01
-1.877800226588866028e+00
-5.193318873843564276e-01
1.467162274047869808e+00
-1.519485026048438492e+00
5.905630240426091859e-01
-1.740708839096318794e+00
2.174605915637020104e-01
-3.740745336831983181e-01
-1.593226652435231649e+00
-2.084884508693489735e-01
3.244768298579723265e-01
7.444968563574940745e-01
6.347574425810575960e-01
-1.217484202160963314e+00
-1.103383033684591119e+00
-6.785084952599476082e-01
2.114749564749471844e-01
-6.123334470108385830e-01
-2.460943061080573813e-01
-1.068475569872138209e+00
-1.121549532389438220e+00
-4.933507803276535597e-01
-1.796297853697557123e+00
1.679756037440043315e-01
7.053319620272251456e-01
7.950391396299441027e-01
1.165588195295415908e+00
1.652714122156449861e+00
1.423814645991288153e+00
-1.453180950187997311e+00
1.317397872666997927e+00
-6.575629575620567380e-01
1.114462476751327813e-01
-6.880879410306910415e-01
-7.030638260717916310e-01
-1.150021652226467239e+00
-2.698228611927131482e-01
7.642752754666677362e-01
-2.469668497686452469e-01
2.488384281855759994e-01
7.550547586451559212e-01
-1.747030493546901653e+00
-1.178592233159507785e-01
1.720596414778496452e+00
4.833394650214888344e-01
6.582862003685363561e-02
1.869999910537991639e+00
-8.458022108458260746e-01
1.020216297499150215e-01
-1.640517442655776925e+00
1.886501464663639993e+00
8.950872849002342591e-01
-8.074423233007479439e-01
4.222663391555094847e-01
1.003050881139695427e+00
-1.164041977145624074e+00
1.059793010922143175e+00
-7.238618001485779274e-01
1.497326425143558737e+00
7.279690175495350246e-01
-5.098594027823768471e-01
1.235360299901856251e+00
-6.926032941590642977e-01
-3.513211257611539295e-01
9.159987148288903924e-01
-1.352259579824846014e-01
-7.087500394043217966e-01
-2.462608616457337973e-01
-2.534152653235901553e-01
-1.300706411013155872e+00
6.615518431850109238e-01
4.551135611571535122e-01
-3.145609334434134041e-01
1.584166807815501343e-01
-4.701154518840757746e-01
7.295414808889137959e-01
4.352848116610408269e-01
9.020715254273783401e-01
-6.111384995535305009e-01
1.942633556512509685e+00
1.785185361902809298e+00
-6.664967141947055751e-01
-5.097526376856098551e-02
-1.647059899727111087e+00
5.078629270723400424e-01
-2.726702154806908140e-01
-1.090205487507808435e+00
1.661280405604763644e+00
9.217329496675041867e-02
-3.443363285517291317e-01
3.255787971396628677e-02
-2.373114911166840812e+00
6.585166021494224253e-01
-5.086540807997259606e-01
6.346765784585954862e-01
-8.405892027688990353e-01
-7.634422272132974641e-01
-4.607026621763194996e-01
6.961044949650130320e-01
1.482188238408477687e+00
-6.086239225673111264e-01
7.814762544908866460e-01
-1.224416522791796247e+00
-9.854664287323462446e-01
1.352053022534191129e+00
1.640185774729312485e+00
-1.647382025316312948e+00
-6.697384798146188700e-03
-6.838667854927020784e-01
-5.132791995438532595e-01
-3.186427434077581111e-01
1.087005258863830370e+00
1.482702823903316869e-01
-5.677619588853133337e-01
3.602779840003753620e-01
2.450987679897487226e-03
6.092230588739298014e-01
-1.113484530841374109e+00
-6.030193363592459832e-01
-4.989782257557973111e-01
4.323605988797307731e-01
-8.435707263702854064e-01
4.307434863640713374e-01
-6.479680166669563590e-01
-3.796469978401937340e-01
-1.638727484923246713e+00
-7.647502034967299522e-01
1.165896323222218811e+00
6.826716612825354247e-01
-1.480631722767008718e+00
1.066012863948615497e+00
1.119085948734205971e+00
1.325767290362779960e+00
-1.071149207972895923e+00
-1.296886214728705244e+00
-2.417936819975814444e-01
5.620581990783923843e-01
3.343211664580802989e-01
-1.360208057363121448e+00
-1.141253057549787897e+00
1.345725099114777557e+00
-3.602317997287993734e-01
-1.103889663030077628e-02
7.843798454905570594e-02
-7.837329378786375145e-01
1.280715082767592605e+00
-7.325675163463962747e-01
1.438927908988603122e-01
1.072290891833196369e-01
2.415054606206581411e-01
-1.752351043891025917e+00
-2.741990927942534739e-01
3.631781237922071526e-01
-7.338203685852686675e-01
6.221779305405119587e-01
-6.123325677411877166e-01
-7.693644634821374950e-01
-7.638394099715739571e-01
-8.598884106495310320e-01
7.960474469291600741e-02
-2.329430216063075321e-01
5.737710623892544604e-01
-1.271958556092060100e+00
2.215780806490316834e+00
6.215307298143528669e-01
2.085152290461095959e+00
-2.701273190595188112e-02
-5.142021027284853218e-01
1.009563377473394752e+00
4.316419397940940428e-01
5.811141922621416711e-01
6.848637704701161510e-01
-5.104593858625161573e-01
-6.105633355064998824e-01
-1.209011944699428298e+00
-5.859954435594882938e-01
4.482051554816184336e-01
-2.278385883744231677e-01
3.118122785038579536e-02
-1.177584012395689328e-01
2.025971332291476301e-02
1.424621103936654087e+00
1.191561751716376349e+00
-1.508974210129014448e+00
2.611627727614838079e-01
4.392850823675775729e-02
3.314140627859929467e-01
-7.534984189630229423e-01
-5.952494045857870120e-01
3.484134249524188931e-01
-1.858947231095219976e+00
-3.436645895915848570e-01
8.990388880050357301e-01
-1.154378944687930009e+00
-8.370162172411639290e-01
-3.822309621452939510e-01
-1.594377818085248588e+00
4.899467586066572622e-01
3.843621644674612980e-01
-1.380048812199973440e+00
-5.091159199171109151e-01
-4.577921009989340817e-01
1.473122329903757688e+00
3.118825908123712409e-01
1.952606560128231195e+00
-8.366679598697182030e-01
2.883967945442833525e-01
-3.826000011064367712e-01
-1.024711057563172822e+00
-2.219361475512338089e-01
-8.546201285807519810e-03
-6.759199329789034039e-01
6.477933383275864543e-01
1.095617729880995483e-01
-3.730278451967139475e-01
-7.718332632687285866e-02
9.134627460543338628e-01
-8.779240493796072187e-01
6.849223225611122956e-02
-6.011907297894767410e-01
1.247663995834517259e+00
-5.412080169952480091e-01
-8.023497543656574749e-01
-1.285858533010815208e-01
-2.742305190209497923e+00
1.839812088966613857e+00
3.831127002945713400e-01
2.080280648283082456e+00
4.900473356284384963e-01
1.199818155158363986e+00
1.195755233206185153e+00
7.551441554527222877e-01
2.204609788492621902e-01
1.553116910513566040e+00
4.566900032155443157e-01
6.910762676651192038e-01
6.048489269820498393e-01
-5.062937898985477858e-01
1.086881047662129340e+00
-5.760090134374662441e-01
-1.218707669591053033e+00
-9.862082542455921086e-01
5.760901435246479352e-01
-4.756038517286320655e-02
-1.399524858681289174e-01
-1.895398277828865830e-01
8.823869163651227865e-01
1.134259488990764453e+00
1.339621649758529820e+00
5.299336321613346001e-01
1.767959278439974469e-01
-8.170218924469763166e-01
-1.202041639277219964e+00
-1.626110738331647543e+00
1.243675031657112129e+00
-9.447542015472976118e-02
-2.085294717491912309e-01
-5.175002373406432099e-01
1.222052186732089929e+00
8.149106007501512039e-01
2.006534291479402654e-01
4.308786173044030221e-01
9.385971985049259558e-01
-1.552050620034446382e+00
1.898831127861074997e+00
1.503021805185891679e+00
1.408629299045145444e-01
-2.045132591190395033e-01
-7.833938919714888982e-02
-1.702188154788842667e+00
-8.612832845950748606e-01
1.686867671416969472e-02
-3.414397671784303867e-01
-1.450659585575664323e+00
-4.555644457622864962e-01
-1.036278594275268361e+00
-3.052833179195060254e-01
-5.270265603157966439e-01
8.861462775288488913e-01
2.709901452655323340e-01
-4.746679407625880032e-01
-9.484380890443588896e-02
-7.599206037771315536e-01
-1.092221723331030514e+00
1.370940797551892132e+00
2.076868974242929156e-01
-2.050364478481840003e+00
6.453744894178035096e-01
-3.896690785612006991e-01
1.435027149221461684e-01
-1.134968464091465901e+00
1.840562339600831265e+00
5.555910333729023876e-01
-1.943793456091222005e+00
-1.507429537169080458e+00
-1.778016553571331926e+00
1.035005891542439826e-02
-2.189932220807229157e-01
1.077473606806666595e+00
-2.931027583638980971e-01
-9.880512267530860981e-01
4.978819291719061013e-01
4.347230031860105370e-01
2.895869980614733663e-01
8.843212298971891983e-03
2.548309838195565113e+00
4.380357930968079572e-01
-1.106712484555923304e+00
1.749550783360463768e+00
1.018514743736705697e+00
5.926731808242493571e-01
8.685775081038382694e-01
-9.867547597601991072e-01
-5.204306264605795818e-01
2.037950692389429719e-01
-8.049569863868519803e-01
-8.570508075150815586e-01
-5.423438278802015233e-01
7.315590381777967721e-01
-8.873052123507196853e-01
-4.319506036122131576e-01
-3.430035928156520697e-01
4.576822815141801115e-01
-5.531350305725171168e-01
-1.215976083786580730e-01
-1.153366988890929701e+00
-2.668647831603649934e-01
1.200827320886337368e+00
-1.291614549699229286e-01
-9.037130675390869783e-01
3.804367113605744422e-01
-1.294115303434217878e-02
3.993716059766230231e-01
4.137424279127177584e-01
-1.661287806807070666e+00
-2.052558836378679530e-01
4.807963607519027960e-01
9.523818017387908341e-01
-1.303156964201575008e-01
-3.086510381832106020e-01
1.210369184776096674e-01
-8.782057537451066764e-01
1.324154393190126733e+00
-1.148692914039826540e+00
-1.629503258310440739e+00
-1.189357013349639391e+00
-8.566352498228795298e-01
-1.787953353352333519e+00
6.322504989606949621e-01
-7.550945530107169290e-01
8.183508724677812651e-01
-8.046968588969232172e-01
3.925394927955005997e-01
-2.792302118197476091e-03
2.099210383313216965e-01
-4.559594269588247428e-01
6.753740411611897088e-01
-4.256163200934190982e-01
2.464437012787978887e-02
3.225315432850628383e-01
-7.615701500461824480e-02
3.288816458846435253e-01
-1.475428216681518023e-02
1.055322083030391767e+00
-2.874762770563350500e-01
-1.311233571407832699e-03
-7.468207362184609011e-01
-1.576934010410565357e+00
1.792914191006507174e+00
5.911889162427863553e-01
5.969532310649183771e-01
1.961278568584360116e+00
