-2.929678837047253737e-01
9.012738663397357186e-03
-1.060615197854721803e+00
9.396024352839145166e-01
-1.124191236073766031e+00
8.481911612767678577e-02
1.965285441195985250e+00
-1.202767439228598523e+00
-8.081248594061607449e-01
-5.338912750721434008e-01
-6.586991751671167350e-02
-8.744166585824117988e-01
1.870977206437986595e+00
4.113719463695222345e-01
-4.938179296277862562e-01
-1.984298748978909899e-01
7.607089023394220106e-01
1.480559295138595743e+00
-7.483634597103492325e-01
-1.139594621673709174e+00
6.732751542458492722e-01
-2.847909229107774109e+00
9.338937605267974007e-01
-3.045300803911725751e-01
-4.896839186536157129e-01
3.953877123312574682e-01
-2.266369570449235926e+00
4.883638092099884531e-01
5.381202919097187731e-01
-3.213546135734601794e+00
6.386562497919392456e-01
2.137195460671517999e+00
1.180116659756924591e-01
1.295506542052031307e+00
-1.901888835686253110e+00
-1.292253251907897749e-01
-1.362413332948202438e-01
5.664605843166210519e-01
-6.937486835676649477e-01
1.165495493982431796e+00
1.028577169946319536e+00
-4.072789119700850335e-01
-3.093057158091081504e-01
-5.781188002266812731e-01
3.253713547026846342e-01
2.073320972210805913e+00
1.273833564285574482e+00
-3.222805585169093323e+00
2.821156854673567693e-01
-7.920350092639081296e-01
-8.863330508551285902e-01
-7.916727519340120978e-01
3.219803118828767907e-01
-1.735462824458751996e+00
7.903976463810664654e-01
1.982557728377448925e+00
-9.747066699059008243e-01
-7.205843506903466533e-01
-1.056676968977760644e+00
-2.191752521977109680e+00
-2.476708896561334861e+00
-1.000670532715716821e+00
1.922441595954743399e+00
-4.518588132376528677e-01
1.509384225869371932e+00
-1.095257584335374901e+00
2.088105598285371123e+00
1.422947304763494181e+00
1.039825333736251523e+00
-1.485426783182855814e+00
2.098610469702443027e+00
1.348250090188168215e+00
9.062337004233036453e-01
-1.486402904714499762e+00
6.779999219928498633e-01
1.824342217448268855e+00
-1.043422174186755313e+00
1.133951594305458777e+00
2.064290926500380152e+00
-3.063949392039235775e-01
3.895666749528938766e-01
-9.329372167099290181e-01
1.971197279394747426e+00
8.848278357937449101e-01
-2.014048657997476344e+00
-6.598678683086092178e-01
-5.190998569225104831e-01
2.382062876800840279e+00
-2.957805214086040024e-02
-3.815827460085881029e-01
-8.438382663018195728e-02
1.736121417602900507e-01
1.432482700004261034e+00
-1.029170488807922279e+00
-1.735893101007564887e+00
-3.778408316292605207e-01
1.125551342830359403e+00
-5.387400317609332134e-01
-2.424870837438658278e+00
-1.776964548704993874e+00
-1.459116039778912022e+00
-1.324891538596730367e+00
-1.945595814135305801e-01
4.882197678971884613e-01
-4.627825910993621505e-02
8.105910400343905309e-01
-1.917438652379606090e+00
-1.107246687971338517e+00
-8.349082872313031700e-01
1.533621727924098010e+00
-2.646697755694153997e+00
-1.947737900079846707e+00
1.498532251334419918e+00
5.892675838245944320e-01
-2.767400630736663203e+00
-5.398912329373057872e-01
5.362075507368651017e-01
1.627496542804247603e+00
-8.082983585809451199e-01
5.392897756874148740e-01
-1.631506636812139810e+00
-9.371092382425150191e-02
-1.185684626521251950e+00
-1.995657378764145840e+00
1.218571531843654299e+00
-2.036306484894226276e+00
9.041221438753659356e-01
6.046899435883181795e-01
-9.213401253996522655e-02
5.001296911269292877e-01
-2.964716614660147798e-01
6.708841134357168556e-01
-1.155501765654806334e+00
-2.622475314625551945e-01
9.799027251778156256e-01
3.013913139232290206e+00
-2.472150431756707789e+00
1.601979359962752980e+00
9.772864590966134912e-01
2.767320329412514823e-01
1.018389642772504544e+00
-2.584404617828679473e+00
-8.635357661413252117e-01
-4.119840045852818378e-01
-9.163877819486883070e-01
5.773733917741195043e-01
-1.998128166257012950e+00
-1.278387968373967176e+00
1.057852681486481927e+00
-2.322725329317826493e+00
9.676919270455774935e-01
-4.573778346835331021e-01
1.384131630192044327e+00
-3.643182763963412896e-01
-8.272060966766234813e-01
1.111338371177216899e+00
1.572093866878942592e+00
1.803233648457224447e+00
9.034965668398076133e-01
-2.450376801700224760e-01
-2.104044952634986920e+00
-1.301789869020555823e+00
2.471216014501180780e-01
-6.139865068418277616e-01
-1.295535335762990847e+00
-3.080977822820383238e-01
1.160734149255819858e+00
1.304197950441706055e+00
1.942064632802678048e+00
-3.122976270276396349e-01
-9.066664617862940645e-01
3.346763936391194960e-01
-1.255692172537660412e+00
-1.511970210124951475e+00
-3.151772517755846437e-01
-1.774531379968445233e+00
4.616601294069955230e-02
3.704232932158832980e-01
-1.023893920186046635e+00
1.669506698550612178e+00
7.307383269176064289e-01
5.184277953616467371e-01
-4.236703673406534421e-01
2.518069645874456697e-01
9.012636964192530797e-01
-5.378286145023043474e-01
-9.052702108584727014e-01
2.008698130932209835e+00
4.059241618118223371e-01
4.159213661955751817e-01
-6.520225855860033448e-01
2.663277583577379204e-01
2.832608542955325603e+00
1.250058040877959797e+00
-1.606744624780968245e+00
-7.372207851942027546e-01
-2.713079979907953021e+00
-3.808492265017244804e-01
-2.283248335076320856e+00
1.411233956344949192e+00
6.246128033611064723e-01
8.458162272822944416e-01
-1.450636734393970784e-01
-9.764374383251439582e-01
-3.784034071645283603e-01
1.950563525229396689e+00
-1.614811588752660398e-01
1.271944166784456876e+00
3.560058326701334153e-01
-1.289970671682623138e+00
6.878781108230445085e-01
1.575503133462708760e+00
-2.413840966564837487e-01
1.791230415132534226e+00
1.604263472558315584e+00
1.555884350538079275e-01
5.927410916609341385e-01
-8.394665654443791425e-01
1.528680090673866232e+00
-1.774934604239801761e+00
1.689128459756132905e+00
2.106459535237773295e+00
2.592389422792487075e+00
-1.559025402465366472e+00
-1.349033330689941579e+00
-2.365048891833101408e-01
-1.823810914947206374e+00
1.516544390991710678e+00
1.932023060185894536e+00
-6.816240159832984702e-01
4.455549385401580409e-01
-6.759250837493357977e-01
-7.289410124825463910e-01
3.218116019630068436e-01
5.822533933632989545e-01
-5.528800039035957070e-01
-1.937998515210651362e+00
-1.153950669514882676e+00
-7.103794096880235998e-01
4.336073606489252441e-01
-3.979464327619162134e-01
-1.969298839228645015e+00
-3.986176681170023883e-01
-3.512615666995104746e-01
-1.767111565407858187e+00
1.794421631581551324e+00
-2.091103791280266577e-01
-7.557976520521627606e-01
2.609232027186987324e-01
7.970926835898435314e-01
7.671131264148911555e-01
5.593207483829392146e-01
1.773565092888935268e+00
2.707915724112583078e+00
-1.176510802640967412e+00
6.323749733592300970e-01
-3.857801196094804652e+00
8.075757361355497821e-01
-2.564512638960778190e+00
-9.563639786466460180e-01
1.513606358197340462e+00
1.230113988512133716e-01
-1.713202741323343048e-01
-1.136135432505706255e+00
-2.269960297460054122e-01
7.877842410744033685e-01
-2.918739710930005948e+00
-1.153608882758531351e+00
1.483064631761090268e+00
1.467549587787817522e+00
5.989361759528950557e-01
5.731975102911786024e-01
1.714223780175940348e+00
-1.978065571957186020e+00
-3.017182486328202629e-01
-1.581866134740845808e+00
-1.427483422955607928e+00
9.788268649440752256e-01
4.524461337160801122e-02
1.811566800923584353e+00
-6.974005346694811536e-01
-4.094489747615277508e-01
-2.348639256084937621e+00
-8.218955599599553352e-02
-3.952532799548613696e-02
4.502735520627707544e-01
3.934490799701917396e-01
-2.374420563590562416e+00
4.367746995317745018e-01
2.640248066722419296e-01
7.261795468957465971e-01
-5.151525305500115337e-04
3.501336037797573297e-01
-1.216534760223359601e+00
2.321933753045621884e-01
2.094848799547705198e+00
-1.197329633295408868e+00
1.497019290826422377e-01
-2.312010894821396878e+00
6.414660387616795134e-01
-5.388981346567334185e-02
-1.471746632862764859e+00
-7.244355912516144969e-01
-1.618805805249193597e+00
7.512083586444564531e-01
2.546963072894507185e+00
8.779690090514282730e-01
3.770050768273735642e+00
-2.463393074862243459e+00
1.567703694173383511e-01
-2.243198983614189235e+00
4.254521951420180415e-01
1.384097381581051778e+00
9.331467161564335200e-01
9.450099973364611827e-01
-8.373255084688295824e-01
-1.072262321063627510e+00
-5.967268866183559339e-01
1.473181326146459469e+00
-8.128190580320682201e-01
-9.449188843794775750e-02
-1.168271178185832149e+00
1.732069727178402019e+00
8.548799553264938567e-01
-9.223610850108183712e-01
1.312435649896448453e+00
1.039273780962664873e+00
-7.917382791632991967e-01
6.261435173621023864e-01
-6.594797167337791421e-01
4.058553348300524277e-01
1.130047605535324351e+00
-1.242755683347434026e+00
9.978122530626070130e-01
-2.003925090057104619e+00
1.271612292743949268e+00
1.443201060104016165e+00
-4.366610288610335289e-01
4.681916713051856860e-01
1.305345709244273067e+00
-2.003718490282837106e+00
-8.277932205201921079e-02
9.306048607517780624e-02
-1.364210126425255964e-01
-2.629951745312605560e+00
2.014080448094912157e+00
1.532268351479323165e+00
-1.607352511907002679e+00
3.008174099142104652e-01
-2.170475444559277989e+00
-9.857224969733628939e-01
-1.165128617766826746e+00
2.109493760780285498e-01
-3.219830865423114474e-01
-9.650783757110836802e-02
1.549356356227602483e+00
1.298574289420320049e+00
1.841749262387716968e+00
1.222223591628710082e+00
1.870354996177296947e+00
-9.034581246678135003e-01
1.036270965018683654e+00
-3.367634430717316718e-01
-8.755748449457794180e-01
-8.629649361840296962e-02
-5.285551004668125330e-01
-7.639627734407277160e-01
1.219766518057680216e+00
5.878150040160630141e-01
1.433107402275101805e+00
-1.195312361990641392e-02
2.568114471378368791e-02
6.720377732562337059e-01
-2.003777982764512799e+00
-8.560529644179482034e-02
-1.572697622658083549e+00
-5.753743265774540205e-01
5.468958308588423023e-02
-5.661663977278728055e-01
1.630324790157295922e-01
2.088859808077003777e-01
-3.791833472015007089e-01
1.654144965897540231e+00
7.058617753818898777e-01
-1.218356516333451545e+00
-1.449837587350537582e+00
9.568845258483165139e-01
-4.803744666473104274e-01
-9.679374970648852994e-01
-9.480165831213192007e-01
-1.524227132174813981e+00
-1.777606359186560070e+00
-2.436748215080295488e+00
-1.294581564729964995e+00
-1.452323828109105541e+00
-7.635151631507497427e-02
-9.951318497735552882e-01
-1.552042243540059374e-01
-7.404176188425655170e-01
-1.495114908521099739e+00
8.232873601589032475e-01
2.121696342489745035e-01
1.234821451049645802e+00
-4.488143170446621255e-01
7.707432984142279508e-01
-1.625920658010082676e-01
-1.374302259940945348e+00
-1.085074054238539087e+00
-1.164055928739641033e+00
-8.722904719733772794e-01
1.104424537081486690e+00
-1.469174691634080876e+00
-6.762309310992149491e-01
-3.219761308013258105e+00
-1.533783876357377451e-01
1.370561751574296494e+00
-8.006709321463727491e-01
1.827379775328816791e+00
2.236661112582129185e+00
2.462158605186042237e+00
7.142807074220902663e-01
2.493082696281787136e+00
-1.132546604225657561e+00
8.174274668721253079e-01
1.941637657215533608e-02
3.106144177134176232e+00
-3.351132571202244392e-01
-1.658239601415796294e+00
2.231179931365563363e-01
8.600853679139159880e-01
1.431656998735206798e+00
-4.738878207057073411e-02
-6.742146864192921640e-02
1.219633345206723618e+00
-1.039845847086446895e-01
-1.212210248915959632e+00
-4.548922292306585291e-01
1.190860272459558722e+00
-1.282766793550464968e-01
2.759228915135576443e-01
-2.041302697348834183e+00
-2.309742964628656026e-01
-1.906962340114369159e+00
4.026600872959793520e-01
8.454881732950596529e-01
-1.662535216375382596e+00
7.078285765207361635e-01
1.096198480221151961e+00
-8.104096935458340312e-01
-1.687698594557217824e+00
2.908475307026018086e+00
1.500208616333413403e+00
2.008317969124387758e+00
-1.072600793318548185e+00
6.162136540222720171e-01
-3.739778468651794086e+00
3.418470165143672190e-01
-8.164407099935653278e-01
3.666937513289001416e-01
5.747300023292867266e-01
-1.552129907754424387e+00
1.827140010061285125e+00
-2.808566159731106904e+00
1.509412855392477049e+00
-2.994978689970251295e-01
-6.627306835312287703e-01
-1.497305270113416853e+00
1.120659385007520825e+00
1.747499159408317126e+00
-2.575373816679951133e-01
1.264403238117099981e+00
-3.735167177701921304e-01
5.567273193371526929e-01
1.765917827867768963e-01
2.487925892443412224e-01
-1.895145579505703726e+00
-1.114147351578165246e+00
8.421765165646535323e-01
-1.271901319508450978e+00
8.188206555609145454e-01
5.364421174253388713e-01
2.100339910114380260e+00
-1.680268603505183922e+00
2.707902003577871142e-01
1.892063134382711453e+00
-2.425576995442115802e-01
-2.160562423172859070e+00
-9.006846089968725266e-01
-7.245149814001248245e-01
3.681582569828911744e-02
-2.526209454415555999e+00
7.340187806641429447e-01
2.022155299840743936e+00
-4.814934311678502610e-01
8.743656614097616853e-01
4.091395910514705747e-01
1.168214674544100440e+00
-9.905488565494886544e-01
-3.622585373902653672e-01
5.266548760158284992e-01
-3.620425513945475515e-01
2.037639048565866418e+00
1.873742359067151142e+00
-3.210566906533163234e-02
3.202942941303899005e-01
-1.713385827518916216e+00
2.200833246112701147e-01
-2.113242778500479258e+00
3.305228948109428799e-01
1.475978257296215901e+00
-4.905304585677709994e-01
3.241127336948634863e-01
9.352972214039523280e-01
