-2.408995860176936787e-01
-2.076047127888214217e+00
-5.040815315845117439e-01
-2.518030266884609958e-01
-9.276089186351530458e-01
9.749704301816208840e-02
3.933577052385262007e-01
2.308605638205888155e+00
1.190519676184602638e+00
-4.177550266887770647e-01
-2.231707620687579663e-01
-1.463166652439676696e+00
1.233949369718994937e+00
8.675383032957455498e-01
-1.043582042765382134e+00
7.654968066435605678e-01
2.797430648056682401e-01
1.553429630970075692e-01
-3.484834239014293900e-01
5.733816577858616981e-01
-1.232735208917812741e+00
1.974647274042524714e-01
-1.031618923065664717e-01
-4.683617830107955626e-02
2.332461545497217514e-01
-7.118773695704909699e-01
6.409147070973064686e-01
1.078276346437849753e+00
-4.164822634608968954e-01
-3.962225192175496957e-01
1.019573072984517381e+00
-1.294196910365848829e+00
-5.354928661222349007e-01
-1.310567162746885117e-01
8.197381548423008368e-01
3.184700426999595990e-01
-5.927012090411221124e-01
4.348252997267589848e-01
-4.860527019723930309e-01
-1.283115936748317587e+00
1.668871437559613646e+00
-1.369282191025691375e-01
-6.182686142703541776e-01
-1.452997367806210249e-01
1.366403151499778978e+00
-9.345906716671406045e-01
9.551809133839128663e-03
8.939787576530031643e-01
-2.895178036331627069e-01
6.620839649483212241e-01
1.883750055063728723e-01
-3.495817273486290233e-01
1.129606782933194609e-01
-1.875086979248008490e-01
6.771020858938046061e-01
-5.695231885253857484e-01
-1.088401160510064081e+00
1.536918952440067265e+00
1.166133404924494243e+00
-1.104824213769111108e+00
-6.620836232776756702e-01
-3.940575102991612511e-01
-1.100332577244558241e+00
5.051919356535785610e-01
-1.088589076706929504e-01
5.798934174315695245e-01
-2.345518602816518694e-01
-1.015418689335587654e+00
-1.772616862553741957e+00
-7.246152326928401166e-01
-6.926264045655461388e-01
-1.200083064120101017e+00
7.115419792604100735e-01
-6.883981368372174003e-01
1.837403301223341501e-01
4.463333810707599270e-01
6.727026013420740469e-01
-1.139703715096788805e+00
1.864741244991954261e-01
-6.356085619904057182e-01
9.452060744774559709e-01
-1.550072788651384315e+00
-4.240026876010629664e-01
-3.041478978852634185e-01
-2.519505237797573294e+00
1.263632662533558992e+00
-1.576651277241181148e+00
4.733268429849175618e-01
3.023618806734802433e-01
-1.003480976345120901e+00
-1.548243662673973731e-01
-8.608851879814078956e-01
5.043973081889339127e-01
-1.265465001986554316e+00
1.580482622058991815e+00
-5.516844876932651687e-01
1.183184231126671371e+00
1.105195271612212871e+00
1.074732823989617003e+00
4.819179825962836006e-01
-3.414641994128100322e-01
8.214756199609540843e-01
5.126041773040359573e-01
-2.806740504596527686e-01
-4.219527273160554870e-01
5.317266645387945800e-01
1.226021346493626041e+00
-6.709817908681987575e-01
6.137036094766621375e-01
-1.451276621206707418e-01
1.347924053006863687e-01
8.424642946727090020e-01
-2.024445403350476624e-01
-3.410764067271117028e-01
5.777925641726957551e-01
-7.493862259491361755e-01
8.225125963266766149e-02
-1.480130867301924447e+00
-1.588706843358243859e+00
4.249719893246162172e-01
2.093545952096977913e+00
-1.219820684885082329e-01
2.112212264487709490e-01
1.759702464921433673e+00
2.821852632410823958e-01
-1.969649479520179103e+00
9.150324656473678431e-01
-4.997638958378081142e-01
-1.417178047430880383e-01
1.405635770174042953e+00
1.399275311263782129e+00
1.252121523309705609e+00
5.979381352756982793e-01
2.900027641277622692e-01
6.474244955145262992e-01
-4.495203904184403854e-01
-2.757122710968715751e-01
-9.287721798311796562e-01
-5.845917769019930432e-01
-5.626006436315380554e-01
-2.527708257813517712e+00
-7.785573895752495588e-02
1.030625353510652431e-01
-1.592727360771881706e+00
-7.937614588749868361e-01
-3.414921170161848707e-01
5.498286170765442904e-02
2.148710465710355066e-01
4.157279334787800096e-01
3.002888792263433970e-01
1.745564026328416674e-03
9.454155211109789292e-01
-8.651705277924905957e-01
1.717437616508448173e-01
-2.264551723806365047e-01
-3.219121856003148707e-02
5.988246719049961087e-02
1.017761263452853449e+00
5.632049364927915747e-01
5.924959570926269237e-01
7.478924875314234555e-01
-1.372925205956552652e+00
4.445660617838367301e-01
1.514519005567002807e+00
-2.146525255018616463e-02
-5.389340975428495994e-01
-1.146534345333964922e+00
5.548456824067944382e-01
-4.088027165786902728e-01
8.590537572580494441e-01
1.156949468741771625e+00
-1.997642747542605512e+00
8.811685096562094088e-01
5.129748664943525327e-01
3.495944057350062195e-01
-2.952798350920167181e-01
-3.943121081839979780e-01
-4.475422389663821221e-01
2.471373182320659723e-01
-8.206688407770466043e-01
1.550904412052429571e+00
-8.855915933479128199e-01
3.792239698817763127e-01
-7.401950840360722594e-01
-4.829597768512972067e-02
-2.828676023599197009e-02
9.997996972512970260e-01
-9.670924013153268106e-01
-1.511552328272861345e+00
5.732468996333137667e-01
6.338503570540510168e-01
9.482835738841988160e-01
-3.437119972838846849e-01
7.365769716348289364e-01
5.039944270476768295e-01
2.010059287754532242e+00
9.083922793347420921e-01
-4.170320346293951985e-01
1.185732750353929887e+00
5.607446479053654897e-01
-5.627604831265751173e-01
1.468003329286446501e+00
-5.164564011471703964e-01
-7.605033538513996660e-01
3.001897294353863543e-01
1.119480091749599282e+00
5.648357418440745903e-01
1.057319570522324170e+00
-9.223184319053032709e-01
-8.685442096367692599e-01
-8.710088015519126259e-01
-6.033396211890060812e-01
1.250463417966222401e+00
7.357190983111028260e-02
-8.145023082623676913e-01
-7.514478843522773843e-01
1.913816511924135710e-01
-9.696874578455823013e-01
-3.909037332720526337e-01
1.662230871972791846e-01
9.627116209272026381e-01
-1.522750222787965679e+00
-7.987591051107951756e-01
-1.124445982163972957e-01
2.294079646451272936e+00
1.031147998720991055e+00
6.727453644120915399e-01
-5.506591539015364134e-01
-1.509474999297373277e+00
1.329376201286556203e+00
2.699385492664427844e-01
1.943798857622358156e+00
1.271045586801314187e+00
8.078771517520744183e-01
-8.749489401658383514e-02
5.559302616278927189e-02
5.966678790972759217e-01
6.736725601340820546e-01
-1.097076355640295375e+00
-8.253462841281891116e-01
-5.214809614999342813e-01
-7.426045043861631001e-01
1.134549362896759561e-01
1.404220545009629895e+00
-5.460937458401060596e-01
-6.606860761689903327e-01
-1.674121364007667978e-01
4.623288840062773630e-01
-1.750983471738117192e+00
3.292202324564712512e-01
1.904112312992378264e+00
8.171588390926478596e-01
-3.761097585509372010e-01
8.800907627055343241e-01
-1.267495304155197289e-02
-4.167086437764311313e-02
-4.532976745992494116e-01
-3.890906344550684182e-01
2.713651785691098439e+00
1.201832393557758394e+00
1.065274362563910060e+00
3.954591457113050268e-01
-1.170498859401565284e-01
1.501163515532574877e+00
-1.096485223337672288e+00
-3.579816295383588809e-01
-3.546031110394123331e-01
4.774625048636149671e-01
1.063160325395173800e-02
-5.900731697383765351e-02
4.093662707878920060e-02
-4.223059143871115140e-01
9.797060301260929194e-01
-1.477314334655171812e+00
-1.431020123816730827e+00
9.051237941218248650e-01
2.703991562784153757e-01
-3.891228956474570566e-01
-9.006939429828539900e-01
-3.196421317626381153e-01
3.558086298381759605e-01
-4.727391307262998055e-01
4.950118715971738581e-01
4.296464593936022425e-01
-7.652688986633204848e-02
-1.961867504193071099e-01
-1.359980196932269791e+00
1.019032937151628460e+00
-2.344234995086482698e-01
-1.226835628700744252e-01
5.798575758590622797e-01
1.519576350912922535e+00
-5.055921578993993748e-01
1.129934658210474119e+00
-3.001415029845286853e-01
-6.752037158631232217e-01
1.605142535569441975e+00
1.122904750028323129e+00
-2.663004259004004837e-01
-9.492255931170756611e-02
4.118708146039926632e-01
-1.240405542996066757e+00
7.556847621464459763e-01
-2.585544656163403232e-01
-2.393717321449599922e-01
-3.929070399212539755e-01
-1.444963503896170565e-01
-1.094025927530148934e-01
-4.665288016675361860e-02
1.119237233192897918e+00
2.413725199569665136e+00
1.333332440243298223e+00
1.673123257977837675e+00
1.818360914684939544e+00
7.209344026064812283e-02
2.131759592609103748e-01
-5.224120692645675135e-01
-2.230512970007136886e-01
7.637861104552978730e-02
-1.975451668232386382e-01
5.517835058960702810e-01
4.132736189270547200e-01
-9.204540603902575668e-01
1.417824450149645088e-01
1.060316652938714910e+00
-3.604770293953549753e-01
1.770261507630575437e+00
4.933787647920340191e-02
9.013867508556856478e-01
1.785112067179834838e+00
2.967526319001780877e-01
-5.152636028615180663e-01
5.282400854323308081e-01
-1.263661957326113416e+00
8.158421793629155871e-02
-1.894531027100665455e+00
2.379151866695088380e+00
1.707451432092168986e+00
-1.299501983084945245e+00
3.346412230263338117e-01
3.125225662935315896e-01
6.662590213082575374e-01
9.812419464312132078e-01
5.450769542961158010e-01
1.570096250174578323e+00
3.094407526215237070e-01
2.563806102987529201e-01
1.616448395401821614e-01
-5.201853574009991377e-01
1.854082433704688171e+00
-2.913744974514079100e+00
-1.193402056360962860e+00
-1.137646580769418048e+00
2.956251649371264278e-01
-8.335583112945856854e-01
8.312516619968732812e-01
-7.973535205313151408e-01
-2.251777727195927170e-01
8.486007021288610730e-01
1.149651461796294960e+00
-1.289354652297603376e+00
-6.302410338129140754e-01
1.622526771304872995e-01
-1.417812959898836489e+00
-1.298693653150111427e+00
-2.212507104980110384e-01
-1.276151631090003402e+00
-4.617610299241015070e-01
3.936964217497971319e-01
-7.024078302049598932e-01
1.805902184429104551e-01
-1.329583698548155724e-01
-6.579296548102320230e-02
6.422918135209387813e-01
-8.276005770316254839e-01
-9.713336740128788449e-01
4.798412572366643758e-01
-1.644164682981132941e+00
8.211376956144285089e-01
1.685736109518298775e-01
6.769742235417677279e-01
-9.437187773432178517e-01
1.417077205532563333e+00
-1.130589355567512833e+00
1.957180238707286080e+00
8.426659391404980326e-01
-4.578996482215069719e-01
1.395082199433597125e-01
-6.738179903121990222e-01
-9.082208889925702522e-02
9.087063238498060969e-03
1.018199220539873551e+00
4.684343058873707832e-02
-4.263833597840891443e-01
2.006114572240842442e+00
-1.389479109049034378e-01
-6.919541404606599500e-01
-8.018121241780740149e-01
4.280157399911050931e-01
5.768310109894381199e-01
-2.241669788793835938e+00
-2.550714573693104725e-01
5.401876445069033750e-01
-2.724560954702326399e-02
-1.095280515668835442e+00
2.016938379848687291e-01
4.878963029871208334e-01
9.639189824229354997e-01
-1.062710479531650876e+00
-1.367021538689356941e+00
4.667225697406509610e-01
-1.763876208491392816e-01
1.114946536087070506e+00
-7.711100660822074460e-01
1.327631103950661640e-01
-6.065878876251691310e-01
-1.722459825635684894e-01
-7.654215367384367141e-01
1.139645457974056697e+00
6.704668766479215947e-02
-8.948906107283400857e-01
-1.369076785307774102e+00
3.643622544917608508e-01
-8.764504068716449936e-01
1.078213772778109814e+00
-2.283821440256322610e+00
-2.817077875945628307e-02
2.366688345621092537e+00
-5.078827305153330585e-01
-3.971388635058659133e-01
-1.355340252882967889e+00
-6.263525228604081008e-01
8.825879846074924373e-01
1.086959140595702422e-01
-7.331458963953032537e-01
1.499544058983887318e+00
-4.864861891992724452e-01
1.591472115039058721e-01
1.083035707526640579e+00
-7.003683066102350807e-02
6.802682990973751842e-01
-1.176293292466910057e+00
-4.279861658616894715e-01
-1.936663367059798802e-01
-6.695194715150769582e-01
5.362290551173876096e-01
1.504009163052257847e-01
-1.372921868261028244e+00
-3.991245606632531917e-01
-1.062029159904694708e+00
-1.498797676276844903e+00
-2.146184830319320724e+00
7.887773810378533312e-01
5.448584640007929636e-01
-1.495212355573714902e+00
8.893083973211339810e-01
-1.700016408715963045e+00
1.504973820536223528e+00
-6.296656163044467291e-02
-6.904194969842567531e-01
-1.509732396200424986e-01
-1.014335682438789465e+00
1.244012719137820966e+00
-3.173993256420510889e-01
-9.272947288169719471e-01
3.063994464419659280e-01
4.425482856256914843e-01
2.617070342225691348e-01
8.591534355249716981e-01
4.545822668326948701e-02
-3.152239434662877926e-01
2.140414065396090137e-01
2.264004635411653865e+00
1.345937661415854691e-01
-1.968509803667477964e+00
6.996085492386647786e-01
-9.992563152240361291e-01
3.030928370284460271e-01
7.663689677627729679e-01
6.731553942358790010e-01
-1.187071628769439613e+00
1.065326671876080766e+00
5.214217239899179290e-01
-2.170183956465236541e+00
7.195698845356623963e-02
5.988351450847595459e-02
1.038562255102316811e+00
-4.837348922001352136e-01
1.434709555097191114e+00
-1.393165587286232743e+00
9.072533040484662692e-01
-3.226392337384043074e-01
1.525806023682399371e+00
6.568049860449898247e-01
5.923488124551026246e-01
2.150586704548951289e-01
-7.294010397905896781e-01
-8.141899459156611840e-01
1.277941603935389026e+00
-4.289322168124094503e-01
4.184943580086395443e-01
1.231924878861092587e+00
4.957481317016760869e-01
4.963076391777683227e-01
2.898957030995106265e-01
-7.218552862769929135e-01
1.980525055218986807e-01
1.013348787111865157e+00
5.290370932404862003e-01
-3.761434584719687280e-01
-1.341706701089741216e+00
4.633689101209572669e-01
-7.192674110826100531e-01
