4.925936886247548330e-01
2.612381032763444466e-02
-1.426387291759517062e+00
-1.317451176198127349e+00
9.651076625442485124e-01
-2.400030750740853591e-01
1.561337806438864106e+00
1.474325880208620099e+00
-1.290310530263946376e+00
-3.048663512946440335e+00
-3.906549326709898295e-01
-3.559737088502332725e-01
3.035999422815294224e-02
2.041335783047959040e+00
1.524197067107103898e+00
-6.884528698473522113e-01
1.998587490995612725e+00
-1.973882765163799125e+00
-1.115311647411198592e+00
4.861532524681679845e-01
-4.542816304904642166e-01
-2.403660765065200877e-01
1.173247420892535864e+00
-1.556136312826978951e-01
1.111384590377521242e+00
7.859722259334844807e-03
2.438836202587868485e-02
7.790812395982271710e-01
-2.891764575053743513e-01
1.267725767302856354e-01
-4.368432844071055143e-01
-1.236748369906048417e+00
5.913776116414748429e-02
6.938525302457589916e-01
-1.155861829441329203e+00
-3.914473103604114712e-01
7.806427387390222350e-01
5.605758040981854151e-01
1.522912554617006364e-01
5.657291148850873697e-01
7.903230069180722239e-01
-2.797878253033694307e-01
-9.669126825195393238e-01
1.600377579524170812e+00
9.261617013595291326e-01
1.824136780914017208e+00
-3.995579140224672088e-01
2.915097104507982095e-01
-1.475078086778272013e+00
-1.988370234965302075e-01
-1.514898352741748333e+00
-1.603364606237867918e+00
1.905619760850942868e-01
-2.184206002944302227e+00
-1.052837068500704465e+00
-5.215038777798479686e-01
-2.243201513301784633e+00
1.588005010266302364e-01
-1.114267776425189815e+00
1.510502567369440996e+00
5.401248723811056252e-01
-2.208299601611385832e+00
9.638992722524752921e-01
-1.223082793125760404e-01
-5.404980548255302608e-01
1.682300777379836632e+00
-6.142406866957781375e-01
-8.343452521357628271e-01
-8.658740960618018789e-01
2.131591951114657491e-01
-6.184918737006315226e-01
-1.125636451941687710e+00
6.034358099417778121e-01
-6.999096514622316079e-02
-1.405336191556809666e-01
-8.108039211632256382e-02
-2.330849538297591117e+00
-3.160999480012209872e-01
-8.203175957355748338e-01
-2.630712234022949403e-01
1.305118454468492395e+00
1.033402167443824737e+00
1.091843665878407421e+00
-3.538455948774466009e-02
-3.134287697313329346e-01
-1.567008023615388268e-01
1.014269107324210495e-01
5.557104779615071877e-01
2.880654168752077027e-01
-3.322728767005207473e-01
1.616505859424453462e+00
-2.287674841643305257e+00
4.172902019429134413e-01
-4.242277943461800760e-01
-4.570965198791032691e-01
7.651884593258850842e-01
7.785522566072682338e-01
-5.791300946124735560e-01
1.175001194826030826e-02
-8.128732167935126540e-02
-1.995100440144593534e+00
-1.250309444957549143e+00
6.717271535529336646e-01
-1.589467883750336874e+00
-3.317943090541763951e-01
5.789804281186388124e-01
1.267343411599171077e+00
9.029710864767892531e-02
1.372840673166954240e+00
1.697456778077725659e+00
3.905374589572012667e-01
4.614392749889955070e-01
-1.534286096665455901e+00
1.503016261498562045e-01
5.466743016868438332e-01
1.167424851576202016e-01
8.565059634597007587e-01
7.126275684484086881e-01
-1.309754491947549671e+00
-6.053748249234214285e-02
5.922990531498637523e-01
-1.620693181777204117e-01
1.225031232460188413e+00
8.825361952466650450e-01
-8.353204518679984147e-01
-3.117227756288150076e-01
3.731212480996726200e-01
1.193077180531600945e-01
1.911321948729516329e+00
1.274494403706150081e-01
-9.219048791900661399e-01
3.307682071923965239e-01
-3.483914936126950579e-01
-1.616380908469841060e-01
6.173729656247957109e-01
-9.466299437398664196e-01
5.599284513897035964e-01
2.428599986611583716e-01
-1.537180545969269119e+00
1.273999716498167345e+00
1.021913293702791492e+00
3.772174646227179906e-01
3.520617531336664996e-01
4.560267880924477879e-01
-8.772265665600089690e-01
-1.257456854417351444e+00
-4.607837416170212919e-02
-1.242891816409506411e+00
8.657258903690667751e-02
-4.450096630580189228e-01
2.050970202469816428e+00
8.380601854721989596e-01
-8.279256462148349982e-01
-8.845999981388166233e-01
-5.581441026666844607e-01
-9.259580763008754545e-01
-5.552441782950010563e-01
9.544912006006214256e-01
-1.446104483740447311e+00
4.311617955405999680e-01
-4.078065178537606528e-01
-3.598022852054958420e-01
3.135756175722015371e-02
1.337238338272571880e+00
5.423826225145509383e-01
5.199524190598081574e-01
3.769054871780674887e-02
1.692808799838003253e+00
-6.749962398411426534e-01
6.172039046063506618e-01
-1.928122029570005225e-01
-1.233848970056741212e+00
-1.377153597259184181e-01
-2.247585762129669096e+00
9.654614393520786209e-01
-8.713724884688893724e-01
-1.107753100433775728e+00
-1.202775569437684045e+00
-1.120697630477050399e+00
-1.181744273023897840e+00
1.163568759582453538e+00
-5.987532001476019161e-01
-5.005265315929463554e-02
-3.548778600391422344e-02
1.914438259987250035e-02
-2.561283851172101222e+00
-2.976636166570063580e-01
-1.160912045341424559e-01
9.212316097524642089e-01
1.719202555185797010e-01
9.564392779184505144e-02
1.434168587693601893e+00
2.152917124636404722e+00
1.437439547715398724e+00
-1.280480217771671647e+00
1.646819619224615394e-02
-1.088509160401995857e-01
1.255366434580906798e+00
-9.066967504198588657e-01
8.313404515689128971e-01
1.412329306447475119e-01
-5.106864554877112994e-01
4.027708854096943014e-01
-1.149335207411867010e+00
-7.428272549354737464e-01
-7.276500589415704212e-01
2.432414683677048828e-01
1.203073736643284875e+00
5.068691650818824002e-02
-1.442956847896208039e+00
-2.311518407023642752e-01
2.620027029409357056e+00
9.644837202370739604e-01
3.829370723702645307e-01
1.223384807557948761e+00
-3.053536957497744453e-01
-9.910560267536361323e-02
-1.333438472527519458e+00
-7.940736654357172242e-01
-1.987121681207273394e+00
-7.230410545908236841e-01
-1.627308867374125612e+00
-4.039467894855821584e-01
2.090939491497628921e+00
-6.476679273177046170e-01
-6.432508698744809905e-01
-9.765889133464797922e-01
6.482980541457266099e-01
-1.534303471799116636e-01
1.535523927152382839e+00
-6.860517415459854718e-01
7.565722794901672543e-01
-1.126198499222872851e+00
1.289061741809538475e+00
-1.767554196373032127e+00
-1.407679315577958779e+00
9.803408895017931002e-01
-1.933838180996758638e-01
1.750362724115696267e+00
-1.698587713362256224e-01
-4.379776530516892308e-01
-1.465956809189449039e+00
-1.679523924254445966e+00
5.380319886743114566e-01
-3.207346503267878290e-01
-3.211681251502973566e-01
3.117437783930121498e-01
1.275684428823229410e+00
-1.483490925352298540e+00
2.359419750238655134e+00
-5.994503168988325470e-01
-3.710024788460950518e-01
5.532434322503494428e-01
-6.541811311587597544e-02
-5.899681793769460114e-01
6.824865581275929571e-03
-7.998605232515902941e-01
1.580273006740241293e+00
-1.030588349947652915e+00
-1.216719128222692348e+00
3.249891754225409102e-02
-2.556362848066151550e+00
-6.784967887296522449e-01
9.267689610292153546e-01
-5.710484744385375677e-01
9.322860886502013500e-01
-2.319088033385705572e-01
1.518081482932234216e+00
3.874363754910357116e-01
2.221199876991506450e+00
-9.369529419623701116e-01
-5.699643298555434612e-01
2.775017634332410665e-02
6.922690226892749266e-01
-1.822759935235429563e+00
4.555195503887032871e-01
-1.359742535106549521e+00
1.397729354070882835e+00
-4.268648735910058889e-01
-1.432110791658784521e+00
1.016802488812893479e+00
8.298790882645024070e-01
8.689118260544104189e-01
1.515109130013287064e+00
-9.054124949387141186e-01
1.126936706977122782e+00
-3.106399715031020747e-01
-6.936553748828861998e-01
-1.206611888031126512e+00
-1.778168571877793980e-01
-1.930166687995900077e-01
1.584274149613293936e+00
-8.131776101021737091e-01
-6.860432891821490742e-01
1.442251564638000971e+00
-1.236708790730271623e+00
1.317604002181692380e+00
-6.106379866159015180e-01
-6.442846526812564534e-01
-7.345882535607772823e-01
-7.285492454231849990e-01
7.391177573022300606e-02
-1.222971949219919807e-01
5.239216502255317209e-01
9.578634850614164975e-02
-1.663688284592069078e+00
5.532433754518928382e-01
1.179568457594891484e+00
-4.655415370305044931e-01
2.748740566609711777e+00
4.700601598411102700e-01
8.488967099391384608e-01
7.350938811124425598e-01
1.671241380288892131e+00
-2.390818896933613047e-01
1.390714629803374791e+00
-8.484483247773155767e-01
-4.679141392663996868e-01
-7.324607380790908451e-01
-2.473586750876783924e-01
4.227437601076244889e-01
-7.033293196442444994e-01
-3.979675650516680818e-01
1.244249134291974812e-01
-1.130060414658755619e-01
9.280235832491712245e-02
-6.955652760609858376e-01
4.684043677394882366e-01
1.207860079424367683e-01
8.796243365264651004e-01
-1.767568946971475707e+00
-1.392996715885771231e+00
-3.849960392670030984e-01
-3.897215104178419764e-01
1.463886492601207401e+00
1.913734434173381516e+00
9.374714648560109609e-01
4.991022667324074291e-01
-1.873349651136235750e-01
1.035806555761000780e+00
1.715551864499271773e-01
-9.352438723299689727e-01
-8.152389810174121010e-02
1.988185792673782259e+00
1.686600493821086566e+00
1.394549996193921615e+00
2.270153657670732628e-01
-8.056396999855639507e-01
1.180002317700878933e-01
-1.486314886729351414e+00
4.808828882664286652e-01
-9.025002804648458721e-01
-1.441609699001245914e+00
1.318153183198632838e+00
1.183262954907795539e+00
9.938652323664287636e-01
3.277926513687816623e-01
-5.509594340573720217e-02
-5.669672319182179621e-01
1.306121130408799402e-01
7.263863291545389345e-01
1.236119941184318449e+00
3.156815791309588448e-01
-1.127033963090227076e+00
5.064332117617862394e-01
-4.225057397748095411e-01
-1.040780115363455494e+00
-1.173586092638518874e+00
2.861009713828375212e-01
-2.888641205003059653e-01
1.075403641984196135e+00
-1.203172825089246167e+00
-1.443560408060227118e-01
5.771835729041940866e-01
2.210774673359097164e-01
-1.590117757687510291e-01
-4.717096497367547769e-01
5.243535460113246671e-02
6.438103592607351544e-01
-3.717806071342275587e-01
-2.902625158311659792e+00
-5.860772081880192275e-01
1.091179467458775143e+00
1.407907192965276444e+00
2.126393759711890930e+00
1.352229466141974257e-02
6.362869889489122244e-01
-1.574043141051336470e+00
-6.856302061553041227e-01
-9.567141224563346924e-02
-1.789805942445337195e-01
-4.638214336784507452e-02
5.980719777845457941e-01
4.561677540309396761e-01
-1.141810304265222786e+00
-6.623696684407143209e-01
-1.753026330022077861e+00
-3.778680398903331294e-01
-1.013541872577529368e+00
8.031578543767139422e-01
4.783030269543679935e-01
1.389386556496199354e+00
1.973607992750601170e+00
5.186642320473726642e-01
-7.394503680745501129e-02
-1.901220859174159727e-01
2.720043123043955902e-01
-2.124596289148250605e-01
8.135575125171934374e-01
1.323532246278650071e+00
-8.368542081483187900e-01
-3.816343071322494396e-01
-6.822442338805609907e-01
-1.043965383576841433e+00
-4.483346787846080872e-01
-5.662383682508860261e-01
2.310548277327951538e+00
1.204086815721272075e+00
8.124179994926539194e-01
1.888574402448637279e+00
-1.447288721238947140e+00
-1.315351130669245805e+00
5.814461235381154225e-01
-5.870701657843824250e-02
1.127438740929193273e+00
5.496986616792876035e-01
9.203860516720130391e-01
3.470002979541852994e-02
-7.550690251876304160e-01
-8.367716240951956763e-01
4.801450838721077474e-02
-1.807110368224926322e+00
-8.342088203528312818e-01
-9.033064183311614315e-01
1.811743297114043472e-01
-3.953221538709783545e-02
-1.379392695780881528e+00
3.596814799960359466e-01
-9.289193667914776853e-01
6.321511333502360941e-01
-3.832044775911178647e-01
-8.295653042385984222e-01
-1.578388218208861549e+00
8.532335831844921614e-01
-5.102056800190277741e-01
-9.304966094539466326e-01
-1.094704806623181259e+00
-3.153986263508388177e-01
-1.051445571353635255e+00
3.920815537423294472e-03
1.900230620103666723e-01
-1.269214861073614031e+00
1.542926455485094550e+00
-1.607023038552672034e+00
-3.917894908401500231e-01
3.759347917053901256e-03
-3.081411223575871716e-01
1.186686986171600289e+00
-6.982264886967817219e-01
-9.977495901693451685e-01
1.047964671933474534e-01
2.657799502691661431e+00
-4.070248702900425286e-02
-1.744458319938464008e+00
5.108202737624978340e-01
-1.356112466840848185e+00
4.066395777262954425e-02
-2.050646008769549944e+00
1.049389001929272425e+00
3.071804205274952793e-01
-1.574530326564775429e+00
-4.489638973890883733e-01
-2.942210347254894387e-01
2.491040523833429887e+00
-7.681601235191557464e-01
4.185493138883042974e-01
3.131099991886507894e-01
6.945841741752412091e-01
1.891802314909655891e+00
1.640953610543317787e+00
-1.104221128572773214e+00
1.088005766944846187e+00
-4.496596911315453582e-02
-1.163088025834419614e+00
1.323631508478056773e+00
-6.798282358650853396e-01
9.110046873319639360e-01
-5.097137545425702854e-01
-4.224112567605313728e-01
1.052392028553885694e+00
8.605779113775646749e-01
-1.174648605925368017e-01
-3.658686360523644154e-01
1.923096479907254519e+00
-1.139565952586894415e+00
3.137011693470901363e-01
-1.050877868863198117e-01
-1.090727849225805013e+00
1.831278851425775400e+00
-5.241648410983099637e-01
-5.460573377007360563e-02
6.285547973082916684e-01
2.592058227002093318e+00
-1.100918821150552951e+00
1.325618114630984223e+00
1.052177560243418242e+00
1.096995181473850778e+00
1.334517493491507167e-01
-1.502731769203575318e+00
3.724267221483437140e-01
1.878014433260242200e-01
2.154783114425942614e+00
1.205297461367027978e+00
