-2.889035185106436643e-01
5.924764210920638874e-01
1.582514356143645884e+00
-2.498822979360539875e-01
-6.915651371750488607e-01
2.168854140149454324e-01
2.118629525665483015e-01
-7.478894051749822580e-01
1.153854312806493532e+00
1.936225761177110982e+00
-3.381130716486469012e-01
7.080766556555051494e-01
1.246999935408091176e+00
-7.925922695971321374e-01
-1.973468752746065924e+00
-2.447684201495130552e-01
-5.526740670675920342e-01
3.084597958094761339e-01
4.065981059636412098e-01
-2.485953564996350451e-01
-2.389266407592351982e-01
-5.423433460563380493e-01
6.658403273227015973e-01
-6.683569648603970847e-02
3.327285755206590423e-01
-3.154946112540475411e-01
-3.397766148114564899e-01
-1.399897996580528492e+00
2.998531299793425475e-01
4.030371753266193124e-01
-1.719967130925112997e-01
-1.292422299473878766e-01
-5.090081281023941528e-01
9.476389762634482850e-01
5.705271060106609227e-01
3.962548284958353761e-01
-4.495640233059647883e-01
1.410570479944075473e-01
7.672494763962411923e-02
-1.040269101577972144e+00
1.717337829505307667e-01
-9.479400271024731595e-01
-1.315978885748620986e+00
-4.308351177414291300e-01
1.834019512778555239e+00
-1.963396407722344250e-01
2.387567216285919613e-01
-5.949670280417826973e-01
2.146033006651801855e-01
-9.262564778480983918e-01
-9.642282279997083094e-02
4.277173392365698490e-01
-1.220203759744968863e-01
1.264113029130565558e+00
9.517591650991423791e-01
5.733393225416572037e-01
-8.453085777161675196e-01
-5.467758812558578541e-01
-3.284059125069607177e-01
-1.319653218619235346e+00
5.482767223164417558e-01
2.013684922074787664e+00
-4.914527502651591107e-01
-2.532579063218403093e-01
5.984810419012509541e-01
-5.363111779787947953e-01
1.519942774723865853e+00
8.338064773222564341e-01
1.221085164221524799e+00
-4.388019537210867682e-01
-1.993802174345580269e-01
1.597620931419090340e+00
2.107523288669810313e-02
-1.996972072284783906e-01
-4.328706665788821795e-01
5.827512172197932827e-01
3.824830059157511286e-01
-2.207385580244007883e-01
-1.036525243217471193e+00
-3.205245100353879550e-01
2.511456627558841248e-01
-2.204247040041874328e+00
-3.927689852493063682e-01
-6.470438058555920691e-01
-8.495455225254886500e-01
5.785492101216025418e-01
1.062368619891715937e-01
8.235552851326133350e-01
8.050583736414909097e-01
5.917576112905154062e-01
-1.468493070736339057e+00
6.146797899759661732e-01
-2.796911135343185251e-01
-1.043180339722136196e-01
8.852498804332054050e-01
-7.331883487317742976e-01
1.804197421152222702e-01
5.168546151072845873e-01
-1.013541675879371162e+00
6.810387236306940650e-01
4.026699737375167842e-01
-2.301086255975803851e-04
-4.811611992785769232e-01
7.486590645882067463e-01
-5.790321312099857565e-01
1.502619936703393222e-01
6.943728251502667703e-01
2.456176583731997098e-01
-7.794945874041054878e-01
4.983329933517044452e-02
-3.002868837851977446e-01
-2.919833558728504030e-01
1.239752401980709351e-03
-1.269452234733847718e-03
-2.639357264423418670e-01
7.611809477310016447e-01
-1.212365746626906660e+00
5.788203754282292834e-01
5.443545188511755839e-01
8.868334211575081838e-01
-1.510313221806507400e+00
3.786680693376585083e-01
-3.944629684327107810e-01
-4.333611829750383393e-01
1.656012038653228657e+00
-7.654830930167833003e-02
-1.466518252375017095e+00
8.077738149126370004e-01
-1.341747835739231398e+00
-1.133032492511199418e+00
-1.041271698333803286e-01
-5.198013319782148756e-01
1.005752236222515528e+00
1.750506451377843220e+00
-1.041276547674448327e+00
1.019885613406941616e+00
-1.376031676296720185e+00
-6.130731116947503168e-01
2.743802413776421645e-01
-7.254905428844757864e-01
-2.000784309465917232e-01
-1.020359888201618048e+00
3.765038464011860597e-01
-4.686042791110649475e-01
-5.669660558731806077e-01
2.584590926267136268e-01
1.509156356644044905e+00
4.501275005617069169e-01
5.266602137002251993e-01
-4.080108879721455750e-01
6.999212592184811399e-02
-5.391154788197383141e-02
3.936569116090442577e-01
1.031833906074989926e+00
-2.541389043978572460e-01
-8.012703410959787220e-01
2.224487764483450647e+00
-1.050524103042746571e+00
1.273118287371048929e+00
-1.349194132622473230e+00
2.327525218539285845e-01
-1.620574973210660019e+00
7.419673958370349709e-01
-8.970104122068143226e-01
4.071652011993869280e-01
-5.582307762594460598e-01
3.479053900774093933e-01
-7.998890817275094989e-01
-2.045676349526459603e-03
-1.120927185237883261e+00
-4.145471156232787280e-01
6.161835013900525126e-01
-5.923367564424486531e-01
5.569191606375722969e-01
-1.992737349626754195e-01
6.035500989775357539e-01
1.390790101576165227e+00
1.045436596974090193e+00
1.841345407118954114e+00
3.330942116219226534e-02
-1.544796203613975294e+00
7.140244228781655877e-01
3.293918722191468973e-01
2.360769569331990780e-01
3.765638763792988897e-01
5.731674566449846964e-01
8.289005884271194446e-01
1.144890709900678871e-01
-1.581374627429005031e+00
-4.517700889144284915e-01
5.894847365500748282e-01
1.119560508783912667e+00
1.093890570685198682e-01
-1.851018363474359330e+00
-7.373623082693860908e-01
3.494460651919908400e-01
-1.385127676591684232e+00
-7.016087574401810301e-01
5.998184743256720353e-01
-1.032443611675320394e+00
-9.467965689444630684e-01
-2.730957911005749139e-01
1.779241838373141427e+00
-6.992519831856114365e-03
-2.710169311720145302e-01
1.847808184969743195e+00
5.816497756170324607e-01
4.488367675395155132e-01
1.502869865561931917e+00
1.600527114895733405e-02
3.983441111563603698e-01
-4.708484834488420034e-01
-1.349915848893393999e+00
-1.338554575131398749e-01
-1.718895125103322208e+00
-1.302838475880385261e+00
6.345366000425975983e-01
-2.896802015037449607e-01
-1.857340859172387226e-01
1.499912015193542558e+00
-7.557248978416897245e-02
1.020411529129303219e+00
-5.780698049487709156e-01
-6.696358238191875145e-01
-7.586698405861813654e-02
6.884255421118590235e-01
-1.252455164770738261e+00
7.953530453282127155e-01
7.102312396463839050e-01
7.487984496385990951e-02
1.186971126387312836e-01
9.383871791680338248e-01
-2.051286046253562034e-01
-1.126809711096505850e-01
-2.546094626352957135e-01
-4.881684099479599581e-02
5.768289783751452404e-01
7.942514432371101663e-01
1.442737585358280228e-01
-2.987424169834049792e-01
-3.448239448994634415e-01
3.404830785282531025e-02
1.146060980517446204e+00
-3.385426424405766355e-01
-2.527566932542510969e-01
6.030107554969843520e-01
-4.076870995453543145e-01
-1.754608514712939105e+00
1.620882206245692458e+00
-1.444790769553800924e+00
-4.991242583323964865e-01
-1.032139754829707101e+00
4.606626156211843792e-01
2.367821473404285726e-01
-1.497814644658528316e+00
-1.734233817726507088e+00
4.662818814541180856e-01
-1.148088701310427950e-01
5.251770852104957754e-01
5.344354629521941291e-01
5.341498141979119652e-01
1.892245391212489025e+00
3.324228311484658249e-01
-3.855374163038973734e-01
5.427547930930991527e-01
8.950974606239157083e-01
3.969779733821159340e-01
-1.333607896447777996e+00
-3.997336425193633858e-01
-1.055364624440274568e+00
2.236375548459523799e-01
-1.364282376760926674e+00
5.983526203251230413e-01
5.415129112996108773e-01
-1.345023783766468028e-01
2.080195392899110374e+00
7.043374723760722489e-01
1.595249812437453230e+00
-6.303154325602449148e-01
-3.539571669092396178e-01
-9.275313184752240758e-01
1.203399461456965192e+00
-4.599982485240170504e-01
-6.207547872982743797e-01
2.569932197366675553e-01
7.480171181203587594e-02
-1.336348613226448379e+00
-8.674936121154610547e-01
-9.210549382574892974e-01
-1.881177654916825759e-01
-6.349974834946259250e-01
-5.434093924804077602e-01
2.043321723787405730e-01
-6.433446510967053555e-01
3.753917248601803536e-01
1.152306490954353890e+00
-4.736525619106890517e-01
-1.748027994164145227e-01
5.485164526814392261e-01
-6.106313213553420383e-01
-4.334066776465572701e-02
6.833088006979739504e-01
7.519531804181998069e-01
-5.444631651619555868e-01
6.762280748192308621e-01
7.969870975286541537e-01
-1.101850710227290087e+00
-4.214298556640585502e-01
-3.986422169550571937e-01
-2.102322650882634036e+00
-8.402843801223234266e-01
9.264613549279978599e-01
-1.679270647926011772e+00
-1.058735144512866100e+00
3.610658008376788075e-01
1.094261529963445057e-01
1.272311461675412758e+00
4.484756801684319782e-01
1.484019633743242750e+00
-6.777527232575124572e-01
3.353129042409905836e-01
1.906964568077441413e+00
1.136712360860293813e+00
-9.006456512061333797e-02
-3.912572812687287183e-02
-1.180690699112511233e+00
-4.977230409628363716e-01
-8.498544119694706467e-01
1.818451136168945936e-01
-1.629755233664962333e-01
-6.442932107532781671e-01
-2.759364921808096227e-01
-1.570052110912476095e+00
1.704130118309977959e+00
2.422189066269320179e-01
-7.427860427939592114e-02
-1.030013830644856299e+00
-1.955098081029147394e+00
2.136919369138334801e-01
3.037560764104814126e-01
-5.601057867602330376e-01
3.884184794795144668e-01
-1.716116863196939235e-01
9.837937820897302288e-02
-1.176788707782563836e+00
1.894857143333421590e-01
4.660673119227309869e-01
8.238070506645067681e-01
-7.182688587727614760e-02
-9.422676879718139276e-02
-1.276087606808022912e-01
-4.585516282908104202e-01
4.570459969980564807e-01
5.595002708283907111e-01
1.799075332963706586e-01
-5.812495587558252907e-02
5.835143714106205692e-01
-1.192605267104205780e+00
4.027779271128828498e-02
-6.910495230548017176e-01
3.090890257129057517e-01
-5.868379076553136287e-01
-7.626738036473215132e-01
3.786480003090550994e-01
-7.019149309473107223e-01
-8.914938888726284816e-01
4.721916233752132541e-01
2.790317091227700885e-01
5.380126127525794999e-01
3.447369047148773902e-01
1.042004031969234745e-01
1.415947780875354667e+00
-6.141323453876310623e-01
-4.668521867284409765e-01
5.223180187811218289e-01
1.066650289594605283e+00
-4.941422425122468098e-01
-8.781351304967213167e-01
-1.161344213180303786e+00
-6.569303207852641435e-01
8.345963928452837521e-01
1.971495380735452940e-01
4.078294675829496896e-01
4.820867639532870896e-01
-8.813505851947871506e-01
1.581096815149805046e+00
-2.270084507715006694e-01
-2.022643250625799638e-01
1.501286897920888208e-01
6.784022397434696927e-01
-1.039685306605999671e-01
-2.618795005014193933e-01
-3.092615955629760549e-01
-1.014716087451124071e+00
-1.044293439829839798e-01
1.275170222828730715e+00
-1.288428446692186924e-01
1.087232772239172363e+00
1.013943185255147483e+00
-6.593639475826602592e-01
-1.493614458842349446e+00
-7.029941621478306146e-01
-8.341823178162757202e-01
6.672023542175287147e-01
4.512599894528666056e-01
-1.184938576290335277e-01
-1.591611731015106113e+00
3.841982339877150210e-01
-4.986376023584240258e-01
2.679706272779371901e-01
4.920301527479526982e-01
2.189380862678369510e+00
-4.346791930577236229e-01
-4.027584585789538707e-01
4.463712686807888019e-01
9.610924125780861971e-02
-8.199528192541016836e-02
4.998328946900718606e-01
-1.953975876225406694e-01
-3.832862283514071322e-01
-4.866430826918612951e-01
-8.676742460271569257e-02
-2.982001107535987572e-01
-9.519170093815443323e-02
3.991578343141330976e-01
8.862556240274788166e-02
-8.560316727870134201e-01
-4.536754508823284127e-01
-3.924452557928397312e-01
-1.485947667028690855e+00
7.607752394084643655e-01
7.822163140708706663e-01
1.365241389797049010e+00
5.644031952499686255e-01
-3.077842661028284965e-03
6.786263766735594061e-01
1.252715384771692975e+00
2.481822853341100199e-01
-4.573897898014989138e-01
-5.636807572482727124e-02
-1.044176488633008049e+00
-7.896021340162704405e-01
4.950777259469436586e-01
2.679764011698431148e-01
-1.472300896315628105e+00
5.078747555413674064e-01
2.575321903582308281e-01
6.480953316608673020e-02
-4.922002662792079875e-01
1.428051166947604145e+00
-2.495472510188889714e-03
-2.072252482985321720e-01
1.269438340154033895e+00
1.884488863408012804e+00
2.308004986212566223e-01
7.331428468839593648e-01
-1.900910527009382900e+00
-5.796185506020457012e-01
4.611439015311802336e-02
-8.800664422589399294e-01
-6.887380276291175107e-01
-4.737667464996153655e-01
3.598702625923619891e-01
9.036945150299482421e-01
1.696918053869771015e+00
4.509684080227804870e-01
-1.322650243598741948e+00
-2.069624621681773746e-01
-4.070324888359522220e-01
-2.528788239708834595e-01
8.431005746628343900e-01
-1.034313200048067483e+00
-5.817774898835770259e-01
1.472560385872743183e-01
-6.643985942602901318e-01
-4.055521261764392094e-01
1.036774885032462734e+00
3.261855398474349244e-01
-1.500672331427272965e+00
-1.097160316623222442e-01
-8.114865782800695371e-02
3.123683747123262577e-01
-6.040659876183154253e-01
9.665497168421000040e-01
-2.724579764753016775e-01
-1.152401599421803979e-02
2.500173190851029403e-01
1.162990537110944800e+00
-3.201630809647282305e-01
-5.794976663039275167e-01
-2.014193352699968909e+00
-1.279392385099242802e-01
-4.456385911328863969e-01
-1.787755207399150059e+00
1.172340725788484583e+00
9.384453827158889538e-02
1.272727183679496221e+00
-6.423972923448237893e-01
-4.992215267452992933e-01
-1.142304921020205200e-01
-6.182963816576299010e-01
-3.605374268487784306e-01
-6.574219611497094107e-01
-3.941908391680568613e-01
-7.994783471088293680e-01
-8.249799599691671759e-01
-4.219584704592804769e-01
5.633229906859762437e-01
5.097157297186729608e-01
1.692478567223343333e-01
-2.336364933130683497e-01
-5.711030798456544488e-01
-2.243318313452924428e-02
