1.304685062801698159e+00
7.698822473716093739e-01
-1.204633926236089447e+00
6.074626047530635731e-01
-3.260905691886240021e-01
5.911352234982567566e-01
1.283836420078924512e+00
1.683499937049910855e+00
-2.983944487908916088e-01
8.887306892642490297e-01
-4.062043039262803745e-01
-1.038154621797551691e+00
1.568431388452879993e+00
1.538736917514933467e+00
1.129097395896081935e+00
-8.708224178418078054e-01
-1.589351211388544627e+00
-4.867239890026215932e-01
5.404363943965160288e-01
-4.116475584109737795e-01
-8.118394785852345308e-02
1.678805611006030318e+00
1.141571022713527839e+00
1.288328642968341597e-01
-1.734623555919867499e-01
-1.180103705500463285e+00
1.152237344819248221e+00
-1.293309990155199429e+00
-6.535332610471797921e-01
-2.653119628842487643e+00
-5.782101623296513893e-01
-1.066288034589860878e+00
1.679437195668977978e-01
3.903178984108954808e-01
1.665649027319755504e-01
-1.896949779677470360e-01
-6.822911024588105278e-01
-8.957783231286846615e-01
8.866441285095767455e-01
-1.067119253483519437e+00
1.576724588597842036e+00
-5.637239422342004147e-01
-1.567974960951707075e+00
-2.631448974975523214e-01
1.589625433364314944e+00
1.694625712331319534e+00
2.331304131614517772e-01
-1.282701736760961886e+00
1.121145412619157788e+00
1.784050969245843277e+00
7.966299352928452038e-02
-1.749285913788622970e+00
7.992750757101205750e-01
-1.054762046752364846e+00
-5.107264396838058218e-01
7.660789687989408847e-01
-4.139344476524389194e-01
3.232080560009116255e-01
5.749154927524706693e-01
-7.115947449718573736e-01
-3.443428424859433790e-01
-1.539043458451951896e+00
1.932337590407406935e-02
1.944334690864431892e+00
1.015579352058625595e+00
6.564023075516880468e-01
5.647575187860045531e-01
-7.942723521347794247e-01
2.970160778289354653e-02
-1.566332326129992847e+00
8.534491251593445682e-01
3.269186223457385410e-01
7.402516780605203905e-01
1.288047060726765558e+00
9.989594591692778636e-01
5.643085739560174119e-01
7.093818830927745012e-01
3.641322268542657170e-01
7.121941180366224700e-01
-1.733783146956176413e+00
8.632816603552653234e-01
-1.502451485701054690e+00
9.233351658778312654e-01
-1.092948074905037981e+00
-1.638317919781748344e+00
-1.312234270649908829e+00
-3.804992023424418335e-01
5.630677235269621050e-01
2.781877004165389522e-01
1.766294374254097299e+00
5.947399746809578502e-01
-5.868206479594046954e-01
-6.419206678796456345e-01
3.822364686103529863e-02
-7.154607289566961015e-02
2.873836195161407758e-01
1.058764642043836801e-01
1.276670384896032573e-01
-5.955040391236217090e-01
3.844301943438521718e-01
-1.726529040158994555e+00
-1.076867156565468608e+00
1.294704888818102972e+00
-1.732005389047150068e+00
-1.901831445721580138e-02
2.075848626964898358e+00
1.461430675170242388e+00
-1.085370723118079361e+00
-3.624675206277689909e-01
-6.157107593770616560e-01
-8.786525037732619836e-01
-1.401798685961983537e-01
-6.673953780232935173e-01
1.790839016825909624e+00
-1.812249834838618234e+00
-3.111169742794306359e-01
1.242507440378801675e-01
-2.316686552709130709e-01
-1.211246542030273599e+00
4.009502314127546541e-01
8.227677679457645610e-02
-1.359527575406333177e+00
3.106389905903448323e-01
2.394058178177935758e-01
5.614771240400076024e-01
-7.923754821946538129e-01
8.312288746808293993e-01
-1.109008158039546998e+00
-4.085169041490308572e-01
7.470654564825913724e-01
8.028815909686493058e-01
-6.058089948423628357e-01
2.361292198848161661e-01
-5.069125317968445898e-01
1.225337743057595574e+00
9.364560346301988858e-01
-1.147659153758766593e+00
-8.076702701263380746e-01
4.795337666711319002e-02
1.545164786110557742e-01
-7.499518956265927017e-02
-1.161416634726842201e+00
-3.563002801194503633e-02
-6.268297434697682746e-01
-7.206897634332518621e-01
-2.122590892666860185e-01
-1.615998379229272253e+00
9.471967323970940100e-01
7.735730375747991161e-01
2.469063624931875367e-01
2.734879443466482485e-01
-1.261733527546849309e+00
1.312858747825949912e+00
3.634818488378677159e-01
-1.350482750090442607e+00
2.480280173027889390e+00
-2.134847812107905085e-01
1.308436479718660728e+00
3.994247866402425018e-01
2.666903657832309094e-01
-6.132187571151757055e-01
-7.718322330273146292e-01
-1.079773303258133588e+00
1.143790423469512874e-01
6.486967552365872081e-01
9.567902038184517011e-01
-2.236312354280176606e-01
1.847084742152533821e+00
1.820325695668265631e+00
2.333533047757057943e+00
3.963508592586144630e-01
3.598107348647081594e-01
-3.616286551856688902e-01
-6.389716081051401986e-01
1.143682281107096799e-01
-1.455517752239440910e+00
1.517437562436492193e+00
-1.456116010176357278e+00
-6.286941663590868146e-01
-5.716999121507573278e-01
6.969464012599928537e-01
-5.133211291176928981e-01
-1.056804246172549089e+00
1.063159183956248199e-01
1.073251551609110344e+00
-7.233489306433771304e-02
-2.451991904968355840e-01
-2.646337595640551044e-01
2.015118529706594330e-01
-1.370135337300034006e+00
-5.417160922415478197e-01
5.558800570495980864e-01
2.191215258150407408e+00
7.541379353638895111e-01
-2.564981797767629246e-02
9.047179243985112862e-01
1.232637317595841608e+00
1.014916491227886297e-01
9.400146487457039512e-02
1.100659602639821877e+00
-4.229281998521265962e-01
1.295904919437908198e+00
-1.457198202515050944e+00
-8.501107620952925714e-01
-9.785961786318662092e-01
3.510360812032153888e-01
2.301455903505562617e-01
6.370461681898156314e-01
-1.534182104557533233e+00
8.370034755139172944e-01
-9.598825409900602068e-02
5.876486266833937933e-01
8.246689865032932332e-01
2.986801030898886822e-01
8.235089371799917402e-01
-1.130053695351362908e+00
1.169004493304797165e+00
-1.608180986401561263e+00
1.806688147344965856e+00
-1.417625845348107205e-01
6.614481871362904997e-01
-1.322758378927558987e+00
7.462317314533279955e-01
1.167124712243684748e+00
3.862788300207675718e-01
-1.234477331507024989e+00
8.587116773786318547e-01
8.593622698965885931e-01
-8.934548185450168489e-01
-7.990406472654001391e-01
1.180035684159444820e+00
1.943636381935661461e+00
4.586713298459859089e-01
6.373891600482695097e-01
1.275086906061973835e+00
6.243924028062046716e-01
-1.024704509901970262e+00
7.820621516192840517e-01
-1.739346891376479576e+00
1.068157582201438416e+00
1.567047730956985241e+00
-1.755673523648315193e+00
7.442263137371609716e-01
3.966076526861144202e-01
-4.156268505662676915e-01
3.710267853560145213e-01
2.306350098923903857e-02
-8.364397584478533432e-01
-1.824642308087245368e-01
1.066950938914613900e+00
3.195248382553931066e+00
1.868109655156451332e+00
-1.699265800963631889e-01
2.842224951043897718e+00
-1.114103636574907963e+00
1.707077248516176482e+00
-1.166303827733665255e+00
2.197228078559554376e-02
-6.436614932247186616e-01
7.835522325297139545e-01
2.571743197616963350e+00
-5.017594869517507661e-01
-6.390625672876026897e-02
-1.445044508943107431e+00
-1.197226937066809604e+00
1.187399718890267408e+00
-2.380504995741857144e+00
-6.297776000824679699e-01
5.872887456282818164e-01
1.568557795513218167e+00
-4.044358021325322738e-01
-4.124228177776529947e-01
1.330866080585106026e+00
-2.062682042191943399e+00
-2.352199617784167529e+00
-4.414016900593553672e-01
-1.078430236587118785e+00
-1.926964227888774417e-01
8.444700836078613548e-01
1.558897246426487193e+00
3.978020546773439747e-01
-1.541153792879202733e+00
-1.179635387984707684e+00
-1.561161331676679254e-01
-1.796327065511010623e+00
5.298372596675378077e-01
-5.845245453484926301e-01
8.100909718362920842e-01
-4.107306154425920397e-01
2.227101667415323227e+00
1.949509115471892429e+00
2.468571183143470904e-01
6.806557987858763425e-02
-1.548364384584282050e-01
6.082524740959014409e-01
7.825286527600505693e-01
1.468107368782179734e+00
2.301371291072905834e+00
-8.581672902481676246e-01
6.436058284386536599e-02
1.488447218504345138e+00
-2.131640342939177479e+00
5.554799682871305322e-01
9.064349917052441086e-01
5.702527886916843869e-01
1.630833812627940027e+00
5.750361572879869598e-01
1.034241833780153996e+00
3.380640710848226149e-02
3.668344431961942931e-01
9.972332622949142689e-01
-3.937841723569484031e-01
3.092530484005923341e+00
1.809192517449473847e+00
-5.097765559112374945e-01
1.392301646633864465e-01
1.298198045007541879e+00
-2.817543025958126890e-01
-2.807588926844193367e-01
-1.081674640889408678e+00
3.943938924770362675e-01
-4.002230191255975456e-01
1.413662676277768426e+00
-1.179002227566305905e-01
4.637236569191482971e-01
1.490577463767199795e+00
-7.667053497488485192e-02
-2.752218994149933096e-01
-1.108006070602843174e+00
1.378940194308433398e+00
2.878556127839111412e-01
-1.422137207232851974e+00
3.705462910059873494e-01
-4.809611798203894395e-01
-4.389455296076771873e-01
3.039711009020615862e-01
1.505688269245371913e+00
7.733325966328958856e-01
1.835503585969691542e+00
-9.452677537754619053e-01
-1.440272747266966302e+00
1.136258478526716686e+00
1.851036768863261628e+00
-4.191454349991801109e-01
-2.796966715428057526e-01
7.950385893114972902e-01
1.879054062863736441e+00
-8.300663142569248976e-01
5.257215563415034154e-01
1.724126129567091326e+00
-1.713160996108436862e+00
-1.209494642376927942e+00
5.715234492156824331e-01
9.620178267284007489e-02
3.704044440868337063e-01
2.173629884172432192e+00
6.947286187685453029e-01
8.969771189422655056e-01
1.804304462277448451e+00
2.136935185694954775e+00
-6.576043242336568895e-01
9.929891889781261582e-01
-1.219119424861623724e+00
-1.679602972055225241e+00
8.684475909481008671e-01
-1.154059869180797282e+00
2.038969344337582257e-01
-1.029299380288812849e+00
9.692950614222484162e-01
-3.929914904206786019e-01
-1.198676088995608069e+00
-1.658593920848348002e+00
-6.622046816969184846e-01
-2.961730272065734582e-01
2.003119373922483071e+00
-1.061681766283018469e+00
1.482585744507311176e+00
-1.713246832383127582e+00
2.118753140237887855e+00
-3.117578637877764791e-01
1.900787623834787610e-02
-1.671836471540002478e-01
1.114080758819707917e+00
-1.515572900922643740e-01
8.706356754408517418e-01
-1.017443264943489467e-01
-1.399766756691871894e+00
1.484775032584998655e+00
-1.462723802747167845e+00
-1.323738726737704319e+00
-3.380710043506045537e-01
-1.249204777634849162e+00
-3.516594864000612830e-01
3.148492276726173600e-01
7.143369567324242553e-02
7.792750852398802053e-01
-7.015954392963594799e-01
-5.845940240029676715e-01
4.986163423822169705e-01
3.696464785763442507e-01
8.977255121951834838e-01
5.750378427187161634e-01
1.974935218422953831e+00
1.387708756850804193e+00
-2.500519016136870665e+00
-2.689895673271838206e-01
-5.278379354544808777e-01
5.117631579319139590e-01
-7.157305144965189214e-01
1.222096158168151980e+00
8.814404094528569544e-01
-3.688417077994330384e-01
8.266167139912647954e-01
-2.775559986103858456e+00
1.448581719677867419e+00
9.354609540294998027e-01
3.138606923754814204e-01
-7.776077861993124785e-01
1.984986587366264210e+00
1.505487073539086396e+00
3.669181152392173573e-01
-1.323313006261258806e+00
6.234364530003952964e-01
-2.339675825763336547e-01
2.912678415857028469e-01
-6.112595681648809176e-01
3.875407108181816440e-01
1.112273735558300558e+00
-4.369541553933897760e-01
1.717375885322312001e-01
-4.932462674200364106e-01
1.240739700560187231e-01
2.200462458084995632e+00
8.799289366883122909e-02
-1.511837594879825719e+00
-9.684695254577029289e-01
-7.484633025246276716e-01
-3.165773668077989100e-01
-5.842590926965112175e-01
2.304984279781056244e+00
-4.162384673179531092e-03
6.262581626664314172e-01
-1.624878776229148336e+00
7.331967934819783039e-01
-1.722131232871619844e-01
-6.947470913240003654e-01
-6.013571832975372899e-01
-3.080707449210642324e-01
-1.855159039573958779e+00
-1.676360648264987319e+00
2.765199179502078053e-01
1.251876874124153716e-01
1.729487853519944274e+00
-1.122381850098421729e+00
-1.395533212711803639e+00
-1.053111548904992922e+00
-1.345036121002260998e-01
-3.481438611955036677e-01
-4.503827360065351115e-01
-1.020418605254564959e+00
-1.263047653018809502e+00
4.755842499811429036e-01
-4.877259544738548058e-01
-1.019853623588789393e+00
-2.544911742300603130e+00
3.737819537573017215e-02
8.335952498051923953e-02
-1.338878926360710153e+00
1.051049427155932747e+00
-1.720985527263663162e+00
-2.388108014807706070e-01
1.757274489589740085e+00
5.231146145613525533e-01
1.193922693099541910e+00
1.424426269574505355e+00
5.698305664647129731e-01
-1.618434445168764668e+00
5.011962507091887176e-01
-8.045494901297391976e-01
-5.725096451527935670e-01
-1.588184775594299936e+00
1.219564755199860073e+00
-2.753554372208117940e-01
-1.012047033232661430e+00
-3.481651633283355807e-02
-8.686478298585669222e-01
7.554499749017651311e-01
-8.757031833619643990e-01
1.036569281748196403e+00
-1.542770856027360971e+00
2.884815916204788167e-01
1.797509408852457469e+00
4.721541063052416831e-01
5.966203323570438144e-01
-4.142924842683450848e-01
3.907133698942280020e-01
-4.344592986135102919e-01
8.027561572647616828e-01
2.380591823928605244e+00
-8.221820321512218754e-01
-3.411059811709327150e-01
3.110993623066944380e+00
1.589864134985937483e+00
-1.132913719416439591e-01
-1.898515279312716686e+00
1.503960529128995027e+00
-5.050920904283282553e-01
-2.857079448774344499e-01
-1.064818002976219979e+00
3.189388287258463350e-01
-1.480954559308500507e+00
1.584292827856348396e-02
7.975639242939580598e-01
