-3.337407773816272183e-01
3.529325178120332751e-01
6.470745843800713715e-01
4.586483337788260783e-01
4.084864263287997233e-01
3.748752709789986426e-01
-5.069180607612144840e-01
1.017659718539444036e+00
-2.137104121072586516e+00
1.144505823721335247e+00
9.050034952040775238e-01
1.385411748827807266e+00
8.127730173015725867e-01
1.650766551765539880e+00
-2.422839845120670077e-01
8.270415334805489849e-01
-3.922443844210476982e-03
1.242727225438806649e+00
8.971045923229414853e-02
9.612918844302589250e-01
-8.646654113674356879e-01
2.640676062671825086e+00
3.417456441839261672e-01
-1.689138309540514360e+00
1.547279767625530766e+00
1.645957177744007183e+00
-7.597533877787867596e-01
-1.441287835995683775e+00
3.748896211468641937e-01
-1.163095282667057528e+00
-9.862733443536608746e-01
-5.875123363524545894e-01
-1.062928536324852402e+00
1.153774003462920916e+00
1.872343918778380356e+00
3.378127784903131925e+00
-1.017054664504926542e+00
-9.602635068488671877e-01
-1.593720162787065853e+00
-1.928465867645381415e+00
1.142901087389817327e+00
3.786844472362638214e-01
-2.701591272706572067e+00
-3.291135656939155218e+00
-8.491334717077805294e-01
-2.105246624129142319e-01
2.840789562454819617e-01
1.879488464876652110e+00
3.127304839207679876e+00
9.415549796537554528e-01
6.178795949362214657e-01
1.618069122312437713e-01
8.777643881872769782e-01
-3.455735565225381833e-04
-1.412731345797666016e+00
1.767796440941509672e+00
1.309322787946745947e+00
7.339878009150613281e-02
3.077211435820332852e+00
8.472768526649323562e-01
6.420240354343000888e-01
-6.456058177406198695e-01
-1.688355288596193660e+00
1.065960066201894207e+00
-4.899794743273782061e-01
1.794175151322921380e+00
-7.263690013584103156e-01
-7.286553842810556958e-01
-1.771396031387926229e-01
2.522827112326995191e-01
-1.808975987784236850e+00
8.797185572214392124e-01
2.619894785595411335e-01
4.527064346851794596e-02
-1.331242989314258551e+00
5.259826071404294368e-02
-1.583315506191630639e+00
2.537562405131073007e-01
-4.340652976547492159e-01
-1.900393544464427098e+00
2.634864408616821585e+00
-1.058416672352191501e+00
1.980443365580675241e+00
8.283140940370259386e-01
1.268887675509232871e+00
-5.045245926788242130e-01
-2.832790152390964433e+00
5.330383242800875720e-01
1.934735711019728299e-01
2.151214994783225976e-01
1.198427418916979903e+00
4.415758591766483221e-01
-2.683096193148850617e-01
2.307151424911939586e-01
-2.082227452575429183e-01
-5.577678694863283937e-01
-1.600190270884845223e+00
3.128323979743470318e-01
-5.891620212111678967e-01
-3.660763696739692818e-01
-5.455438018292113611e-01
2.351154128994981107e-01
-6.087785893171417939e-01
-1.544136527426942518e+00
-3.534308146875991596e+00
2.562808154452021370e+00
-5.736607629352210580e-01
1.374466511918779332e-01
-2.333831255587046627e-01
-1.988142405586891037e+00
-1.773889032151035217e+00
-1.603092581805391603e+00
-2.788723077376765502e+00
-6.882903309778019008e-01
-1.692016384705726573e+00
3.299724657379634607e-01
2.424539860888224041e-01
-9.325542074152330940e-01
1.657976204479169269e+00
-1.055859374733341127e-01
2.124775357855668290e+00
2.217591609467529423e+00
-4.553875495476127355e-01
1.623893771120332730e+00
1.910352490543218096e+00
1.248072423086126648e+00
1.802588583608805806e+00
-2.477098417964285204e-03
-6.626443778137680596e-01
2.507191858079618640e+00
2.414283065642836235e+00
1.853980613325978410e-01
1.276974976386311411e-01
6.749463426812720712e-01
-3.606459084303992313e-02
2.269681875233324320e+00
-6.674533361932830644e-01
-1.232967607273787181e+00
-1.770288706186224914e-01
3.156858941970224208e-01
2.747240277835771849e-01
2.110996548569829656e+00
-2.821065679954166683e-01
-8.184509758900624377e-01
1.209460401546400554e+00
1.728574097805209320e+00
-2.763842719043995810e+00
5.745386281593045652e-02
7.783269610392391513e-01
7.033739879556568653e-01
-1.106009008856865261e+00
3.113845962096206677e-02
6.699898198809961514e-01
2.882883970900639525e+00
-1.290111096253894196e+00
1.338598752420736560e+00
-9.399047470735926169e-01
-2.586840932004967897e+00
1.317135258930291819e+00
-1.321906495046937913e+00
-9.833008205176518857e-01
-1.858514516678138051e-01
1.849694442487637147e-01
2.684224502030323478e+00
-2.214523742695293507e-01
-1.512757900003922629e-01
2.040625409820512104e+00
-7.534870994887921114e-01
1.567288241203672605e+00
9.722745894764699415e-01
6.067611352740556185e-01
-8.606981523063073070e-01
-2.392928832393146354e+00
1.171147563041643025e+00
-1.428302271941920054e+00
1.237602345369794854e+00
-9.290577240076647314e-02
-2.892629033059494148e+00
-4.008903815246265268e-01
1.654675117641772886e-01
1.975300224365295065e-01
-1.022100878560039394e+00
-2.024010138793795210e+00
-6.194167546094728749e-01
2.093941553168031433e+00
-6.136787969352743843e-01
1.097013070324366346e+00
-1.145041098565814153e+00
-4.399239006121682394e-01
-2.795901231653161734e+00
2.040723753099902282e+00
-1.487378971935434890e+00
-1.278035658663627672e+00
-2.277882473239785099e-01
1.515472758796690300e+00
1.316243312179611991e+00
9.972021305069009856e-01
1.622703814030542091e+00
2.285057310126001440e+00
-1.566151064026364281e+00
-8.450632925647578730e-01
-9.909689565467338923e-02
-1.292195132501139376e+00
-2.529120859455504799e-01
-1.691122213712326960e+00
-7.379264652686741144e-01
-3.432884520989087918e-02
7.990061682308819968e-01
-3.399572840868900769e-01
6.943076992604098052e-01
-2.202891829605531981e+00
-1.808965482507433720e+00
-1.112737678550779208e-01
2.288503948339938532e+00
1.401864342648813100e+00
2.806486849364322467e-01
2.361305074396156556e+00
7.420039620632632449e-01
9.715858541096933365e-01
2.304099348868162700e+00
-1.895721331821036415e-01
1.025169169678244785e+00
2.426436845661113395e+00
5.109175570900772456e-01
-4.553968882019301390e-01
-1.222371682787384284e+00
-4.792809981142420739e-01
2.299754529807320758e+00
4.150280838344846401e-01
3.728867054504618750e-01
1.596554364937603054e+00
8.712897267962604886e-01
-3.308491346121353871e-01
-8.762712236837106872e-01
-1.114587578881351071e+00
-7.520324036970276183e-01
5.040563412328609161e-01
-2.316124031717361476e-01
4.483107300678543794e-01
2.219286068385026844e+00
2.651492651140099355e-01
-1.058022723042391089e+00
1.361352798027533062e+00
2.298970744807612654e+00
-2.298049657966307890e-01
-6.731819063961896887e-02
-5.360794076593968782e-01
-5.589976632313486959e-02
6.717328243779903119e-01
1.230035463400666274e+00
1.175380066758064501e+00
2.319411732911847324e+00
-1.784256241629668338e+00
1.285981639352526962e+00
2.311080550181969784e-01
1.031833529225123058e+00
1.007440043645493333e-01
-4.929522315949679268e-01
-2.532693646827794964e-01
6.100657671738698440e-01
2.659347735664918666e+00
7.128772129695981619e-01
-1.022960694910552970e+00
-1.708512063267179748e+00
-1.066347449185516272e+00
2.584566777052175190e+00
-7.874035763847828662e-01
-1.442419896397442169e+00
-6.356557718139601576e-01
5.811835993031779779e-01
-4.538970530897392663e-01
-3.945459944752185422e-01
-1.985203639092878003e+00
-2.005286242728689494e+00
-6.974911388588367345e-02
-2.603689198853755826e-01
2.415306592093109828e+00
-1.651005306065047584e+00
-1.936003532876668487e+00
-6.639591977704615289e-01
1.108209684249153781e+00
-9.316747384763157669e-02
6.478120249212215853e-01
8.625595452826315679e-01
-6.028449576485854777e-01
5.406292156374110647e-01
4.975727039649155969e-01
1.180089663705566672e+00
2.471796945123765354e+00
3.156597934528901916e+00
7.358689515828444883e-01
1.927367756785347552e-01
-1.888718978247103664e-01
2.682033875886862262e+00
2.335414944375974855e+00
5.988840130759909286e-01
-3.706141578877062415e-01
5.404451262219778229e-01
2.075085258937242827e+00
2.068101794322361187e+00
-1.353187857325075516e+00
-1.543652060222156397e+00
-5.732103239525265792e-02
1.047925698820781903e+00
4.753064462198999252e-01
5.597341970234541719e-01
1.678746787465829726e+00
-9.963871339744034827e-01
1.496661003338317641e-01
-1.966669276625604645e+00
1.582360447400628090e-01
1.594548122565061732e+00
3.435869595862172332e+00
-1.951230903377664028e+00
4.970324236288874431e-01
-4.233690183335649948e-01
-2.386924856607883783e-01
1.902838194514185233e+00
1.353147671875623459e+00
-1.355476686586377433e+00
1.568230311619045025e+00
-4.275549798958087067e-01
-1.001925927449271114e+00
-3.057212127200235940e+00
2.478225080158069638e+00
-2.211814270381963876e+00
1.674743299608485003e+00
-6.259216944153171980e-01
-1.126796263657530162e-01
1.171687109331999821e+00
1.825006603195511445e-02
-5.911562552799232151e-03
6.710932316298112710e-01
-1.736457278260956638e+00
1.006868270119256614e+00
-7.436924049339204146e-01
-6.727877998512310498e-01
-4.897183432731022634e-02
1.775666854195236510e+00
-1.218231736963750755e+00
-2.323800582709360629e+00
2.307178050108838363e+00
5.002900377375461005e-01
-1.759596706309981329e+00
-2.369954474033866276e-01
2.170470778655870348e+00
-7.191692157799494112e-01
-1.239157901418485253e+00
-1.407064674176805141e+00
1.138935635895061083e+00
-3.283269123292704705e-01
2.236843827120893025e+00
1.171321910665028554e+00
-2.451952025557373460e-01
7.858291461931088406e-01
2.121941757709056908e+00
7.020679765744661793e-01
-1.363350637908218310e+00
1.884134947783779879e+00
-5.191904081070655153e-01
-2.313420916843432984e+00
-9.794857907895746507e-01
1.448569896653322253e+00
-7.857604776491768916e-01
-9.986447438232124441e-01
1.556521030990247745e+00
1.055182640441452158e+00
-1.551945369525170371e+00
2.292560300468533541e-01
2.608607936807283423e-01
1.883188081449471696e-02
2.804462005013874659e-02
5.959796750519794628e-01
1.663827120584980612e+00
-4.862885112143926492e-01
1.070034998225175116e+00
2.530880454314639039e+00
-4.894806949049970157e-01
1.074566486466413728e+00
5.840017252220706112e-01
1.004897567618353804e+00
8.499914918996234192e-01
1.335144333003412953e-02
-1.358427894806164105e+00
2.997877385502327741e-01
-7.470020678865276764e-01
-5.918818146358972854e-03
2.089382724256196866e-01
-2.874857885641546318e+00
-1.226141212902390976e+00
-3.308172565965108447e-01
8.085927710994873507e-01
9.915215998400306319e-02
6.652649687979952375e-01
2.758624257827236192e+00
-9.653457979445096981e-01
2.287505827800103475e+00
1.706464832877752080e+00
4.603304079889607436e-01
2.882534203155824315e-01
4.390583275624138082e-04
-2.037461836703011286e+00
-1.258365192722823434e+00
2.095791936519822762e+00
1.743506852779592720e-01
-4.295573868360111902e-01
-9.933889387170582452e-01
1.775135840844912494e-01
-3.997097513961813675e-01
-9.941834712810013741e-01
1.242252885982253474e-01
6.413349918497139868e-01
-9.698704338031820527e-01
-1.635942744484335520e+00
1.464278247651060738e+00
-1.417587601741105097e+00
-1.975216119760857758e+00
-7.581862779960157894e-01
-5.681490151675863132e-01
-8.837680829691985096e-01
-1.559250423471665314e-01
-4.390002670066834867e-01
2.323018215824069976e+00
-1.555926755016463048e+00
-9.376949786489223726e-01
-8.351556602244105676e-01
5.481231667979784561e-01
1.278823048596193779e+00
-4.204273177070527723e-01
2.037198915392457010e+00
-1.474007845647102855e+00
1.595906834278157937e+00
1.632758041026369789e+00
2.589724830161594937e+00
-9.652113891526630240e-01
-4.718676580848581992e-01
-1.611632347344484018e+00
-1.321910802171265331e+00
1.364257107248830536e+00
-5.973384781031585433e-01
-7.843030038487999178e-01
2.192844964867049384e+00
7.509256440805209820e-01
1.168457887649418936e-01
4.016944652477851818e-01
1.179362228618159314e+00
-2.242556697822498890e+00
-1.729100486401264458e+00
-8.806838273260773065e-01
-6.263367904474925751e-01
2.343555153194760265e+00
3.594846856947242486e-01
-6.250793891938775104e-01
-2.265133451851264468e-01
-1.337885165780082986e+00
8.411240011976950370e-02
1.033315432007570145e+00
3.430137868813867286e-01
-8.211420177902439832e-02
-7.497555700886913144e-01
-3.110448988897749345e-01
-6.237252579838923339e-01
-9.146901925974972869e-01
9.472189815757587894e-01
-3.107001955831059092e-01
1.534340391902292211e+00
1.397555107672868502e+00
7.007750384564657153e-01
-1.030053823194130302e-01
9.935532379129297098e-01
1.135824460003781233e+00
-3.046126230084613695e-01
-1.007125669212503016e+00
-4.937148031113567370e-01
1.138636768542291122e+00
-7.708145829683594741e-01
9.154278331041965089e-01
-1.356693369956238460e+00
8.800657160152010050e-01
-3.275135334213032934e-01
1.459244696800339192e+00
4.264148507035763203e-01
-6.436252916332900753e-01
9.903524814784345764e-01
5.677933444733618273e-01
1.184998661973222234e+00
6.985514061957154297e-01
9.494054076409046417e-01
-5.805991056758808000e-01
-2.919627045831232337e-01
1.219355574191661518e+00
-5.236789169618427664e-01
-3.268902287470236701e-01
9.352310111527870617e-01
-1.379681030949801990e+00
-1.312689807730723857e+00
-2.088390166250290392e+00
1.305727658432960681e+00
1.797689352738815138e+00
-4.653955339783797385e-01
1.490962184433833215e+00
-4.451626692345369563e-01
-3.309441774287469329e-01
5.447154841089467681e-01
-1.058055639630847811e+00
2.045304812387525040e+00
5.133900444746384295e-01
1.471798886522175387e+00
2.568417231152070102e+00
-1.073446038077990217e+00
3.809260151067483946e-02
-2.235870427663421367e+00
-1.214760328014841129e+00
