-7.452973687843913453e-01
3.539813756401120060e-01
1.034777292152976536e+00
5.353069319318128905e-01
-1.389275947525901334e+00
-1.475034108039156244e+00
-9.483243735064172952e-01
4.729346921799848502e-01
-4.169114335331878252e-01
-1.209838465568774168e+00
6.293354042812193683e-01
1.050981722327898993e+00
-5.341032158424487974e-01
-6.276638268185710245e-01
-3.089585166840098651e-01
1.661331036110809123e-01
2.935422958312710051e-01
-1.673050053783542879e+00
-1.218890401768004672e+00
-1.530076304611692528e+00
-9.767704182466268037e-01
-1.710679888016315431e-01
9.437408779731519815e-01
-6.236223339787834163e-01
6.688341637718071553e-01
-1.326252834736027619e+00
-8.786024573891939582e-01
-2.045870432513030579e-02
-8.304798993411557362e-01
-6.488390709660531996e-01
1.515678848484331098e+00
-5.225564732586116534e-01
5.371695709764745530e-01
-1.413162014341599715e+00
-9.319212100962435130e-01
4.800711907979371418e-01
5.349796977788248142e-01
-8.376128517313654598e-01
1.288582360240938307e+00
2.320626941788344055e-01
-1.617928306572622432e-01
3.254516944820293745e-01
1.485871070318150799e+00
-2.047036134410298303e-01
8.087552579786692064e-01
5.506276670013416918e-01
4.410621223780140099e-01
1.856926478500167121e-01
-1.278949656149875214e+00
3.730735650289043193e-01
1.659756480469791740e-01
-1.669530744131420441e+00
-3.707718088939433443e-01
-5.981745796428858952e-01
-6.928045059212664114e-01
-2.235780258240263052e-01
-1.033474412624100669e+00
5.978498406057628500e-01
1.764903645276323374e-01
-5.686987159988010632e-02
-1.259765816525774795e+00
2.210895991418198037e-01
1.849752776012936195e-01
3.931597262239421298e-01
1.833914262055214017e+00
-4.846286449445811328e-01
-9.667980607719872665e-01
5.284529655966343498e-01
-1.376456028159176448e+00
6.482386546486837986e-01
1.304319676078171675e+00
7.348253960010344699e-01
6.029239297350734716e-01
3.546434200302925888e-01
1.158099643409514989e+00
-1.504716973749047337e+00
5.993448875436993006e-01
-1.134075558612954726e+00
-9.233997481412021813e-01
2.842024543732541986e-01
-2.058602363874992847e-01
2.255121381451896667e-02
8.395532483720486994e-01
1.309545876548834364e+00
5.945362846888047059e-01
7.953120266718478604e-01
-7.804473016393194129e-01
5.148520816626112051e-01
6.793889279289020422e-01
3.265645470107925163e-01
-9.579681915568629691e-01
1.421462622172673385e+00
1.030110832240360708e-02
1.383456030904381961e-01
4.002176094206859602e-01
-1.197891185609121223e-01
8.249492952048100847e-01
1.333484583124384670e-01
-2.089786949271159600e-01
7.281340177157495930e-01
-1.192382533795479649e+00
3.253477390666965618e-01
-4.123960362400600488e-01
-7.172672048381620868e-01
1.958769895377585613e+00
-1.115377907464826901e+00
2.567625165008866617e-01
1.827644176205982518e+00
1.104276789956179172e+00
-4.820680957042888792e-02
1.400188114245439763e+00
1.962832432348999845e-01
1.163819748111065699e+00
3.381531707523608432e-01
7.551749078929645975e-01
7.416708288959217299e-02
9.803841523223368881e-01
1.367647427900071655e+00
-1.201526679640814166e-01
1.381828349831550895e-01
2.031972695905306381e-01
-9.932061268292997624e-01
4.592193700961448855e-01
6.056072610300091696e-01
5.659615185494528689e-01
-4.041728859033124621e-01
-1.036903942981491245e+00
-1.224749436522740709e-01
1.292244871344974122e+00
-1.008860163832374202e+00
-1.723020384268671545e+00
-3.698184650559390718e-01
7.930485664991824279e-01
1.075833848427263817e+00
3.204965786010838258e-02
-7.062270303394333482e-01
-2.235024411276764766e-02
2.638091212725973023e+00
-8.410700807166104909e-01
-6.735785444289463797e-01
-5.995602150438763545e-01
-1.421869105362194574e-02
1.197888183675049234e+00
-3.168595709241177616e-01
1.129208869936881854e-02
-8.922650885835352597e-01
1.098169185984447793e+00
9.077769436300826555e-01
5.867116263002465359e-01
-9.046783851825255240e-01
-4.495451726506054513e-01
-5.689681289029167033e-01
-2.498113494281248848e-01
-1.869729785081406970e+00
3.239718461279803563e-01
-7.353423176101454573e-01
-2.688153355766935704e-01
1.899527596229146909e-01
-2.002263133953219310e-01
2.278670380739438173e-01
1.661116876589163738e-01
8.800498414099617861e-01
3.540464179297542202e-01
6.044822698856755494e-01
1.973437362543401186e+00
2.615667279529887423e-01
1.997063837375687712e-01
3.157870700989313661e-01
-7.555889420812542667e-01
-7.705997093500762674e-01
8.302026060006770791e-01
-3.579488831069905785e-01
3.581825151115189954e-01
-1.182606469572986541e-01
2.081473283974847099e+00
-2.097859611109930800e+00
-7.491256033529074543e-01
7.183915603408017603e-01
-8.342180104591214729e-01
-4.615463228724268063e-01
-1.928250602681034209e-01
8.303870281635630235e-01
8.046639908168291555e-01
5.247891285919381588e-01
7.885927237717735849e-01
-3.926947993293383732e-01
6.970667161384795918e-01
-2.021677336009304327e-01
5.573785115702882820e-01
2.298063583484113437e-01
1.271608519278535354e-01
1.491774310058023190e+00
4.813725585897827841e-01
1.632036678598347557e+00
6.763118016658431486e-02
-2.269485788219131273e+00
-2.213414901180223993e-01
-7.189952110582353839e-01
-1.030654711280441393e+00
1.651159405882243192e+00
1.321312167764964407e+00
-2.038547562297641225e+00
-4.655758552697335517e-01
-6.368359777463883376e-02
3.622534339022243088e-01
-1.624128398724023370e+00
1.099040896307581505e-01
1.137432264447655328e-01
-4.040397694174275856e-01
-8.041697204787618958e-01
1.905012934275280401e+00
5.939164816960698090e-01
-1.113382889008644128e+00
6.317749943919093170e-02
-4.833780639222853281e-01
6.809586607126796309e-01
-2.695839150407958851e+00
2.844258220809514626e-02
-1.353331012560671454e+00
-1.073021980286515298e+00
-7.451861238376622509e-02
-3.479207713447509676e-01
-1.060477131509399484e+00
-2.520380047905481646e-01
-9.432622156225534127e-03
-7.756855739354060475e-01
3.376483457312193792e-01
9.740394007743882199e-01
-8.373015321094490204e-01
-2.600703958544405836e-01
-2.180729025514800412e-01
-1.103799845272392943e+00
-1.496894604137117835e+00
4.632588471796470486e-01
8.545888580061786755e-01
6.499552505171122263e-01
1.162870985303495530e+00
2.744788404851057351e-01
3.342884152842637846e-01
-3.009840743731730939e-01
-6.479903862988383167e-01
8.005266913870023870e-01
-7.456278033448313636e-01
1.249786934355245904e-01
-2.844494689320686831e-02
-1.188878583830287994e+00
-1.504500288805640018e+00
2.088268046808807732e+00
3.120552386778907561e-02
1.977793693801475072e+00
4.918164302688943224e-02
-1.403971127769998883e+00
4.276095082058084529e-02
-7.592671524139280592e-01
1.045302202384963408e-01
-1.578186014284854721e-01
-7.318433298893278760e-02
1.267090522466737923e+00
1.515966023988637446e-01
9.632391019869253057e-01
-1.131539043853801996e+00
-1.697811162487617320e+00
-6.251097094640902796e-01
6.634546052103607039e-01
-9.260492635560009234e-01
-7.385445670062082968e-01
-5.432347637637144899e-01
1.065199110111522351e+00
-1.104365987605522292e+00
7.761891434650429744e-01
4.328374010113833492e-01
-1.152872725281666177e-01
-2.273721155388361836e-01
-5.006635852980254597e-01
5.559598041890092546e-01
-6.264325614395751529e-01
-1.679816019725584475e+00
1.524575845979607713e+00
1.543413694118083157e+00
-7.686180870722951752e-01
5.017256278651816004e-01
-1.758229475700020750e+00
-5.782938673961188769e-01
9.002063504349502310e-01
1.096553958949111340e+00
-7.067566814109840223e-01
-1.275575593088869031e+00
-6.514528559216881121e-02
-1.224892413931941704e+00
-1.431599965129055629e+00
-1.485093382349409463e+00
6.301721387184056056e-01
2.066019440495372450e-01
-1.148934085527808513e+00
-1.224178585412870390e+00
-5.006429256690543284e-01
1.709007415666889074e+00
1.533024165954577356e-01
-2.382389299236455926e-01
8.951562390194442997e-01
-5.685797656773612374e-01
1.705664610977564166e+00
-1.454968181904892077e+00
8.692173883561080672e-01
-9.701271598327512180e-01
-1.332627179509170645e+00
-1.320580122881790608e+00
-6.675304080352502112e-01
1.832824622582450047e+00
-7.209586889068217985e-01
9.047756139064109249e-01
-2.350070912669659506e-01
-1.472547208475130986e+00
-5.147065215870805233e-01
1.006245451602453045e+00
-2.350314697333990566e-01
-1.301402285633864508e+00
-1.328042340790449138e+00
-1.207291180082598725e+00
-2.407721197811270031e-01
7.375991246049462546e-01
1.661178404120189356e-02
4.769566647701211082e-01
1.930601987308614653e+00
-1.219902156378613878e+00
7.979660244852002648e-01
-1.411121110781035526e+00
-2.524723018176109335e-01
-5.315805827263426764e-01
-1.087089080796947549e+00
-3.022441281951540049e-01
4.796745730518185979e-01
2.934248019752105918e-01
1.672757411591394572e-01
9.456258358666005392e-01
7.435705669346006630e-01
-4.365464896905004721e-01
-1.402577707775225502e+00
-1.766570535428879651e-01
1.981291919664682766e-01
8.532364788288688828e-01
-1.677484137327131641e+00
1.167959526538153270e+00
-9.606843065682788563e-01
5.374509202813504416e-01
-1.036269205649960945e+00
-5.464331276949820904e-01
1.505662868065620330e-01
8.846066619418344601e-01
-6.699455194662427004e-01
8.254448251799875180e-01
-4.473757298044436226e-01
5.725669734814688994e-01
4.220452615408252228e-01
-6.115460001461272554e-01
-7.855522417259130918e-01
1.847831952632219554e-01
1.109722926926113296e+00
6.327386145126814299e-01
-8.771486332372875339e-01
9.577351561217355425e-01
-2.139225709980787205e+00
-5.724598277616497199e-01
-5.902308983475013093e-02
1.467152368918267058e+00
1.148350798183245480e+00
7.591613968490520392e-01
4.793703273833527234e-01
-1.565864593774390912e-01
-7.930850885079294699e-01
4.510646345486755138e-01
-8.096187112142469999e-01
-7.961853948677388715e-01
-9.182793308948067335e-01
-1.414641238435605963e+00
1.139348755404419045e+00
-1.554004209455896124e+00
6.811867147592636229e-01
5.911144074641967450e-01
-8.233407226329179096e-01
-4.807249615024957734e-01
3.118276921293556825e-01
-6.549429363892587119e-01
6.688037192294435940e-01
-1.701117738838448190e+00
-1.397790694579969184e+00
-1.475268047600053478e+00
-2.171678191837091987e-01
1.729794913914677323e-01
2.298362328995969150e+00
1.464485418145576645e+00
-5.428011368963012728e-01
4.636703529619605746e-01
1.656977457523023389e-01
-2.135081555838112433e+00
-5.676801451587909497e-01
1.137028176933675638e+00
-1.474450105373476649e+00
-1.014639042957905524e+00
3.837510661084939656e-01
2.886567943555196081e-01
-7.362443108880816212e-01
-1.096204957837909166e+00
-1.106382498401675463e+00
-2.813831431081315060e-02
1.115948487240208564e+00
-1.634060812455109257e-01
5.229103823297975850e-01
4.132355171470010191e-01
-9.381127684843360015e-02
-2.301398499527431696e-01
-2.897865948871034547e-01
-8.704667400423078405e-01
2.424271931204717845e-01
-1.704863728615396923e+00
1.034628594356032494e+00
1.239700374695120288e+00
3.593037030607177940e-01
1.413814378110710201e+00
-6.391305910617441910e-01
-1.256003876857510804e+00
-6.937277558735033267e-02
-1.248642629141723415e+00
1.346182309484506234e+00
2.550741155256535109e-01
-6.373045399767374164e-01
8.649151737813376428e-01
-6.263973059170204749e-01
-4.007815063696291702e-01
7.686148451987042662e-01
6.711276137123274310e-01
1.128176734687471594e-01
1.464662953463315986e-01
3.139495084435273142e-01
4.598980124420917193e-01
-3.888625633969313711e-01
2.138492727750964661e-01
5.407209152592384882e-01
-1.034244650142566613e+00
-1.750840652572446032e+00
-1.503811632608289539e+00
-1.091491263227545971e+00
-8.697449283060336711e-01
-7.052536412074292826e-01
6.879872028451039512e-02
-5.086682504029242935e-01
-7.605818042032836956e-01
1.228067255814156766e+00
2.140429205693807901e-01
7.854493957383432701e-01
-8.985361177659392240e-01
3.178321321728230231e-01
4.448256795490070914e-01
1.072689861391934230e+00
-5.691684284432021457e-01
8.755222018135722095e-02
3.286835714381330931e-01
4.130171950090826272e-01
-5.391703783214394363e-01
4.292106753298261523e-01
1.800737966599719186e-02
8.347576426970535479e-01
1.819937303828251807e+00
6.771616994911786591e-01
8.330150271511946869e-01
-2.733764713896186915e+00
1.431816555227616306e-02
-2.756041130964632657e-01
-1.990565165338740172e-01
-5.139248372687523769e-01
1.120774067012089148e-01
-5.974587135521396419e-01
7.876866106175626214e-01
4.113838617460654490e-01
-4.338180011249566093e-01
1.289834820314688102e-01
-1.158734099873245604e+00
2.106274111371327251e+00
1.631241191600896201e-01
-1.048449836849862038e+00
1.123540802010387196e+00
-8.003560725006328980e-01
-5.598180684180649180e-01
6.861355113692226837e-01
9.127935602140517801e-01
-1.022325753418841465e+00
6.706528627268193432e-01
9.690171741226185631e-01
1.362028111877409131e-01
-5.435536752389564796e-01
-8.399668489411027394e-01
-3.474479707331434852e-01
-4.557057120966465646e-01
-9.182757158888410487e-02
6.056388046014724580e-01
-1.397015073978616684e+00
-1.366323004230137084e+00
9.776563800152793249e-02
4.036115413582974654e-01
6.254229937397637329e-01
-1.647189958282741618e+00
-2.972040029161746588e-01
-1.432806723953593320e+00
-7.152412375692316360e-01
2.464648293329672057e-01
4.610237020376031225e-01
8.997093765423747058e-01
-2.083068296172027711e+00
-3.022091185014526005e-01
-3.356715575499693571e-01
-5.823865497448013073e-01
9.134256725439442448e-01
-2.554130220191552780e-02
