1.676438619752454784e+00
-8.760810796024989244e-01
3.902209413025614637e-01
1.897013873615715163e+00
1.627019132199020390e+00
-2.755580236470510869e+00
-1.177596938588860720e+00
2.642622433077681521e-01
3.169717745575599821e-01
1.122999397864596460e+00
-1.732508408482139828e+00
-2.912755084626992286e-01
-3.302399511907134766e-01
-2.967963367455563883e-01
-1.418193739093833727e-01
8.896057655023348332e-01
-1.965749091554856776e+00
-1.075379551114627574e+00
-3.466192553581564084e-01
7.929269275306536358e-01
-1.530957813692265912e+00
2.251833202742007600e+00
-1.789286473293412616e+00
2.519908722598094286e-01
-5.622549902716329484e-01
-6.385752470713388362e-01
-9.833770423704457642e-02
-6.586238472721479553e-01
-4.505329500513788332e-02
1.901907234845262806e+00
-1.312226956209626927e+00
-9.782448400282781620e-01
7.502081385187615581e-01
-1.267029650120683471e+00
-2.769189642941496388e-01
6.924760316282130290e-01
1.430789140756083100e+00
-1.307767728129393348e+00
-5.729938540382208956e-01
5.763314660491634100e-01
-1.700664514791595749e+00
1.502995208785091741e+00
9.813335089858465921e-02
-4.942093957702828888e-01
9.930053944870653737e-02
-6.916216814190097040e-01
5.679469173750568700e-01
1.805768177584218037e+00
-1.237802345278575800e-01
-7.438684061543909820e-02
2.023524121411030663e+00
5.210575026876664850e-01
1.894137064475335919e+00
1.644050662177372502e+00
-1.437510497542320742e+00
-9.836839983486447281e-01
1.571499270123864811e+00
-9.944087841946007700e-01
2.326121703670391838e-01
2.188703493229792407e+00
4.441908755832626454e-01
8.533191169760883099e-01
-1.843602998067164656e+00
4.148597680474406246e-01
-7.863155880910888129e-02
-8.198899511118709071e-01
1.095217041599489960e-01
-1.274967257819689337e+00
-4.350078049766175070e-01
9.354958031156606069e-01
-1.012427547165862585e+00
5.384154152494691203e-01
-1.714508369967242096e+00
1.592399357825278194e+00
-3.024078176920266259e-01
-3.930502980694692283e-01
2.855765534236711645e-01
1.694527026631531541e-01
-1.534892445269883332e+00
1.256603363078037106e+00
-3.672266552970917530e-01
-6.827904901374832747e-01
-1.034229482796994226e+00
1.262629361881587364e+00
8.574500356860870198e-01
-3.943822515344583834e-01
7.277098515704771842e-01
-4.346827338183709699e-01
-7.200173058975618545e-01
2.781470665028553668e-01
-1.078840353473401237e+00
1.230991099243965436e+00
-2.314316335509479572e+00
3.305481416180686693e-01
-2.406392393585647937e-01
1.969931099423356535e+00
2.793120828750677020e-01
6.788386273762174739e-01
5.712321802388711234e-01
3.085492055854508919e+00
-2.117822577961732122e-01
1.142900164657847384e+00
-1.589943013193659382e+00
-2.498033452725421100e-01
-3.940943606539395461e-01
8.025920308003691162e-01
1.758357813757154275e-01
-9.108394199630698296e-02
-9.641478885208254468e-01
-1.055456944567876310e+00
3.051533721655527387e+00
8.706716340368672036e-01
-1.692957979911007271e+00
-7.786914444444903438e-01
6.105608412122354167e-01
1.109165582266353312e+00
-8.960025172678074412e-01
-1.142886722687441736e+00
1.129616073084037886e+00
-3.371872746076896021e-01
3.643313847886808787e-01
8.144685476740214369e-01
8.331006110096712547e-01
1.545399462586248163e+00
-4.538188807093588295e-01
2.600267680990753227e+00
-7.615462861048936105e-01
-3.469834581058925949e-01
2.763735736809591614e-01
1.217600481936128354e+00
1.064090136444482582e+00
-7.072777709038282623e-01
1.093924817951554829e-01
2.634433536811878973e+00
-2.003008267298279854e+00
1.049602378989078488e-02
2.830288520644055339e-01
1.574565584672686924e-01
-1.215819929102388564e+00
-1.323196213405264388e-02
-8.670727334909251738e-01
2.810409698503363529e+00
1.635350987682954838e+00
-2.052111703722223623e-01
2.898871325102200913e+00
5.388776404139097309e-01
1.446888683628443140e+00
7.085033076293969501e-01
8.154306057946749675e-01
2.663125487835853455e+00
-2.874451874185980138e+00
1.029815005546359075e+00
-1.437333799719347383e+00
-1.870343662369808868e+00
1.470523142594122312e+00
-1.412689216664739789e-01
-1.388563696349844889e+00
-4.085264883295263161e-01
-1.015132783771386382e+00
-2.047711280425348335e-01
-4.829505288834976540e-01
2.088165260446565696e+00
-6.240945415342595837e-01
1.583873502393434052e+00
7.715844434457039824e-01
2.177276861002530595e-01
1.987505834263973981e-01
-5.329458958592825368e-01
-9.307131159583823532e-01
-1.954472624973693229e-01
2.506464879180376748e+00
6.990716149209941221e-01
7.165919272896541514e-01
3.786212273098819026e-01
9.065893518209371393e-01
1.725407666608679058e+00
3.831464692897066371e-01
3.298237670551094070e-01
-7.583781140976411095e-01
-1.357725786088463948e-01
5.265189101931921911e-01
-3.890629638165883364e-01
3.314347432287592099e-01
1.245770467735854758e+00
5.628960885648286450e-01
1.411641860839646156e+00
1.131610234487307132e+00
-2.888218096818056857e+00
4.115397583027036177e-01
-3.114294474398189294e-01
2.667575097809978146e+00
-4.561454171133263458e-01
-2.649411022140554905e+00
3.750629102604268184e-01
1.245871805207613647e+00
5.267120229710791079e-01
1.845916912977401125e-01
-5.676051764466771843e-01
1.454126652629136984e+00
-2.049723446506027003e+00
-1.001488467011935057e-01
-1.938135017361479751e+00
-1.432158956710922304e+00
1.120064400901038759e+00
2.523225079622015699e-02
-2.572513476432134016e+00
-8.429534278052415175e-01
2.583692565940847174e-01
6.120876386836204830e-01
6.484777919680606573e-01
1.720857532786910227e-01
-1.667972136415168283e+00
-8.849406460623949755e-01
1.124901564814575039e+00
-1.337035106179739863e+00
2.531957409226404110e-01
-6.105796099809746025e-01
5.092446482689432230e-01
-4.873485914319113377e-01
1.381207900161384394e+00
-1.634235140085504412e+00
-1.209037184958321021e+00
-1.387755569573592140e-01
-5.023232035174256538e-01
-5.502001105227254385e-01
-5.172569680632861377e-01
1.282171371417031303e+00
1.066489299895287957e-01
-1.352842338009566880e+00
3.757864146665248484e-01
9.511051366465341772e-01
-6.803479650449597571e-01
8.075530204373055909e-01
1.520224105176296803e+00
1.412043009829535123e+00
-1.000923092916940149e+00
2.159998109042726711e+00
1.215821751885313162e-01
4.322103750962718038e-01
-1.254633839746153168e+00
-1.047132214729778354e+00
1.532321974484865734e+00
-1.153953618637162393e+00
-5.348399398047396502e-01
1.815541665369488911e+00
-3.167178155107772675e+00
-1.097698106462356549e+00
4.504087642942522507e-02
2.390468435019585058e+00
2.282349950405020422e-01
-1.418722121168704664e+00
-1.933616353511762309e+00
-1.862283786211493819e-01
-1.311507284666185047e+00
1.455600798705293464e+00
-8.306143637123550860e-01
2.464667337966752747e+00
-8.363567613055149508e-01
2.198392299701873220e+00
5.940747254850347048e-01
-7.386032804838817967e-01
-9.005087080508680231e-01
2.382508265897040900e-01
-8.684771364618173450e-01
2.087447144915016040e+00
-1.129970412248456846e+00
1.576382844796100358e+00
1.074264694460929093e-01
-3.869683207457192964e-01
-2.487253683068346266e+00
1.074283435443547319e+00
9.782275852666399985e-01
-2.411690942414923544e+00
4.328144011306083172e-01
1.902970414635402285e+00
1.516998523842020496e+00
9.079677705721724834e-01
-8.125724932757174557e-01
5.952150418343382654e-02
-2.097061074909385425e-01
1.380202347903196625e+00
-2.101892862971688203e-03
2.880635986635412316e+00
9.813592801468349336e-01
1.165469597725365958e+00
-2.773979758306559518e-01
7.110465982925493478e-01
8.230615476136025066e-01
7.069715090416224257e-01
6.708565332370950429e-01
8.218768283954247522e-01
1.020467358128858137e+00
1.441666685970927730e+00
-6.508259505866567096e-01
6.161267090476929553e-02
-3.904544508722462837e-01
-5.186277406600332540e-01
-4.298735461474203490e-01
1.808615343225845606e+00
1.205567257281025206e+00
-1.921323292507143954e+00
7.843941514075769561e-01
-1.029483310176444899e+00
1.721729038464268058e-01
-2.330828990702578096e-01
-1.804857902906213063e+00
-1.829023058264191093e+00
-2.179033690271757528e+00
1.484700233394273816e+00
-1.247248689040866942e+00
5.635160738133340175e-01
-9.054826123870238774e-01
-5.641601030439415965e-01
-1.435266365437670721e+00
6.693366748173366076e-01
-5.757136709644070649e-01
7.348278122257205780e-01
4.827954088176591441e-01
-4.629161593099642147e-01
2.384780367849117511e-01
1.311735171962258306e-02
1.412923907505714283e-01
-1.695090592767981796e+00
-1.780947906901300115e+00
1.361977036295645149e-01
-8.690569980700599828e-01
-2.389049885250158489e+00
-2.279051161128778702e+00
-1.246422881725933962e+00
-5.277390667657453349e-01
5.763018889468671802e-01
5.694640000425597037e-01
9.477117097070575369e-01
-1.610896802795978466e+00
3.021737797970027728e-01
6.913853462472454581e-01
-6.368440315254346729e-01
-7.451473663238559197e-01
-1.266970367624693505e+00
-5.484892846816507017e-01
8.715307447726967638e-01
4.939698435837769352e-01
-1.495814584178107864e-01
-2.644910559750204282e+00
3.633634073360889616e-01
-2.149353119267357393e+00
-2.551813107169877970e+00
1.294708309258720824e+00
5.166945766251016536e-01
9.896533142146255457e-01
3.294014000205738313e-01
1.572151139229061023e+00
9.711811346435190728e-01
1.268985694578061540e+00
2.683357416527067940e-01
-9.004571272669235071e-01
-1.189517188560667016e+00
-1.609684441235225805e+00
-7.204098605300757185e-02
-2.292347359628061909e+00
7.183669576078166585e-01
-1.523535701420279942e+00
-1.348112908574963242e-01
1.564097894220207507e+00
3.686221503306565950e-01
2.374998327469930004e+00
-2.598253823371434734e-01
-1.417510129339163427e-01
-2.275796542401211653e-01
1.910114537903577769e-01
-5.373031425627150526e-01
3.575574765959501633e-01
-2.322499509753508828e+00
1.078441424706177543e+00
3.148878553234624178e-01
8.839100302194271563e-01
5.682564985061642204e-01
5.022016003305882492e-01
1.467545560035850905e+00
2.559825066768528501e-02
8.176057983582794009e-01
2.179566596770824205e+00
-2.268128772758689848e+00
-9.813231827674329111e-02
2.735275440891227205e-01
1.452906847686945113e+00
-7.242465851885215855e-01
-7.605905779609507533e-01
-1.573712974994494029e+00
1.362175644611828496e+00
1.047048080449664020e+00
1.362801221424215115e+00
2.068966230267387019e+00
1.858868963631229221e+00
8.683780223441273094e-01
1.051971928953410185e+00
1.101024685070700393e+00
9.027948281365425487e-01
5.699054649533152883e-02
-1.214889911096861397e-02
-4.408343492805446573e-01
-1.274136788613835503e+00
-3.888650686639341103e-01
7.640671675597232593e-01
1.081386796589026922e+00
6.253326581309472942e-01
-1.146705932634485059e+00
-9.260834270853184336e-01
7.840877294842840683e-01
7.843267157727140670e-02
1.189932448749417837e+00
3.516403612294158876e-01
4.869181409897036517e-01
2.930774141720450032e+00
2.347787851021553074e+00
-1.351730238912635773e+00
4.546080755610493185e-01
-3.530891726132825426e-01
-1.572249128244872729e+00
-5.349478197494503817e-01
6.023737241287268063e-01
-5.420040941311849991e-01
5.691065395986001363e-01
-2.543651389655208206e-01
3.090226313779531608e-01
-7.753152208707092541e-01
-1.207762505757223437e+00
2.225780242016092814e+00
-1.469191784513341315e+00
1.528205598164504408e+00
-2.619743251894135483e-02
6.192410654249851376e-01
-5.942370221113346673e-01
7.313671163909463147e-01
8.102923104036641178e-02
5.910761208405475031e-01
8.513433005283577160e-01
-1.693151746778502886e+00
-1.592826691622566404e+00
-3.465969082383697497e-01
-9.369509700951592635e-01
7.611314333039365110e-01
1.099802709695474334e-01
-2.432225736361619983e+00
1.879177474644563084e+00
1.685188109665691769e-01
-1.388676739060206611e+00
5.102191974625691628e-01
8.909162974750515218e-01
1.008534520920125743e-01
-1.051525184536545865e+00
-1.274015895170954593e-01
-7.686242332625576879e-01
1.624099055040783668e+00
1.495097802288743338e+00
1.360923994600891085e+00
8.447501587464847361e-01
1.175661450133473451e+00
-4.493942566253297244e-01
-8.964280233528709729e-01
1.615035573294436588e+00
-1.928068003073509118e+00
7.351516511595104220e-01
-6.668895614340524247e-01
4.348843641052901887e-01
4.312269441493654654e-03
5.681365764922450268e-01
-3.979130787226434762e-01
-2.839601734104888031e+00
7.450795923995068293e-01
-2.994902737807256798e-01
1.076111984992036419e+00
-1.467410351589103712e+00
-6.128018912408190744e-01
-3.023805113851976145e-01
-4.308878935481503802e-01
8.815793393670956490e-01
-1.522865440135969806e-01
-7.399818016611945382e-01
8.398872198985500859e-01
9.076582513954809528e-01
-3.056882151441442375e-01
-6.681487281714115767e-02
1.345700612161088827e+00
-1.727003457074118842e-01
6.033132525721711659e-01
2.170821216345171223e+00
2.181159931674557129e+00
-1.173828809565146791e+00
-6.440046632279070593e-01
4.602992817581235130e-01
-2.591163013435319851e+00
-1.175495758460073148e+00
-5.606734055008280038e-01
6.801130910431947285e-01
-1.040230928222726892e+00
-1.558123103162270873e+00
3.871517948957325927e-02
7.527440065153712112e-03
-1.706141078303839986e+00
8.719355278700291478e-01
-4.656862926158629179e-01
-1.726873071682972327e+00
-9.983236577368437281e-01
-1.174428240677622970e+00
8.817834242755662189e-01
-1.291256458555798403e-01
1.466499165381245362e+00
8.534800485347986410e-01
-1.193293192856295093e+00
-6.925689232896115044e-01
4.521657144173154563e-01
-6.304180083892934050e-01
