-1.170838565598982139e+00
-5.543095099643942092e-01
-1.619074874815753518e-01
-1.043201303303700200e-01
-2.223254981516794793e+00
-5.290079263815972155e-01
2.595468738072348458e-01
5.228486761553021722e-01
-5.710000868598674728e-01
-1.293387900522665390e+00
2.840484685048449975e-01
7.230277976836347875e-01
8.867361553299808463e-01
1.256873527611041652e+00
-1.339014570673747961e+00
-9.092683695839021141e-02
5.931428691347466753e-01
-2.568895501743932996e-01
-6.673730316218229319e-01
-1.330040622048716870e+00
-9.984743505876201297e-01
-3.620480823427350003e-01
9.857933825577891440e-02
-8.271280246612757736e-01
6.507758220429904483e-01
-1.045984492599165705e+00
5.711401384938454839e-01
6.468350019722199917e-01
1.027225838221643706e+00
-1.068700675120809684e+00
8.345569257763996163e-01
-1.421202710159665816e+00
-7.506566443220128448e-01
6.142907885546309288e-01
8.448148834135107421e-01
1.387406653824316827e+00
-1.092709899609545232e-02
-9.126303713114065630e-01
-2.041052681603137131e-01
-3.630807116537910773e-01
7.248132123398871585e-01
-1.694053618633915903e+00
-3.958605856876715734e-01
-1.654952067527399873e+00
-2.079006394797033863e-02
1.193905561253782110e+00
2.596716555969784679e-01
1.762211262534743028e-01
1.043277867862850705e+00
-7.744656216325296327e-02
9.740992862614863412e-01
-1.499349155379807286e+00
-1.585036276576188730e+00
-1.707694759077358349e+00
1.644388732263504238e-01
-7.264888399159472598e-01
-8.466475616125093140e-01
1.374453616413524593e+00
-2.610447462601488411e-01
-1.199185171155972007e+00
-6.326355035435895502e-01
1.679934505467279848e-01
-8.355067965262179541e-01
2.401042171561984517e-01
2.673828488407892223e-01
4.265522876775129646e-02
9.607863941630565563e-01
1.232566267370591717e-01
-1.112016307054064956e+00
-7.575785976934295007e-01
-9.552743475547362806e-01
4.832862314973347395e-01
1.201131938525934473e+00
3.929948969610901344e-01
-2.762506249844518535e-01
-1.593824848551763651e-01
-7.234948574685686751e-01
-5.707455656396476229e-02
-7.316026616096182877e-01
-2.195656938738146380e+00
1.026223800829164645e+00
-1.286076413791918949e+00
7.575070376975334696e-01
3.051809843176345183e-01
-1.085710982187256590e+00
4.464859439191553037e-01
-1.991159228874485709e+00
1.324489842578321586e+00
1.319857316832400151e+00
-2.133642190520221860e-01
-1.012232114616289369e+00
-8.844298678475004394e-01
3.751160634618910805e-01
-3.410047166100929061e-01
2.352209913045724576e+00
-6.162439046730279202e-01
8.533765132375847884e-02
-1.284661630751422479e-01
-9.753736781165471825e-01
1.618933832575777387e-01
-1.143892292292350454e+00
-7.681477510194847369e-01
4.376540574558234198e-01
-7.541189333662288163e-01
-3.031154133083679980e-01
1.330720686470151293e+00
1.491483599192901188e+00
-4.793764096156385435e-01
4.490104052591341599e-01
5.528560534062680887e-01
-5.672748975681916050e-01
-7.609517223275483744e-01
4.773917786615324843e-01
-4.613312149351047609e-01
7.690274811176855962e-02
-3.375295948218530739e-01
3.143306610488334485e-01
-3.552503151025554473e-01
-1.122043630355711752e+00
3.159811072507245910e-01
3.108291192766454714e-02
-4.899541313687789668e-01
1.069515922856766110e+00
7.977406948611962534e-01
-3.941032317268078344e-02
-4.115674218246079263e-01
6.205859292536288763e-01
4.745255063853015542e-01
2.010962067085051430e-01
1.156390611024114889e+00
7.890243684754985054e-01
-5.084304464196058859e-01
3.892470452940344217e-01
3.004677557557045020e-02
3.828942770684760077e-01
7.379161411504853163e-01
-1.070469323887532020e+00
7.439126173004382281e-01
-1.387591834372621236e-01
4.191378800951914840e-01
-1.251647012983376772e+00
1.257244840398277219e-01
2.937921261852238786e-02
-9.373951684354091540e-01
-7.814562346881182009e-01
-1.983362324296145118e-02
7.472840135906988479e-02
-1.175408973376894650e-01
1.099313011385019578e+00
-9.633756471235095376e-01
1.338335946300261980e-01
-8.551865773429891959e-01
1.592258336040925037e+00
1.260434238866858792e-01
-8.158535754221265535e-01
-3.986157224732309601e-01
-2.144881410321115567e-01
1.479732190785219004e-01
1.079568512082412113e+00
-1.924840599421826504e+00
5.821347684633479957e-01
-1.807067694410769310e+00
2.354771516068367987e-01
5.247862445448925328e-01
-3.737580831130138392e-02
-9.681377090252496487e-02
-5.325111687919914516e-02
8.616765348343751185e-01
-1.500820161059044366e-01
3.102409850057119556e-01
-2.677051938610475190e-02
3.405889534032500165e-01
-3.969672932290890799e-01
-3.654268159179192565e-01
-1.263078595162525630e-02
-7.118190181988781617e-01
-6.539643094997638073e-01
-6.870362102150204819e-01
2.513766897682865320e-01
-6.762951862200639042e-01
5.346542483603622387e-01
4.554214993821883439e-01
-1.006824479915540138e+00
-8.425095001314950593e-01
1.257469447042224076e+00
-9.579476554553876255e-01
1.604353625184956833e+00
-2.222782695694380806e-01
-7.626721365231787786e-01
9.460565584087099467e-02
4.750346744186657588e-01
1.261050485250859055e+00
-4.491353325840217181e-01
1.047761135892707252e+00
-5.542478020434575825e-01
-4.397350817318050886e-01
-6.064719253686359224e-01
7.070644603672082695e-01
-1.529240367867021888e-01
9.480827932292221760e-01
-3.626345598658327063e-01
5.789341675317558611e-01
5.529101685945470024e-02
3.849742022383217943e-01
-7.183461027954862743e-02
5.592554520239190197e-01
1.139611372315735061e+00
1.145704313822784925e+00
-6.809499692530449622e-01
-1.957045655028991860e+00
-7.859428376410360073e-01
1.729757480981835016e-01
3.349589652635458492e-01
4.880227474873590765e-01
-8.437526698601836017e-01
-4.263224356199648568e-01
-3.014438536984380690e-01
1.357009242065422505e+00
9.131327082992797273e-01
2.523676068146771811e-01
1.320498723574451638e+00
2.190746670404886132e-01
-9.413109149303924283e-01
-7.405468772947134681e-01
1.427366438596778586e+00
7.534362547845674385e-03
-8.971550028899795137e-01
7.096761104631532646e-02
-3.173538183879545116e-01
-1.533554910530972037e-01
-3.002584351760573256e-01
-3.601173294834154603e-01
-8.513108822867270220e-01
1.084905621526033315e-01
5.632856656129723305e-01
2.164837026881558657e-01
3.141207956314575611e-01
1.369248776360786124e+00
1.329576127702658539e-02
2.579473172368107470e-01
-1.212954678573166412e+00
-1.220275388666549610e+00
-2.469428069688337501e-01
1.715556239717427545e+00
-2.370996208653975312e+00
-1.155396575105331891e-01
-1.410370197554602356e-01
1.602316928985434430e-01
-3.438863535549554484e-01
9.625545294451844924e-01
9.087958419325286030e-01
-6.398288019518716396e-01
-2.129622166494389290e-01
1.688588808944945896e+00
-6.996589007314542030e-01
-6.637528526761125036e-01
-2.082664145866558236e+00
-7.209589328209080605e-01
7.533293538441458992e-01
4.450336024546110991e-01
3.060408358746204982e-01
-3.821856386206272660e-01
4.884660309065669281e-02
5.466803716192476514e-01
-1.289582604798180654e-01
2.145303071053117350e-01
-9.150747125375380264e-01
-1.216134923222688791e+00
-1.174290717975718934e-01
6.716005875767416811e-01
-2.055878720138477167e+00
1.419540107432926135e-01
-4.246148658412547405e-01
-2.553420384510109997e-01
-1.895446858017955982e+00
3.840929852849122028e-01
7.742599070074618339e-02
1.084928309716968187e-01
-1.323250791970664864e-02
4.712828801164645753e-01
1.182909569363099322e+00
3.359905052821412497e-01
-5.460445652032976938e-01
4.648979208488981385e-01
-7.580297802478970226e-01
1.539037860676906178e+00
-1.089198112446306155e+00
5.019860266293729723e-02
-4.174827680468586877e-01
2.572025444222827417e-01
6.441366586405354866e-01
4.069656256782892001e-01
3.178975766902292222e-01
-3.443499603983113388e-02
1.201864987808392016e-01
-1.858208563804977231e-01
1.041084502454352467e+00
1.584913573877972937e-01
-5.635429206608755237e-01
-7.835536807503462597e-02
4.271934706095414924e-01
-1.391662531023762028e+00
-1.084775080468034503e+00
-4.046372565921085851e-02
-1.071189524925514114e+00
-4.269717684642326816e-02
6.211003490663493665e-01
-2.775778773951405043e-01
1.068105799491361196e-01
5.970556394400681199e-01
1.266640601680859568e+00
6.363017465756044544e-01
9.541371418531436888e-01
2.878984998204394685e-01
1.164285484664730141e+00
2.648375319016951224e-01
-1.893514028103358005e+00
2.868014256967654774e-01
-5.212573826047801617e-01
1.152476227296750366e-01
6.620098625705068685e-01
9.713258832625317751e-01
1.352472724675568116e+00
-1.356174737640080785e+00
6.926623191342793362e-01
-5.255924626757408902e-01
1.045933715370763295e+00
4.238989675372506483e-01
-3.400788668918268698e-01
1.555518386654046736e-01
3.199675030075326276e-01
9.361942367115005936e-02
-3.611214746645421414e-01
-1.179237242212716197e-01
9.376277010094984377e-01
-1.335292243662429268e+00
-4.192446005412282517e-01
1.158622236909518932e-01
1.276904919152697104e-01
-6.522563809920409739e-01
-1.140381239570072758e+00
8.603842502441514384e-01
1.720817760314787392e+00
3.848991763149722800e-01
1.481724699211817153e-02
1.082908759988243652e+00
-7.258994589634006900e-01
5.076504857581198848e-02
4.541389860221647368e-01
3.778780267376919966e-01
-1.032970574992383206e+00
-2.426225996686550701e-01
4.369116245146980049e-01
1.023752543213831245e+00
6.826406945763530132e-02
1.203126753471934762e-01
-1.133593517898535907e+00
-1.992635924454457808e-01
-3.248568141377106144e-02
-9.230435727968009374e-01
-5.288110106399077637e-01
-1.359370751660864407e+00
1.188150193148249656e-01
-3.667573499788758795e-01
-6.452766587045895008e-01
7.996002260637169456e-02
9.694598580954867373e-01
-8.150941065299033284e-02
1.140210374573138452e-01
-9.484005833874817881e-01
4.866192203345987011e-01
5.304046614773483270e-02
6.503072539285081888e-02
-2.367215743731074795e-01
-1.311175655634521320e+00
-1.395169447278428176e+00
3.650580954489948127e-01
1.603675338721144428e-01
5.567303119551532120e-01
-6.547011071345556488e-01
4.730509141658068017e-03
-1.543992519015595644e+00
8.358477677289810615e-01
-1.090428135626039463e+00
-5.609813653521289467e-02
-2.395271146427724318e-01
-3.488515123847246713e-01
1.569672524037457606e-01
-8.419779771576045846e-01
9.861423986808262043e-01
1.395095580457361706e+00
-7.445237117970204821e-02
-4.335211679451163036e-01
7.363052655322857021e-01
-3.568607767675011644e-01
-6.689394730616129436e-01
-7.871764489955159760e-01
-8.044022424133618898e-01
-2.559998176508591072e-01
1.593427945999028594e-01
-5.669957824170754890e-01
-5.954470773931817007e-01
-8.379538717122301250e-01
4.089944314976845519e-01
7.839062911550342960e-01
2.075819164326304644e-01
4.616314666180976189e-01
6.256337975682235708e-02
-7.647517853920753339e-01
2.809173895024352774e-01
-3.723736202492231584e-01
3.959389764168816939e-01
-2.016390189975518332e+00
-7.033367224730211476e-01
-1.713703273805116112e-01
5.129390223000527271e-01
-1.149017296855205927e+00
1.594844755724572849e+00
1.279949647318643358e+00
-7.031005742922582513e-01
-3.557289211853067457e-01
-5.133931014746551114e-02
2.437956844616007146e-01
-1.678157472802102479e+00
8.407576693026355130e-01
4.166202611114400156e-02
2.715242319113295721e-01
5.414977628640862406e-01
1.723264459906115320e-02
5.757878534219802447e-01
9.878124994712340623e-01
4.204785895007017160e-01
1.459795405092776832e+00
1.060554642862882702e+00
3.473207336588224337e-01
-1.124395709965334333e+00
-8.424195553976527862e-01
1.222648240938886133e-01
6.505388190897622991e-01
-5.909779842681794904e-01
-4.335725061972439676e-02
-1.410825541508975434e+00
4.577380841429956604e-02
6.636255494161735768e-01
-5.848358199741596763e-01
-8.103783582389647577e-01
-9.476702078465928381e-01
2.064674443197977993e-01
-1.728546970468132216e+00
-5.529813134586101242e-01
1.287782334463774880e+00
-9.537894492779042110e-01
3.037565340690822069e-01
-4.406427669358388144e-01
-2.439741517073299448e-01
-2.453285837875176512e-01
-5.827709649212895471e-01
7.860035693523066413e-01
-2.229048101616966093e-01
2.622821741476366597e-01
-1.469840606147425177e+00
4.172027717732085250e-01
-3.418295762602454602e-01
1.154521166223942963e+00
1.642458107573592230e-01
-2.946726109987967135e-01
-2.612818315363796273e-01
-2.344650895211000119e-01
5.762912932831110169e-01
7.753961122871411149e-01
6.073165267611591034e-01
9.126221334574946553e-02
8.445935629222471874e-01
8.778412181673651560e-01
9.912147910619228952e-02
-2.243297770490935150e-01
-1.529494196485673640e+00
9.631066924604994028e-01
-5.333782675887377422e-02
-2.158126441760011005e-01
7.404340993306828267e-01
7.088915830589392897e-01
-2.826601027523008014e-01
-7.474386453889962922e-01
1.591657590239172748e-01
-1.624468116921763183e+00
-1.047325873840989630e-01
3.228485074315345926e-01
-2.657981086183713870e-01
-1.241888545763158991e+00
-1.115709949504059662e+00
-7.543564443836414668e-01
4.577416761269903489e-01
5.056786139194189289e-01
1.003042670460848385e+00
-6.174473380108027598e-01
2.750324621084834220e-01
-9.124690490655424924e-01
1.688748652201745415e+00
8.507766510159804341e-01
-4.876261345538850378e-01
4.761933168882741541e-01
2.251680892060869965e-01
-4.161155680543835444e-01
8.296198139412345185e-01
1.472688971316138407e-01
-2.502053245245230428e-01
-8.737550875541115758e-01
-1.012769999795626319e-02
1.244150895117811295e+00
-1.588759626083373178e+00
1.579207560201066229e+00
2.921016587144640297e-01
