-1.645876865772258224e+00
1.273215206751439510e+00
1.896786320348839538e+00
4.712292225829877168e-01
-1.684851554507108773e+00
7.187309686043796830e-02
-4.970960798599612929e-01
-1.371226814994103371e+00
-6.896987935579810269e-01
-3.846981303741916491e-01
4.853981049628375288e-01
1.726452667862909962e+00
-1.016485032621958773e+00
-5.649105675964785078e-01
-1.191789808773559223e+00
-2.241094533089364571e+00
1.925052182732347461e-01
4.874804508649077661e-03
3.793185885226648679e-01
-1.699035880710162427e+00
2.689366260992809288e-01
3.829218327159056301e-01
4.075850931987137216e-01
-1.051759282487773284e+00
5.535393706347040421e-01
-9.856815654887975953e-01
1.052012858613498025e+00
-5.444305563227365141e-01
6.389394507665322465e-01
7.971964864785165972e-01
5.199869013624160985e-01
-4.339912101310785530e-01
1.716112180445321655e-01
1.618684160370986724e+00
-1.137320991677528426e-01
2.280014017255734160e+00
4.841065018981982604e-02
-2.445968093264341281e+00
1.601552968115972142e+00
-4.099790044823441448e-01
-4.509300240771532131e-01
-1.503985886034355790e+00
-4.120293154857392892e-01
-1.935746245606342342e-01
2.249274854466527529e-01
1.240127075226777897e+00
-9.043863425149814006e-01
-2.809261848100756964e-01
1.539241218599542549e+00
-4.771963707095618901e-01
-4.930807757048025763e-01
-1.658767359539421449e+00
-2.444553338962300870e+00
-1.260635098915585672e-01
5.655925886011026194e-01
-9.625232367351825857e-01
5.049092695738259806e-01
1.804644651097442321e-01
-1.210349872945810645e+00
1.551380690700714382e-01
-2.217895029419016950e-01
3.477632992327341910e-01
-3.299633461112367883e-01
-1.767579112539162445e+00
9.782963894371299318e-02
-5.726757610429977774e-02
5.804908463223412696e-01
5.443709638310734178e-01
-8.450254007954685065e-01
-8.982942999435161724e-01
-6.933104829830272209e-01
7.279850418644953081e-01
-6.311910368000992477e-01
9.835586877929660687e-01
-7.682681830250537303e-02
-1.243727823824464895e+00
-7.801313645145881992e-01
-8.708561612662526485e-01
-6.409369557936583917e-01
-1.712357412201341855e+00
6.014994071765560335e-01
-6.972915102882000227e-01
1.040303681478221165e+00
2.445342204767246841e-01
8.203771874422933763e-01
-1.916926613522225153e-01
4.520121149690927709e-01
1.112498739554172111e+00
2.475990217163960949e+00
9.857694070862450531e-01
-2.463244328185957066e+00
1.484147631737897655e-01
2.634325295901609465e-01
1.068110963214223830e+00
1.118268040923409146e+00
-4.159155714367104295e-01
-1.816209373954539075e+00
-1.420652145890632934e+00
-1.684592500909885437e+00
8.250081638132478190e-02
-6.418437699257433238e-01
8.362256358599999828e-01
-2.059348935463125585e-01
3.682618698192463569e-01
-1.357677299615245303e-01
8.680052058119445135e-01
2.028359756342502429e+00
7.377182291311861206e-01
7.397144303048319713e-01
7.593219128011474695e-01
-1.571710359307316729e+00
-6.670047505803609056e-01
6.382133301570842576e-01
-5.587844029514767996e-01
5.121296563974322424e-01
8.310949683092943019e-01
-1.407179277063323575e+00
1.470365867025669182e+00
4.173681355070950616e-01
1.243676069091197434e-01
-1.083140299469083079e+00
-1.883324358652105346e-01
5.835805325758407491e-01
7.469073456638852804e-02
-3.855709231747628252e-02
-5.927387328512860876e-01
5.738921679315645008e-01
7.952458694991477728e-01
-1.866143780150697928e+00
-7.778644833525198976e-01
-2.378800165483960782e-01
-9.908820055639093738e-01
-3.545161185186191943e-01
1.033649063805132329e+00
3.708533758064183061e-01
1.113561977640246781e+00
-3.738229908218579922e-01
2.416196699795127856e-01
4.801180585072870599e-01
1.666508922341511933e+00
1.911966940347085142e-01
-3.694342582306084921e-01
5.788620072322103738e-01
1.086868821355846393e+00
-1.865393769180666794e+00
-7.122648488328602312e-01
-5.245748572380382058e-02
3.130170785556964930e-01
-4.005959690905189774e-01
-1.844756292171101819e+00
4.157660437315247037e-02
-1.321163201238592322e+00
1.920852557638035307e+00
-5.186606707758123491e-02
3.758912133132739086e-01
-6.442649046257287182e-02
1.771916910289110803e-01
-1.566166222722164214e+00
1.541516608359954077e+00
-2.308175332887423270e+00
-3.176605359196802425e-01
-1.338531780359225820e+00
8.940469633315375475e-01
-1.159241089916791534e+00
-3.100183596674490616e-01
-1.081806515634688992e-01
9.442225528410403967e-01
3.520761767173352652e-01
1.975993946598730844e-01
-2.972499704165203482e-01
-6.810071768918177781e-01
1.507560211680658568e+00
-1.076599775703664275e+00
-1.266466196936715249e-01
6.795630412112849683e-01
-1.541858769302351106e-02
6.415547866152939704e-01
6.381292500865010098e-01
2.024459372268381685e+00
-4.400340569225900111e-01
-2.152151057714783100e+00
5.443770124332756311e-01
-6.993116893253841226e-01
1.499143750310070189e-01
1.561459460833481749e+00
2.649279934065074116e-02
8.709710043731710982e-01
-8.478088542287895990e-01
-1.497496409420411290e+00
4.112969976210143486e-01
5.747640013500934231e-01
1.409342797244543810e+00
6.992930982757705749e-02
-4.865281036193005448e-01
-9.584872134746458272e-01
-1.279826428868514832e+00
-7.742860338642980622e-01
1.340455987890755374e+00
-9.238095757939479569e-01
-3.217998247650335486e-01
3.120704036939763171e-01
3.925029830752899684e-01
2.480146336210383495e+00
1.486060409178291408e+00
-6.901443184229290040e-01
3.593655148825547485e-01
5.360438967313285730e-01
-6.893600662765333453e-01
-4.223287265165334148e-01
-5.466969111563777517e-01
-4.548884194042841500e-01
-1.048037121595690735e-01
6.694141474505252987e-01
-1.693007447760574991e-01
-1.932949696384941962e+00
-1.163395486147261071e+00
-2.599519028022960754e-01
1.419847246584529543e+00
9.520922605526145333e-01
5.918598555478062906e-01
5.403862243110610919e-01
5.177467192773814730e-01
-1.610083557158421552e+00
-1.306749837741492115e+00
-4.493704217609231222e-01
8.859593099569229580e-01
-1.217590521184845453e+00
1.043605224878510818e+00
-6.683512293079001410e-01
-4.004482099920547711e-02
-9.221512720385840467e-01
-2.064571127847044885e+00
-3.655309321819686375e-01
-1.716540790221676716e-01
4.541787746608862975e-01
2.516154351853936433e-01
1.535999319212697500e+00
1.333551909334445007e+00
2.585625545832055394e-01
-1.037320515475224081e+00
-3.943800400349140034e-01
9.968870241612624028e-01
1.475541822278008119e+00
3.132790827749509788e-02
-2.664045842793294039e+00
-5.460146820514308885e-01
8.324256389423148050e-01
-4.587394858421394161e-01
1.724026699705774490e+00
-1.353472818282224210e-01
-2.368340907962442898e-01
-9.842334790001903144e-01
-3.304453060542753562e-01
8.012956951978100761e-02
-4.127176482862378037e-01
6.614312486237503563e-01
-5.689909579650551663e-01
-1.218377942259509794e-01
-7.659406047798986705e-01
-2.399878020946912827e-01
-3.743541478830678670e-01
-2.411295726591653477e-01
4.465999514195386766e-01
-1.594637688304342937e+00
-5.612360828706552951e-01
-7.202255791655787220e-03
-2.776472153806555099e-01
-2.879742633371680682e+00
-8.278764640776081762e-01
-3.588887213576930080e-01
-2.414014304078206941e+00
1.294221259738653984e+00
-1.950060543834023719e+00
1.740318696378753138e+00
-9.157133719036094632e-01
1.144450338566292302e+00
-4.339990175913417403e-01
-3.877168115537319437e-01
-8.953593772342411938e-01
4.385906904720906496e-01
-2.085606850895107556e-01
-1.998840880840022649e-01
2.741752737710445587e-01
-1.726495778649381752e+00
1.128596115539462374e+00
1.585528388930067756e+00
-3.542520516308833578e-02
2.763982321866862435e-01
-7.799098474481365173e-01
-4.013471106671575583e-01
2.040393467331647059e-02
-5.335508730009577150e-01
3.421272798750401023e-01
5.870482287635958585e-02
2.834924477154281419e-01
-5.960331085458507872e-01
1.952025909190524544e-02
-5.766931489564965929e-01
-1.198010293469828014e+00
7.195905746443820306e-02
4.081992582744975451e-01
3.971067231914719997e-01
-1.116283193453784239e+00
1.473838493924677806e+00
-9.025912061155869637e-01
8.292877164373742005e-01
8.429625567705123501e-01
-1.293849420509808112e+00
-9.855199385681512325e-02
-2.328213155755145536e-01
4.031095150818675421e-01
-7.579817943717159778e-01
-1.498389007184993460e+00
-2.882091272269232896e+00
1.938715843386003002e+00
-4.247581484525158046e-01
1.692447312804770121e-01
1.728199274756923032e+00
-4.650988472316166522e-01
9.845645847934072492e-01
-4.134199260635558204e-01
2.201049902183338958e+00
1.702874970981071989e+00
-2.466520267016072410e-01
-7.417308595739138255e-01
9.229709451043373036e-01
6.237140859598007125e-01
-4.216960615593752237e-01
-4.858869053099326152e-01
-7.704392696436457300e-01
-7.776726927123558397e-01
-3.592630185647394114e-02
-2.333643475954932267e+00
1.261418166982851474e+00
1.415089286500352372e+00
-9.476055642275920121e-01
-2.139546030450515168e+00
-1.796120160585158665e+00
9.321383691313673836e-01
-6.249845666840583291e-01
-3.024477378805139338e-01
5.800901968350977711e-01
2.044259461743145323e+00
8.151105220243657357e-01
4.111615386881153356e-01
-6.382887821272520412e-01
-9.842424798826074905e-01
7.482221257745802490e-02
8.941816257632719811e-01
1.054125563521007614e+00
7.246427250418125965e-01
6.807224362312158661e-02
9.896133707425480708e-01
7.248333551572292421e-01
3.038226625595141783e-01
-1.328746945520340450e+00
-6.549222760252710884e-01
-4.844702663502413742e-01
-1.411014267542385348e+00
-8.924837776171656856e-01
1.238511581760208813e+00
-8.741342651770622751e-01
1.406287647772525240e+00
1.070795861022615370e+00
6.990035958290610196e-01
-5.741713115564497372e-01
2.186851451206294428e+00
1.211168394405289561e+00
5.936943376241012871e-01
-2.285084353797564916e+00
6.727271829722099028e-01
8.206331902986470084e-01
3.636959159673764930e-01
3.517100502298964315e-01
-6.115942197421393445e-01
5.720618206443228715e-01
5.468144134314609772e-01
1.095903053327057286e+00
6.344693938280077106e-02
-2.909033934182776449e-01
-3.607697251133163974e-01
-1.180920609390726739e+00
-5.627312611106125573e-01
-1.637190169745412760e+00
-1.472265098237360625e+00
-8.264838701622672090e-01
-2.686291596548642246e-01
1.092005840783174975e+00
1.399082365869240618e+00
2.208243787840352468e+00
1.705553014773723675e+00
-5.690244672333593101e-01
-3.896590942433588722e-01
2.302099597281372922e-01
-1.703515529481151702e+00
-1.235802873963131709e+00
-2.363488882423583348e-01
-4.714197289618820008e-01
-1.040156253138651010e-01
8.765814536253344613e-01
9.154725050072176629e-01
-1.852459012482625678e+00
-1.817637367825173378e+00
7.375963452247127350e-01
8.327923019800760329e-01
2.404314086603012157e-01
3.517550558746185274e-01
-1.986285935115388313e-01
7.124671183051400902e-02
4.691075158823228008e-01
-1.623027491095453634e+00
3.335321069959285012e-01
-1.748211264937509224e+00
4.343958970648635898e-01
1.744079514879945947e-01
2.138338332347089477e-02
-1.034623079328422346e+00
1.406347801274750786e+00
-1.037426527331538395e+00
-1.745036107794970981e+00
-3.633690781461833552e-01
4.330411155212230412e-01
-1.331829056536539824e-01
-4.460804290759696755e-01
1.589645043921271039e+00
8.292759018395106096e-01
2.485034547520577064e-01
-3.837831548243038071e-01
-6.304090481244344346e-01
3.063264612252485364e-01
-1.240555788713040286e-01
1.828234028705448821e-01
1.236385212296163161e+00
-3.091272916172558283e-01
5.805865472542244277e-01
-9.726466227046692836e-01
6.965539358639061263e-01
-1.094520185815018642e+00
-1.256123762893750495e-01
-4.838450712486235261e-01
-5.476557617542816558e-01
-1.256091090755240725e+00
8.864343847224827044e-01
1.445701747416050509e-01
-1.305699279679695124e+00
-4.528255982581788075e-01
9.073867708377392205e-02
2.666250803409173642e-01
-1.099354097148730336e+00
3.444915199473417289e-01
1.823130452322496708e+00
-5.638013654204492298e-01
-3.206349597404498653e-01
-6.410039923509467386e-01
1.036260787754315515e+00
1.618233790490497981e+00
5.832530317609343484e-01
-2.413102129054494061e+00
3.014299554587225316e-01
7.271077505346514869e-01
-1.504542642902420013e+00
2.188833104453973277e-01
-4.808441797598987932e-01
1.117594869337445118e+00
9.512408579805526898e-01
6.156490821321281004e-01
-1.849953475065317932e+00
-1.729069044127191201e+00
-1.015295696842480666e+00
6.901614703117324723e-01
1.285642026311516695e+00
-2.146186854005991407e-01
-4.555209733620788626e-01
1.276339157950735270e+00
1.927090148119594559e-01
1.623103126519858108e-01
2.398944649788710137e-01
9.539999493224193827e-02
-4.054960561082090464e-01
-6.472934448828828735e-01
1.006876885893428053e+00
5.987878717415107133e-01
-1.352329618612380102e-02
1.805378667088354483e+00
-8.400258875410866466e-01
-1.047200785936551526e+00
9.879594150101622674e-01
9.190874503390151773e-01
5.074213427622709105e-03
1.069526961156603839e+00
-1.946500516353699695e+00
1.071962648482074343e-01
-1.208541551025122729e+00
-1.441632784893811525e+00
1.371839039908953062e+00
-1.215102409558464380e+00
5.254883528773621748e-01
1.168397283741593462e+00
1.427971814153119468e-01
3.829643206257928867e-01
-2.051084460627492501e+00
-7.579197908569650366e-01
-1.923444578255891102e+00
-1.227268531090368597e+00
-2.425403718451812907e-01
5.074604539480063181e-01
-5.513050286559142421e-01
-2.042390095200998790e+00
2.983254603426299667e-01
1.725158287786263678e+00
2.555484573414812388e-02
5.441047185727434510e-01
1.442671685476546450e+00
