-4.862699928987623821e-02
6.893214206855091675e-01
8.052864694799310996e-01
-3.827058184680590891e+00
2.347713247881441312e+00
3.110592329923843380e+00
1.483785376923430377e+00
4.005529948229016313e-01
2.166196801143865258e+00
1.974601931828885881e+00
-6.780087292991794357e-01
-7.440378011522863488e-01
1.248564069142219068e+00
-3.025594199655028405e+00
1.284766176474670729e+00
-5.552342200603010980e-02
-1.677336709186815433e+00
1.839943897778306692e+00
4.988661236939666566e+00
2.438708749222921135e+00
1.195845562529856743e+00
-8.984252602166007406e-01
1.241513031746491080e+00
3.171862713774029174e+00
-2.497751688115836366e+00
1.115143035231040081e+00
1.377532139439842318e+00
1.877802187265931622e+00
-2.878010106443900540e+00
-1.685357181869165721e+00
2.075910735926720818e+00
1.867743494987635700e+00
2.951539538657569572e+00
-2.050339412962055796e+00
-2.919759797735729023e+00
-4.847607227035854116e+00
-1.814838863675509728e+00
3.067870011070104042e-01
5.720083057084677236e-01
-1.476107158922050910e+00
2.031123511271461624e+00
-1.694977384581655144e+00
1.869657770413097886e+00
2.797803590307993638e+00
6.154461634482473187e-01
1.759398742621369749e+00
4.714275556976321724e-02
-9.623300661369533771e-01
-1.215495493953528960e+00
-6.640290210181385433e-01
1.630319964144089084e-02
2.032033871965602145e+00
2.024780940594546941e+00
2.178250219146555366e+00
3.695764016472391944e+00
1.411006537599693189e+00
1.272831228924198754e+00
8.273968336718340311e-01
-1.598870975881414136e+00
-9.585115484444619582e-01
5.249422405850072693e-01
-3.886396533098288586e-01
2.493778156222768771e+00
-7.148650342401285940e-02
4.552716639478751048e-01
-7.281909467184792817e-01
3.423274456676139721e-01
1.506862287597105166e+00
2.557209656424147326e+00
-2.593708593048010158e+00
2.914383808077416482e+00
-1.248962736716704214e+00
3.897359366321653695e+00
-3.585253574488884709e-01
1.635320966385561903e+00
-2.417653121516532444e+00
4.771164447847255019e+00
1.885351345361946152e+00
-2.327689291413124195e-01
1.698996169544539470e+00
-5.384610152188624710e-01
5.578002779553861146e-01
-4.886584877853387354e+00
-6.500247582561682336e-01
-4.189820138478417277e-02
-7.898377096772994932e-01
1.628084968714878400e+00
-2.399055542173566202e+00
5.053699180569566352e-01
3.814119443442764990e+00
9.607644658832645845e-01
-1.167438182649620071e+00
3.354829569641474052e+00
5.240629701532304452e-01
-5.983969441252749988e-01
1.410528870640757049e-01
7.185958647401013977e-01
-2.210067929203919590e+00
-5.908282519215921624e-01
-1.779897803868335515e-01
8.848375828475063543e-01
-2.661462123007965364e+00
-1.947190687919964081e+00
-5.260200637014484926e-01
4.371109963292489908e-01
-1.331303887614854187e+00
5.199730707740277680e-01
-9.558011237828134554e-01
-3.727943526623491710e+00
1.052104377837229876e+00
2.035590114541077078e+00
1.518309160276770875e+00
3.191400514623376594e+00
3.523483224784637713e+00
6.405761378393703964e-01
-1.345888213488776852e+00
1.780688747866752131e+00
9.288365742444515405e-01
-3.384246977008725565e+00
3.208892010536283479e+00
-1.281781778986958997e+00
-2.626644232779043797e+00
-1.065644867469385026e+00
9.496525698360880341e-01
-1.210684322186428297e+00
1.978226684120105716e-01
-1.755191309179484183e+00
7.048562479591513608e-02
-1.478677013279624752e+00
-9.509857193151507460e-01
-1.838434685542002178e+00
-1.106035799841036393e+00
2.312222784351303240e+00
-1.381877396730726293e+00
-9.658961505010879023e-01
-9.060091180178577730e-01
-7.152346645362248623e-01
-9.701325106178728674e-01
2.215211418282088118e+00
4.208474359674703180e-01
1.612896358866573010e+00
-5.470223903539412902e-01
-2.074137856522362711e+00
2.570171347435193709e+00
-1.155358176311018781e+00
-9.241298135128239721e-02
-5.218465112358448010e-01
-1.191768724491030440e+00
1.114441423202919168e+00
1.213554552427675404e+00
2.561371830728631949e+00
1.478015167831570054e-01
-1.297747906186369704e+00
2.564869054862834119e+00
3.952994381345531494e-01
-1.915316627302936947e+00
1.093797492378047131e+00
1.856659533735081524e+00
-1.437606655063030647e+00
3.163978612524655176e+00
-1.258152987252281640e+00
5.089263168298998607e-01
-2.119121416966548210e+00
-1.731153908132993635e+00
9.485258331665935572e-02
7.136979808694112748e-01
-1.235215953643360898e+00
2.658059347304670972e+00
-4.959401570862578268e-01
3.249347386062499510e+00
-1.078291941569127665e+00
3.317657966185006302e+00
4.037574393215344060e-01
1.184410038974169410e+00
-1.041308644965091901e+00
-2.945924609061600918e-01
3.789954870249875540e+00
-7.767749817310756200e-01
5.136481924628375495e-01
1.343504894442391517e+00
5.601808554192899692e-03
1.981984092534211150e+00
2.504100031202582954e-01
-3.199448128431553684e+00
-1.278385095451434861e+00
7.979939997808642715e-01
-9.694188985966025740e-01
1.615849330709473008e+00
-1.789104638350864196e+00
9.644081494539875621e-01
-3.986622178390525129e+00
3.996409787158228255e-02
1.305048739267502533e+00
-1.340145023012730974e+00
2.712853644452819069e+00
-6.934989790290089218e-01
-7.001947971022373096e-01
-4.349457011364599168e-02
-1.252497111804000696e+00
1.358145993797958972e+00
-5.572915119865795575e-01
-8.269919069695319536e-03
6.752530785910959565e-01
4.853595904072749434e-01
-1.153610980191776214e+00
2.045034293990452667e+00
2.451142476342523580e+00
-3.480547316818740189e+00
-4.359771784692245689e-02
3.869597533012733237e+00
1.247153089430445227e+00
8.092255041430487239e-01
-2.203493684131052621e+00
-1.847864713707572104e+00
-7.036416032460355297e-01
-5.002355187020199878e-01
-1.278483883797694176e-01
-1.621282021552096886e+00
-1.292193663269149972e+00
-1.468463566101640971e+00
-1.158428979101113310e+00
-5.267942701824708251e-01
-2.821726981932336287e+00
1.736544006894655823e+00
9.468673397581994777e-02
1.098678500780270184e-02
1.993318623610197626e+00
-1.559763903423108999e+00
3.201288139451985870e+00
-1.090392033639859370e+00
2.238255903532857971e+00
1.325196584823511436e+00
-1.447551687139659649e+00
-6.146749153529391663e-01
-1.218072548872496164e+00
-8.100075162839894816e-01
-3.855482377788799209e+00
-1.682027489309056989e-01
4.328748687915329185e-02
3.267724804782004000e-01
2.587238821685393653e+00
-8.806958377331977061e-01
-1.234142080072704317e-01
-2.771011127956695130e+00
1.737317125920625926e+00
1.915333285930060470e+00
1.276065895384719262e+00
-2.612566362417110710e+00
5.639029991638278005e-01
-4.037395365393499524e+00
-2.445954480679251031e+00
-7.592102529260102983e-02
1.684078593147755321e+00
7.437522553720219420e-01
-1.257790827287461610e-01
2.703836010719591343e-01
-2.952580025191418045e-01
1.127071651155773679e+00
-3.368114655972291871e-01
7.553189990413677890e-01
8.037923636649724202e-01
3.943483467571272882e+00
1.053413337331569721e+00
-3.477501760104679818e-01
-4.787570454658922614e-01
-1.651693232643918208e+00
1.314409138976233571e+00
-8.505168437925281211e-02
8.656060825714284590e-01
-1.025394868475011823e+00
7.979729249488389797e-01
-2.050221777642079246e+00
2.198511918502406459e+00
-1.986279238846719863e-01
-3.556902070158898255e+00
6.351383304208386704e-01
1.744250402829993440e+00
1.032869160170126754e+00
3.227059869877770382e+00
1.241197158241046594e+00
-4.777016510602872579e+00
1.773562227177478690e+00
-3.619822208133363084e+00
1.493938238263339713e+00
-1.944258015400084361e-01
-2.411650783826870814e+00
-1.754610375132485967e+00
-2.978738467084198760e-01
-2.400174457748122769e+00
-2.143601973344324563e-01
-2.066943657742031704e+00
1.166771640236529350e+00
4.706587617527809186e+00
-2.302317793255079348e+00
7.463650053392427708e-01
1.864389459477084898e-01
-8.424671798550527058e-01
-5.610833861844009007e-01
-3.625449656513668462e+00
-4.104688459871326245e+00
6.491507346967022585e-01
2.453545987630908698e+00
1.389973980468197645e+00
-1.532575736921169884e+00
3.395380248906308296e+00
-6.836373272701372628e-01
-9.034605237361734709e-01
2.026179240531988057e+00
-2.343654256019719107e+00
4.138624165257454024e-02
8.935974264813140167e-01
1.272272582132121244e-01
-4.660767616689058812e-01
8.466330530078067795e-01
-2.294839191593001537e+00
-9.992110655195425295e-01
2.573496156372971910e-01
-1.954091349594041738e+00
5.441002260049323525e-01
-2.756841722583791565e-01
-3.817526544875800454e+00
1.478322070405831745e+00
2.501010663412861490e+00
2.940210279487425638e+00
-1.824720273242068647e+00
3.846943273493206306e-01
-1.067133868581291889e+00
-1.643303850941866262e+00
-1.800791951101927690e+00
-8.421954068458656906e-01
3.634853275897675928e-01
-2.722891725413152386e+00
-1.097196818169913435e+00
1.453528534023443619e+00
-1.093412423709965164e+00
-1.145012156391532976e+00
1.787061806754972615e+00
-1.368870436776035149e-01
1.435809088222499419e+00
-7.115921097848829646e-01
1.597119590196554029e+00
-1.569510010194363758e+00
-2.955145716482348917e+00
6.762939592556271862e-01
5.152639277579140753e-04
-7.764861058841896480e-01
-2.668656176505237454e-01
-8.223551400393036559e-01
2.548420354613720740e+00
2.230132416134003037e-01
-9.287369555193585313e-01
-1.578305407631572344e+00
-1.361993666439534678e+00
-3.000180936804480059e+00
-2.590448215301456081e+00
-1.860985157161703096e+00
1.200494551949465638e+00
7.783281546446296773e-01
1.821437425607128624e+00
2.085472216110833443e+00
2.210540486743656885e+00
2.711091847282915523e+00
-2.540478287799641688e+00
-5.529632407621001278e-01
1.531520503628146734e+00
-2.570445519396163725e+00
1.059434633263940384e-01
3.640654333283837474e+00
1.650399072540043477e+00
1.474492391638662525e+00
-8.884824903315120537e-01
2.251788547702636478e+00
-1.539520568597296801e-03
-4.322643358621114373e-02
4.563059407076917040e+00
-1.702250961457629774e+00
8.988723466892780678e-01
-2.234106939212416876e-01
-1.111209268954542750e-01
-3.485522311789738481e+00
1.805365583737788882e+00
-2.974610033300822742e+00
-5.798866199961327794e-01
1.108933837922957188e+00
-2.675255789063921696e-01
3.762764588094196228e+00
-3.142951007343835368e+00
-5.960633664728227643e-01
2.015758702145594938e+00
-9.361059587716509256e-01
-2.515277997767215723e-01
-7.330470972654632433e-01
-2.020734173183538207e+00
-9.898057988164321586e-02
3.940055356451388491e-02
3.586313963656895254e+00
6.068998224558423971e-01
1.010335732005472664e+00
9.485301142576751943e-01
-2.810933282763699026e+00
-1.851288358653725652e+00
7.890294807189945914e-01
4.112729698314122828e+00
1.687977752864460612e+00
-2.443658759905225075e+00
1.926145058893448336e+00
-6.883713017256134492e-01
-2.204119598606597119e+00
-2.918283797095282850e+00
7.342464815735194605e-01
2.943897831194375314e-01
-7.624484910098061619e-02
1.925830797197249034e+00
-5.633362999636810642e-01
-1.925809710768644489e+00
1.452557374518319122e+00
3.017574830800187513e+00
-6.459453463273696627e-01
-3.322485416060816377e-01
4.192935734879263521e+00
9.029527363215823499e-01
-3.059606325440934249e+00
1.328560470585358644e+00
1.013242957259983257e-01
-9.869963549751332721e-01
5.582469655640043271e-01
1.432852437460915063e+00
-1.013484772815747004e+00
-1.595490274145434650e+00
-4.453030679625730848e+00
-6.905636032760185117e-01
-2.201707060620808676e+00
1.862988402225321138e+00
9.149677760194299125e-01
-2.101814512420048242e+00
1.382959602838253588e+00
2.153739430307637370e+00
3.028038996466843713e+00
5.755019714578590850e-02
3.065402119362461875e+00
2.678492612260910732e+00
2.093759046948973079e+00
-2.344942691431910475e-01
3.185130178192114414e+00
1.338797528480395016e+00
-2.613830587260296934e+00
3.278538617466452365e+00
-1.102229861300640934e-01
-8.285692004866298532e-01
4.334599778378924739e-01
-1.957388906012713647e+00
1.624133106513200531e+00
-3.601394933093047257e-01
2.023184099691652804e-01
1.790792075019500551e+00
-2.380111172652964235e+00
-2.470523014297982822e+00
-6.380154916453006919e-01
5.209207525663348548e-01
-1.143005615701756739e+00
2.620252701098433334e-01
-9.426843503918869160e-01
-2.034474356887216118e+00
-1.739033971113991051e+00
-3.808014887713864205e+00
-1.663981288215363730e+00
7.244055366083577141e-01
-9.675484776925866726e-01
2.921233325824323046e+00
-3.320719479028589660e+00
-6.636583391128860754e-01
2.683924710330890306e+00
4.334839781978017115e-01
9.973339327915304864e-01
-8.773294733983316718e-01
2.916537026320531467e-01
6.874485357541546549e-01
4.429024342546572512e-01
1.341950653474022204e-02
-8.622898933335569893e-01
-4.133442740705471685e+00
-5.117601221996537220e-01
3.863065575220575809e+00
-1.734276830538597380e+00
-2.706629249415584137e+00
-3.563943906778875181e+00
-2.106088962643868356e+00
-1.258949667434752229e+00
1.220500615181984827e+00
5.746258124627212638e-01
1.759504441374262207e+00
3.017231019670196801e-01
-1.892195192419923178e+00
-2.869308926618668210e+00
1.746073810391064463e+00
8.334625530104755597e-01
9.498344151955855352e-01
-2.402172577989038160e+00
1.027129890600164686e-01
-4.658411006467480853e+00
1.629129162256681695e-02
3.130730764555021750e+00
-4.358945412533978825e-01
2.436438184145894859e+00
-3.258892716916292009e+00
-1.827869093845340132e+00
-1.005008375354856209e+00
1.007269274229578571e+00
-1.034257737485930750e+00
2.515967654990094005e+00
2.904736623997797196e+00
-2.681754094671919386e+00
5.703597854696971226e-01
