1.778948337518803768e+00
1.349628041723279992e+00
-2.207339727068876378e+00
2.671290014609333241e+00
-1.496287638140332721e+00
-2.765383517164980987e-01
-1.527504094532909029e+00
-1.146114153981880879e+00
8.246301602875139025e-01
3.341888113370689695e+00
-4.934576362167950592e-01
-8.745999726624615889e-01
-1.223918744133151826e+00
-2.823426132984574899e+00
-9.688547350653431423e-01
6.599704760075351118e-01
-1.641237674186037054e+00
1.114463160163436051e+00
-9.159641549635715307e-01
-1.907131288760965937e+00
-1.463181165552680518e+00
1.420370309693819166e-01
-8.190466424632338871e-01
6.699563009370308464e-01
1.782675802706618740e+00
-3.183563817311288346e+00
4.271389687046163175e-01
-1.600826939594010234e+00
6.397173783477558828e-01
1.918199580246023217e+00
-2.556442773125846557e+00
1.164045962700034131e+00
-8.178151140708438405e-01
-9.147599123455609771e-01
1.435506564061622470e+00
-1.524776958797632531e+00
2.701071427458510144e-01
7.103192696582318888e-01
4.706498227635922404e-01
5.415413743743187069e-01
-7.219104366443485077e-01
9.943962732692002149e-01
1.534651046524958318e+00
6.773976039297293639e-01
-1.013825380009045318e+00
-2.475449563515548235e+00
5.836395872430326648e-01
-1.947628655513262697e+00
1.875877333121957591e+00
1.872597331317926717e-02
4.370426562482521149e-01
1.485404319307122023e-01
-1.737635161070496537e+00
1.973617945554851261e+00
-2.450959351043206169e+00
-3.000568397510976482e+00
3.834761979775249685e-01
1.435912506445871983e+00
4.862199528495114720e-02
-3.852192999276851104e+00
-1.000438238980470018e-01
2.030148580550800830e+00
-4.783999109523602300e-01
1.245912538003430825e-01
1.331360282383520222e+00
3.957972009254042689e-01
2.553414624997922822e+00
2.043763394791015209e+00
4.475738306438525882e-01
-1.225216983440865270e+00
4.903125557709566706e-01
2.852447515552305468e+00
6.224907919081807961e-01
2.107265943548476628e+00
-2.201554018774737997e+00
1.605001104443553039e+00
2.501441796044201027e+00
8.948675916803283670e-01
2.620885971556293548e+00
-3.164132422873864314e-01
-3.728737679162026364e+00
-1.353275668375300000e+00
1.234815437822289752e-01
-6.334119647336313719e-01
-2.397354267690348095e-01
-3.055176367878487564e+00
2.794327370346199046e-01
-5.748280234599807414e-01
-8.230881126113001045e-01
2.887613616577846543e-01
-3.644792447195080776e+00
-1.327826112642425116e-01
-1.507783990317049572e+00
-5.129528526463627003e-01
1.881588980828312607e+00
1.228612826105761613e+00
-2.323940939330615407e-02
1.745900862807372889e+00
-1.241573030630590324e+00
-2.363629269421372303e+00
2.868508332575548714e+00
-1.156069801493220250e+00
-1.130352775547818656e+00
2.568717258162916295e+00
2.788593690850902362e-01
-6.109093100658027353e-01
3.992859875098417888e-01
1.742471016385116478e+00
6.019319425754332542e-01
-2.129888487761140148e+00
-9.899715204021983794e-01
2.322924222237752190e-01
9.682142895552203754e-01
-7.502685830588697868e-01
-1.752103710029988104e+00
-1.808122849950625888e+00
-2.988103853445516211e+00
-3.214697529237683149e+00
1.873689499809660930e-01
1.141698979482724141e+00
-3.922612444881317106e+00
-1.523305899947930087e+00
7.799186566700058165e-01
-3.636489598471595031e+00
-5.631141322386055137e-01
4.562619274512069723e-02
8.482722766151873373e-01
-1.855198285830445215e+00
-8.170452639403649187e-01
-4.887772840735280511e-01
8.500604247207359521e-01
1.747922030682092398e+00
-5.131343322264152462e-01
-1.722114438795498970e-01
4.342361452391187981e-01
6.386081299808825662e-01
-2.824967100077997451e+00
-7.304535995880554466e-01
-3.031011536100303161e-01
-2.718663281465306003e+00
-2.326555321155190370e+00
-3.625195287752070339e+00
3.387860343517242967e+00
-5.768421333750399782e-01
-5.963473800799299340e-01
4.549222407274013946e-01
1.905394730134119641e+00
1.316637095412053426e+00
-9.147561826616437131e-01
-4.239016131163699797e-01
-1.699125493627207106e+00
-2.834271156420290261e+00
4.111368100857399455e+00
6.146116543756381390e-01
-2.921369154943755930e-01
9.974023312430935206e-01
-2.841411994506710670e-01
-1.500750962402034983e+00
6.191560852202160348e-01
-5.909382560977833876e-01
2.132917390389279078e+00
-1.133951828235239656e+00
-2.064550875677122033e+00
-3.282032285717221942e+00
1.374664975164831660e+00
-1.585931714128366199e+00
-2.684472826720598615e+00
7.907738541099185170e-01
3.168913837170798331e+00
2.103207277813172738e-01
-6.986967624497983920e-01
5.659923732811336095e-01
-9.052189608777982954e-02
-2.142197619085841609e-01
1.501210390501546144e+00
2.806888669619674204e+00
-1.234049343861807202e-01
4.248817602569317842e+00
1.323089539136832471e+00
-9.621644363906760589e-01
-6.264288963289850187e-01
2.510343066856695060e-01
-1.903442386074729598e+00
9.308953176085976722e-01
8.664670151924793728e-01
4.541299217163743407e+00
-8.930272961695990830e-01
1.648196409728419631e+00
2.296804388836619637e-01
4.203283428822004453e-01
-1.415398179116060806e+00
4.723113832903358400e-02
-2.098333946437609399e+00
-4.270172468190854609e+00
-1.676833965647912539e+00
9.813371033579283420e-01
2.429521401718837126e-01
-4.111975130074493556e+00
1.265021073939815111e+00
-2.030465487308322992e+00
-4.252126608343029801e-01
2.228024835788982472e+00
-7.830697240071753384e-01
3.106713373017811364e+00
1.729597084533577522e+00
2.217710481795131194e+00
-4.524809520103783456e+00
9.675749799965966957e-01
-1.440223957375168506e+00
-1.809725696956230756e+00
-8.456104439362688296e-01
-2.380035153177782359e+00
9.734374025638903305e-02
-1.663086221153662336e-01
-1.968309429798446253e+00
3.481493692412005458e-01
2.144466346383806510e+00
7.917384939521987519e-02
4.018516795935758168e+00
3.700188984917765822e+00
1.139066018801051072e+00
2.077785637041335676e+00
-9.428768937165923347e-01
-1.825602537599181119e+00
8.211871962674273107e-01
-1.002564049075428620e+00
1.001366913234510214e+00
-2.162080303501676237e+00
1.234690577034554870e+00
-3.168644762360688372e+00
1.572719806043451740e+00
2.020354636953083372e-01
9.730152635825177754e-01
-2.807826650652818667e+00
3.411759506366534467e+00
3.645671506224546832e+00
-2.136379822634736136e+00
-8.656691395847868620e-01
-4.584110408806713721e+00
1.221029895836517554e+00
-9.169520151274683784e-01
5.893934396714994861e-01
4.779199095356245763e+00
-1.024765875159886264e+00
7.993456021580254145e-01
2.824063094817354624e+00
-1.004460509561711401e+00
-1.803744000018591365e+00
6.955958139869871104e-01
-1.956751284307194361e+00
3.204607929546467560e+00
2.563533671753148724e-01
-1.600082340088420096e-01
2.012178628502446998e+00
-2.124752298901820158e+00
-1.359203550086007795e-01
1.830268345104584249e+00
-2.318468346090515997e+00
3.525279981657654105e-01
4.574124075123489064e-01
-3.520382836303062035e-01
1.388798232488142048e+00
-1.127179588994227544e+00
3.734939876396747849e-02
5.213937631100229453e-03
2.960244024828089238e-01
-9.884980128019273948e-01
-6.132367667914664366e-01
-8.980387389877453330e-01
-4.138145234743575429e-01
-1.186738882343451706e+00
2.005593502369657166e+00
1.886986470993994303e+00
1.399707710889435575e+00
2.235379222631390661e+00
-1.851537422798090748e+00
4.735984212973018970e-01
-6.421532195366710383e-01
-9.636114754318096942e-01
1.260426679831899932e+00
-1.455899222731800613e+00
8.478227148008325997e-01
-1.452644644927794104e+00
-2.209840347907149116e+00
-6.914099758976455234e-01
-2.145891026525915013e+00
2.366883092270901656e-01
1.552549697270092288e+00
1.099725293562897832e+00
1.106339652035419618e-01
1.954007723138534658e+00
-4.200761882362152200e+00
-1.772304828027528867e+00
8.351585033088149146e-02
-3.700672902218284932e+00
3.831140655159497754e+00
5.891571076396147078e-01
6.238031951556743948e-01
1.110363882134246083e+00
3.580087597935186494e-01
8.648898934725242071e-01
-6.233965798567222549e-01
7.902610543758559203e-01
-2.372563041818524177e+00
9.078471257987574816e-01
1.181547664710890899e+00
4.188012087545534001e-01
-2.140746713249738420e+00
-1.543314889801958856e-01
-7.094876056085341887e-01
-2.657402796547638779e+00
-1.642550577606257889e+00
-4.666148485106909050e-01
1.193570176854130693e-01
-1.789829508547985171e+00
9.592895414328506121e-01
2.333460634376029574e+00
-9.382150825704602681e-01
-6.790886565195632940e-01
-1.716311895100375295e-01
2.396688993609493501e+00
-8.165654994168853875e-01
3.218223631093330539e+00
6.176970967755046615e-03
4.317421324553087914e-01
1.849337328432660854e-01
-4.576103119945438280e-01
5.438376144129843937e-01
6.855325526321038865e-01
2.741509969257496238e-01
4.528083313074679594e+00
7.834048211818913643e-01
7.926588837381167707e-01
1.588161938180370214e+00
-1.183298173783884799e+00
-5.524951031448441796e-01
-1.177628586241590725e+00
6.223152867910268782e-01
-3.085782343644725145e-01
-1.799283269192288870e+00
-2.737568279156317175e+00
-2.713529224628867809e-01
-5.814877348577702776e-01
-3.294387084500041141e-01
-2.186955355879871554e+00
3.955405941879757137e-01
1.966465874582068452e+00
2.405828295038496378e+00
1.215139733199110950e+00
5.658600570307212863e-01
-9.039387839156880489e-01
2.186842057847295351e+00
1.695905478531482657e+00
-9.778278576159600277e-01
-1.423668310279676774e+00
3.218107887604446660e-01
-1.392072295101840496e-01
-9.270467178509287365e-01
-1.698599096161897304e+00
-1.033021041255052452e+00
-1.125186208031025981e+00
-2.984630204987714919e-01
-3.056259300831293046e+00
2.471142121478747455e+00
-1.001605651408670639e+00
-2.418601136806506791e+00
1.060917596098365223e+00
7.213625357642605707e-02
9.615796755101424509e-01
-1.045927091879452764e+00
8.036904790542109822e-01
-8.104843434455712980e-01
2.114407020694972772e-01
-2.137374769813762398e-01
5.749218131635025486e-02
9.515274354630909315e-01
6.784015748205618479e-01
5.555826215636594512e-01
-1.644805945445744211e+00
1.273831073062141606e+00
1.943044442409822992e+00
1.172700351251444673e+00
-3.823906775597496477e-02
2.781910502489406412e-01
-1.142932617290368658e+00
2.439286178301985686e+00
4.641521660629592816e-01
2.874053172544669188e+00
6.401557818670617905e-01
7.192135642283741248e-01
6.562504702071558782e-01
-1.400547890517724881e+00
-6.075113343818863143e-01
5.735703310957038781e-01
-4.765574494125148775e-01
1.823446680221854521e+00
4.942788293337407879e-01
-1.499290841868313073e+00
1.241081636821428802e+00
-1.289588351733196525e+00
4.874955892708268124e-01
2.937033762830373540e+00
-4.523372118411401743e-01
-6.056612360765614156e-01
1.575718472468512488e-02
-2.636572898692532974e-01
-2.569869384053289352e-01
2.675574404651896998e+00
3.561486901031043928e+00
5.015711362523536110e-01
2.501647976043805954e-01
9.538279647408378636e-01
-9.508709546990727901e-01
9.163123972455977650e-02
1.939275358317455122e+00
-4.968514583862742029e-01
-2.656187622903431134e+00
-2.803505464583251339e-01
-3.633962417169520620e-01
-1.732148781757150147e+00
3.684238467362678904e+00
2.435608769447121347e+00
-1.315446422471069354e+00
-2.134210963540380313e+00
-2.519926180438266883e+00
-1.253222282142955279e+00
-1.149449809391290156e+00
-2.697942375463534326e+00
9.244471665233149338e-01
2.061553604704693399e-01
6.825132638016562225e-02
4.858422566671965370e+00
1.687102177292407745e+00
-1.741799816490326336e+00
-1.180909551891625497e+00
-1.628229990918317327e-01
6.555824069313453961e-01
-2.212512406656895969e+00
-8.380185426137618521e-01
2.150908931542890201e+00
-1.883185769378671104e+00
-2.239319780312929442e+00
9.328469417822216059e-01
4.736926187607570782e-01
-2.119406142936352211e+00
4.999779240441100114e-01
3.008285514148685280e+00
3.294367703103588951e-01
1.548173806483745807e+00
2.205019037901139178e+00
-1.723636343078437605e+00
1.106028623277963696e+00
1.113712438120543879e+00
1.299922677202143717e+00
4.827213127531688741e-01
3.477277170093495684e-01
-1.572839895683191269e+00
-1.791141427033974054e+00
1.689251400586790908e+00
3.798888903169657993e+00
-1.751835725999509208e+00
-2.343137987394493749e+00
2.446691337866811367e+00
1.886999025141770758e+00
3.932041243992863144e-01
2.738873058933423366e+00
-2.498411849317998534e+00
4.237871073697263569e-02
2.780172934229554471e-01
-6.185682731162387427e-01
2.740055157459355684e+00
-2.924914750378793116e-02
-1.010394462266492877e+00
-3.529843102533489319e+00
1.518944378496530412e+00
-3.091221994674037354e+00
6.608026820204679908e-01
2.083214497895131245e+00
-3.124807281716623475e+00
-3.018917455679654527e+00
-5.335130315434568615e-01
2.727378506973776595e-01
-2.517957403482548706e+00
1.626633062302753174e+00
4.869780272529578014e-01
1.276854154100614203e+00
-6.684577269810443312e-01
5.725954451026744607e-01
-8.036226497455274398e-01
-1.118966003076174331e+00
-4.042893172468344787e-01
3.155670323888822182e+00
1.867544804368487021e+00
3.849840334216967364e-01
1.090589980044919471e+00
1.755949809271655226e-01
1.080455496004648630e+00
3.609595468684245745e+00
-3.540809220870889895e+00
2.255910456638321904e+00
3.378720545116173923e-01
-2.446963799729369171e+00
-1.773914004424503865e+00
-8.272431369880983709e-02
7.509350989646730312e-01
9.827959604451663722e-01
-3.380766231513838704e-01
-8.785093838229753871e-01
8.576380793758566767e-01
1.595541584471855678e+00
-2.109928328358276595e+00
4.014577129972387581e-01
1.677869545817600283e+00
