-1.127109797629156418e+00
-3.583655127880398528e+00
4.715321392314377746e-01
3.181609290658027334e-01
1.503802799669978540e+00
-1.209598709477015976e+00
1.130899683211350037e+00
-3.095227409129908125e-01
3.960258933272786663e-01
-1.700449211070926836e+00
-4.933741876586346109e-01
-1.895685973962364823e+00
6.016120914674516484e-01
-1.121167109107583659e+00
-6.547599259980652064e-01
2.137753480148044893e+00
4.863415165807918328e-01
1.458739801355511290e+00
4.973707953042714180e-01
1.980370616152732133e+00
-1.257508688984581013e+00
-1.131068689817899653e+00
4.130158635186820248e-02
1.335524984822908046e+00
-1.983352161974313965e+00
6.734630803926053844e-01
-1.662395369792488697e+00
4.288043670929832629e+00
-6.535244525786945147e-01
-4.328357625549426047e-01
1.625634380406121515e+00
1.833848539739030059e+00
1.018713828911653962e+00
-2.012769308631809917e+00
-3.467331300082926226e+00
-1.097558677841288244e+00
3.996677449453844844e-02
-1.539411690354264284e+00
-6.501756714625637201e-01
3.081997176344666300e-01
-1.809246781927034586e+00
2.171289767881701138e-01
1.997653038283456084e+00
4.019443353262275309e-02
-9.858192438719548534e-01
1.331467288011816130e+00
2.651489938942268587e+00
-6.153841998808964320e-01
-1.871949591457540141e+00
8.661581372595250627e-02
2.458452869080110403e+00
1.742937870906663633e+00
2.807900953978064607e+00
2.011621358067541721e+00
2.386080343806363580e+00
6.484468143643464799e-01
6.367834338607236688e-01
9.336222867343693110e-01
-1.444942397093653685e+00
1.220920874130379197e+00
-2.986795927076831170e+00
-4.974479592706373410e-01
3.360534858034336381e-01
-1.040174349291652867e+00
1.323772077112293388e+00
-1.908701363818880559e+00
8.763049875615145368e-01
1.564060922199786319e+00
-9.356468738768448645e-01
-1.158562928325013175e+00
1.016211502399501754e+00
-1.075088839492952975e+00
1.678795769089611589e+00
-2.307006169522947570e+00
2.142583619199834644e+00
-1.557622344620510635e+00
8.268344420204067902e-01
1.420875270452235384e-01
-2.061796240381141843e+00
2.022947753220712741e+00
-7.975685211214411652e-02
1.003795599445854947e+00
-2.636672380276197103e+00
3.003803526164396942e+00
1.545487102499354393e-02
1.335734392032686735e+00
4.449836365081525358e-01
-2.162239038000243418e+00
-3.559603474498000963e-01
1.567192147915545952e+00
-4.171023088085865638e-01
1.082178311747159505e+00
1.440529875598652865e+00
1.498201969658554233e+00
-7.419871855937563154e-01
1.411115579189658575e+00
1.575976900237079370e+00
-9.166286623563815184e-01
-1.790683123350447215e+00
2.946650163213119455e+00
-1.997198769582180233e-01
6.691146769239164627e-01
-2.836176806930575722e+00
-6.465203119864701975e-01
-8.765526780117216532e-01
8.016743484638535477e-01
-1.359862277834484878e+00
2.527320219721085337e-01
-2.069723342576488267e+00
1.107298476403127729e+00
3.392763149143657841e+00
-2.889292955987512457e-01
2.842406627834373367e+00
1.741566072354158834e+00
8.510129378191111371e-01
2.823030646692732404e-01
1.476762479204722034e+00
-5.915117156023255163e-01
-2.312667927475406504e+00
3.679646945000136782e-02
5.135770416377205549e-01
1.542338124917410624e-01
3.869865315139779938e-01
2.662700708790936233e+00
-7.814510005810015869e-01
1.261717555277787284e+00
-1.373879920182550674e+00
2.198095913702616144e+00
1.126496230231808227e+00
1.529500787768266257e+00
-1.383001591225594407e+00
5.999438411325739295e-01
1.411474494169521421e+00
1.097494969817502053e+00
-1.150633149626258955e+00
1.812314701503927594e-01
-2.356689545432306687e-01
2.512092139400086133e+00
6.039299101801791636e-01
3.330488583558928184e-01
4.334871704496157108e-01
1.593742362568209003e+00
-1.298489056835868016e+00
2.201454416707999684e-01
1.640564921418694588e+00
2.302393066498026108e+00
-1.013960461276191438e+00
-1.520937667149682149e+00
1.413071957795326128e+00
6.444820800596016142e-01
-2.071392389183692284e+00
2.783596375937231748e+00
-2.834932361445015481e+00
-1.819579800532753033e+00
-6.401975077027444172e-03
-3.345889219101969125e+00
-6.847927279867445094e-01
2.238236935201212141e+00
-1.224188685172508784e+00
1.474396783488782781e+00
-2.483310992221918756e+00
1.355971464835892704e+00
-7.414819016844900190e-01
1.269769105017091171e+00
-8.024311402643569124e-01
1.613005943096428751e+00
3.955978908643906777e-01
1.180049703105551018e+00
-5.448565463919088359e-01
1.459843607486437378e+00
8.539870302815923964e-01
1.772726983195907380e+00
-3.788898396861224427e-01
1.325879506980110811e+00
-3.009781897836933950e-01
-1.210184854783455943e+00
-5.724895426563509915e-01
2.019658273573865515e-01
-1.376327374180733365e+00
1.213977389731384804e+00
2.374912882463878994e+00
8.366099732299581149e-01
-3.312364949100192746e-01
-1.704341608476600101e+00
1.567824215430809076e+00
7.546093401062750061e-01
9.095833944879929689e-01
4.500493376664795875e-01
-9.629525584447424791e-01
1.434534930043267487e+00
5.654975932964596552e-01
3.758033974395047494e-02
-1.696935161562902472e+00
3.068502608274314980e+00
2.828471433047674566e+00
-3.433579572240770261e-01
-3.440279564895474262e+00
1.570204503552382391e+00
-7.117536477446613219e-01
1.332243141195712965e+00
1.279837359574996114e+00
-3.545771254550591944e+00
-9.525803298815676001e-01
-4.800502132552448842e-01
4.868170595452872007e-01
-1.503887732844630065e+00
6.831578718906650138e-01
-6.583890343175866633e-01
3.492066656866850138e-01
2.078682291666575921e-01
8.151515641073245888e-01
1.816730417201508629e-01
-1.995501655575115052e+00
1.952490779177665559e+00
-1.519559327404405025e-01
1.265226099038586405e+00
-1.952069339374540302e+00
1.042168241002292106e+00
-2.339963943867153340e+00
-1.623837600982447338e+00
4.150518534679132898e-01
9.226213155939149146e-01
-1.092185018248486017e-01
-1.141320664684408293e+00
-1.548581376717872438e+00
1.631564379147798505e-01
4.331111365287290127e-01
-6.873594891401459961e-01
1.557107214088091496e+00
7.543026069895963914e-01
1.536652552454702558e+00
-1.667226242643087719e+00
-2.422484856497394645e+00
3.074380905935690578e+00
-1.207022170594829191e-02
-2.672426140114501525e+00
2.315912453755730738e-01
-1.100579372948371049e+00
1.366741338570516717e+00
-2.116254314532210579e+00
-1.006857366990422165e+00
5.307025154840072645e-01
-3.210702494233981241e+00
-1.396375553488522048e+00
-2.747294050481903227e-01
-1.764240176067786603e+00
-7.772907288024901717e-01
-1.352007589194292425e+00
1.741927477131222091e+00
-9.379963515291454001e-01
-4.276695464783711209e+00
-2.738836119586099294e+00
1.918488767416977048e+00
-4.769551006099401746e-01
2.385623387798192496e+00
-1.641956075135326376e+00
-2.158409804416727695e-03
-8.569458641947136357e-04
1.631186332978888487e+00
7.052453015777171430e-02
-1.659696177492877567e-01
4.033744425530620958e-01
-5.590807051297899122e-01
-9.400791019346232957e-02
2.259222618021303752e+00
-3.031051318114137416e+00
5.507369785837799014e-01
-4.032762504270248627e-01
1.900142219546268052e+00
-2.702272185707151664e+00
1.527117971735575175e+00
1.382906361212735469e+00
-4.975325167198159093e-01
-7.618365489382572520e-01
-9.878738540436415860e-05
1.925309873010885298e-01
1.226102768990563696e+00
6.949250723589637246e-01
2.178233700816836205e+00
-8.278695552448924744e-01
-1.628879651899559633e+00
1.299334195027421757e+00
9.228747336177658411e-01
3.575165486099415091e+00
2.543863612446013889e+00
-8.439468717760290062e-01
9.489557852561611995e-01
-1.309971505735768815e+00
7.274684925356798004e-01
-8.704608505512609895e-01
-7.787457243423396847e-01
1.139044561527575716e+00
3.599696465553881453e+00
-8.383382839153643573e-01
5.045616982431821995e-01
-6.080616163555667697e-01
-2.039517706703326105e+00
-2.730899058317142636e+00
-1.150217547968913401e+00
-6.330660369421368117e-01
-3.607510873641499582e+00
1.248088718613528769e+00
-8.877115014803136361e-01
-2.276549952217046702e+00
7.715579731658417373e-01
-2.673547799128987101e+00
-3.605336538900081322e-01
3.266763605834945849e-01
-7.583964769561717389e-01
1.290113880082257580e-01
1.503262684654506742e+00
3.038821779688110070e-01
-2.919859830668345424e-01
-1.551228185713635632e+00
1.411361628938225365e+00
-3.694529916012976756e+00
-3.665202065090504835e+00
-6.023006612038583896e-01
3.543575456300596116e-01
8.494583251177107996e-01
-1.587819256418647740e+00
7.779457396248545820e-01
-3.586904900406109320e-01
1.089790908706254946e+00
-3.271686860706877198e+00
-5.090217659627764846e-01
-2.093293199862395149e+00
-3.776757348379796042e+00
-1.409249345244998342e+00
-1.898001366718944372e+00
1.089739312379487401e+00
2.583886739749399197e-01
-3.576682219262510287e-01
-2.203309613401687184e+00
-2.370402855107407447e+00
-8.212748886278280480e-01
7.704386123528799146e-01
-2.617456811352543156e+00
-1.146670286001134187e+00
8.983169433066588994e-01
1.402386193270073633e+00
-1.071242743846813283e+00
-1.969152528878822750e+00
-2.397983482898540242e+00
2.349636852368721662e-01
-5.917266136886034644e-01
-4.841211548307031265e+00
-1.035027439943622340e+00
1.206391782145002978e+00
-1.937188127481721089e+00
-6.638426668940180519e-01
3.498605176000069150e-01
-5.693825466465902707e-01
1.765265990080289171e-01
-2.092885429116134066e+00
-2.333200088171527131e+00
-1.158541037446526367e+00
1.942352302626344951e+00
5.385375950190693928e-01
-1.363743211898075458e+00
-4.042221359511453116e-01
-1.450639127269859330e+00
-5.301431039742983131e-01
7.761761658539167996e-02
5.952540262788392766e-01
1.720053863008911499e+00
-2.937155593638482998e-01
4.018637595678718810e+00
1.063588701485969956e+00
2.126009118988719138e+00
1.238302008242403218e+00
3.574492211829747745e+00
-1.717560243443703616e+00
-1.102970814032810054e+00
7.393329791274396712e-01
-8.197351438005853197e-01
-2.626068474957579113e-01
1.634936480456207875e+00
3.479754499575316018e-01
-1.066221554541381344e+00
1.587575287297491755e+00
-6.653343465770991116e-01
-2.201661638648542141e+00
-6.023392651275987220e-01
-1.350872800315108258e+00
7.919353741472328068e-01
-2.176912996873665573e+00
-1.616845261366137709e+00
2.859045471143604189e-01
2.335152114082838182e+00
1.983606575498681579e+00
1.395420213066155490e+00
3.164081814367580847e-01
2.597429047698192051e-01
-1.142451196966301374e+00
2.387554594115956164e+00
1.212798098981924255e+00
1.393606735339063540e+00
-2.025121383048084756e+00
-4.563819286649231088e-01
-1.473032769344010617e+00
-2.864472743715945846e+00
9.241148396668332765e-01
1.345114693853330046e+00
9.163254295647842440e-01
3.067499573955666747e+00
-5.321001203277875291e-01
-3.160903091947413479e+00
-3.048512988956328940e+00
-1.482095876868321227e+00
1.325227364145234787e+00
-2.485875022146181834e+00
5.166375633677748880e-01
1.640597537544406848e+00
-1.246698945624191257e+00
-8.364625133938536905e-01
1.100757012640148247e+00
3.752477283764577010e-01
1.404619824193389377e-01
2.229954462741795318e+00
4.725527975707208839e-01
-9.791121771139632557e-02
1.382534570372264682e-01
-7.983743680911281615e-02
-1.103769775682401644e-01
1.292896995293855156e+00
1.895985868699785470e-01
7.873142913282960009e-01
-1.469327122865419000e+00
6.366418653823711082e-01
2.652579138847919182e-01
-2.419478753691506778e+00
-4.698700003316105267e-01
3.645344782109944504e+00
-1.134089642413682153e+00
6.261995289760129424e-01
-4.874764225769299131e-01
1.449639709294975987e+00
2.110220021067110707e-02
-1.364202834680134924e+00
-1.036286761722942984e+00
6.067829878089714413e-01
7.574048853451289531e-01
-1.935550612726189890e+00
4.814786072409262374e+00
-2.111656311709931622e+00
1.105938446168232225e+00
1.636514356624343414e+00
4.208995084193212222e-01
-8.865658098516959740e-02
4.487890932599807314e-01
2.050974711275560303e+00
-2.567932347938981508e-01
2.653899829916150921e-01
2.959380057108425000e+00
-1.467062626014686622e+00
-1.943552090542404187e-01
1.439597841784234333e+00
-4.001303859963556420e-03
-1.015858700273133408e+00
1.516633749515454710e+00
-2.053363863984745130e+00
-2.153793808407249433e+00
1.055966140438004963e+00
-5.763903841494304459e-01
-3.089180187333012917e+00
2.964619517425131079e-01
1.834722682964226692e+00
2.614176212705912050e-01
1.281622584827180944e+00
-5.037632555006013035e-01
1.263583194093972573e+00
4.803620075853354265e-01
-8.342075281458090075e-01
-1.935794106225612765e+00
-2.818159054484356218e+00
1.767132729402458580e-01
7.996985122067155061e-01
1.210861352383524547e+00
1.462449896368969604e+00
7.617212752120305908e-01
-2.164901015079019331e-01
2.777063777592294613e-01
1.055539165818888847e+00
-1.573119347322728068e+00
-1.638652191263306079e+00
-1.025696697394242740e+00
1.553017946947619521e+00
-1.580876190721546060e+00
2.806066772674551402e-01
-1.404987170562428389e-01
-4.199352862735298508e+00
-1.128577160458379414e+00
-1.440471297819343466e+00
2.779108398035610605e+00
-2.508666101092573264e+00
-1.902572932540963713e+00
-2.730669259696103079e+00
5.138521113674627827e-01
-2.575919439287655877e+00
6.992628223834316259e-01
5.427375882936980034e-01
-1.891649312218217638e+00
5.220514318955649102e-01
-4.470228105534825858e-01
-2.278442156616354186e+00
1.004538838577762050e-02
-4.336912614640784369e-01
2.427598313137071528e-01
1.142182491070437678e+00
1.475417629387645313e+00
4.179271567814346611e-01
3.191949230770312340e-01
