7.852368309085955289e-01
8.977153852844406146e-01
4.340319887156338652e-01
1.726556741679898366e+00
6.226682559941920658e-01
-5.228270985654033254e-01
9.893683608586165690e-01
5.731782787256243239e-01
-1.753023340321391288e-02
1.154563896957916391e+00
-1.491464044686660273e+00
1.932108351231009991e-01
-1.459177904375813739e+00
-6.851969460741731410e-01
-4.946716758539517755e-01
-1.024650971504506458e+00
-1.136334959101818143e+00
-1.490130995809551884e+00
-1.911649819539391615e-01
4.038896031692429389e-01
-2.195761753765840929e+00
2.228909682803066339e+00
1.515554125634546168e+00
-5.750539356513133527e-01
1.431641834367415100e+00
-2.242772315877372247e+00
1.287804117583208452e+00
-2.730913282670340170e+00
-1.689591440399781597e+00
2.515787896251043598e+00
-1.486825719849447225e+00
-8.530787871297604852e-01
9.174883879362223382e-01
1.501434299448950682e+00
-5.329803589814332554e-01
1.230688542632025317e+00
-3.639680948059318411e-01
-1.795893274039074505e+00
1.661022178956708117e+00
-1.273719582479944101e+00
8.762959416646154409e-02
8.481455856067370291e-01
-1.119735059304269864e+00
1.391894137506595186e+00
2.349990562789717075e+00
-1.351212089848967679e-01
-1.993520703855842235e+00
9.329176858175234344e-01
9.344141320754406621e-01
-2.752353209880249452e-01
-5.635258081790119888e-01
-1.847529026010396258e+00
-1.315926436546638989e+00
1.296444716813752507e+00
-1.271064396539497210e+00
-1.656591448585710502e+00
5.972587322039792923e-01
1.116092463770081977e-01
9.473091168896710101e-01
1.445889560475736246e+00
-6.302765596898485256e-02
-9.714170889414353027e-01
-2.198157044993043208e+00
-4.843878074520464594e-01
-1.892123182632321488e-01
1.819672070042641643e+00
1.099185456628308799e-01
-6.162585681807604132e-01
-2.004239879101216815e+00
-1.061329375791075780e+00
-2.269642960655199992e+00
1.514645657869966300e-01
-2.020522141260569171e+00
2.431345503426410204e+00
-1.418104387148448886e+00
-1.117836628811016197e+00
2.335632947672214854e-01
-9.765860336769538463e-01
5.950767248040476076e-01
-1.803593759502601923e+00
-1.026345359847536720e+00
-1.356830229208884298e+00
5.670559163662423074e-01
-3.182881576036207250e-01
3.976159228318536520e-01
-3.594822327435140963e-01
1.096585173124720924e+00
9.695524675389322056e-01
2.046811393657570477e+00
5.856066633892575979e-01
-2.596324407249125166e+00
8.541796952777396257e-01
-2.397759939590818234e+00
3.646592732635633993e-01
-4.061818945813397974e-01
2.069109208209427564e+00
-9.950467618173828299e-01
-1.203239662923059061e+00
6.768777620548664942e-01
1.003873412862729353e+00
2.368749395543980896e-01
1.421378376992414871e+00
3.439299050409516667e-03
-4.174077677864707070e-01
-8.686283731604937941e-01
1.092008576185459212e+00
2.537580662299938616e+00
1.013211336515809968e+00
8.421034885055744823e-01
7.303133060586386449e-02
-4.575856495817935965e-01
2.113645788807279047e-01
-1.664133067018850998e+00
-6.745299941311166947e-02
6.166258241468325352e-01
9.893067648585400775e-01
-2.949253328870434121e+00
5.059104124156927895e-01
1.184015148070125534e-01
-1.387526047988316691e-01
-4.632641460158550828e-01
6.656368846061777589e-02
1.429507803305432923e+00
1.470743385470145270e+00
-4.797600040926850440e-01
-1.025831918734765313e+00
4.314580163323089579e-02
-2.615162920208193853e-01
-1.252904592060974931e+00
1.507111127864924072e-01
1.850663120838804687e+00
6.051792821338324302e-01
-1.459906128206725384e+00
2.190660243498686377e+00
1.105416262586955689e+00
-5.779886983602704476e-01
-1.266315081802993348e-02
-1.082521263407603129e+00
-7.673933021928869280e-01
3.371714356054038575e-01
-1.161750202658996756e+00
-4.928066861684570199e-01
3.103581713077097959e+00
1.293360331646070449e+00
-1.546761613096149901e+00
-1.583948236469845394e+00
5.371398716084332392e-01
2.063323393580351883e+00
-1.742385142073076931e+00
-1.723732377667690496e+00
-1.195765198043983180e+00
8.682403120657165019e-01
9.709971575539615429e-01
-9.302963477768644296e-01
1.207526418210807861e+00
1.060376514059207409e+00
-8.896384653492601657e-01
-1.427939909221126236e+00
-1.137596975837932511e+00
-1.233756796906279263e+00
-5.495436529764310407e-01
7.671909392307441067e-03
5.020189878997616262e-01
4.133662879464949924e-02
9.153095255544645426e-01
4.303979772209398647e-02
8.451676966061771878e-01
-1.656253238699463282e-01
1.329470020491339000e+00
2.691879812271125161e-01
4.861942473274076804e-01
-5.638361210929954126e-02
5.199932721252977785e-01
-1.245560459647191642e+00
1.832353243352201844e+00
1.437596815277109918e+00
1.732762539961560933e+00
7.470433654540711288e-01
3.289562336013096555e-01
-3.180263219909951644e+00
-7.123348935980216012e-01
-3.000975347336973797e-01
-1.071699816924213344e+00
2.540096117464843317e+00
2.424650036367113515e+00
2.020548523950601805e+00
3.900902572787332545e-01
-3.551873558185066670e+00
-1.546554461550266879e-01
5.367664124988031915e-01
1.212293252819502953e+00
2.264358278517503820e+00
1.115681199454252592e-01
-1.957103890928140189e+00
-1.539894963566568631e+00
1.529330654355587349e+00
-4.351117569781326466e-02
-4.815342207496282612e-01
1.116750213639509326e+00
-3.066212846978810802e+00
4.567323156391935868e-01
1.163630898193623864e-01
1.709207857118072660e+00
8.784156647949554753e-01
-1.297300551970586024e+00
-1.225619064865757224e-01
-1.723780245809320100e+00
5.278173238455270422e-01
-1.053768212688210859e+00
4.455400304795542610e-01
2.971239516688726212e-01
-1.734947515043000266e+00
1.521793224672201461e+00
-1.092917624116038766e-01
-2.475476987388408823e+00
-8.860228499349638298e-01
1.284320516191907124e+00
-1.348389980864453719e+00
1.144720959030181895e+00
5.813415615263384240e-01
-6.944241742963006558e-01
-1.460678040813134793e+00
-7.502824179400864324e-01
5.551964487999860864e-02
-1.583201632497416078e+00
1.247101679440302036e+00
-6.928522250084609979e-01
2.151423269681722594e+00
-3.040516042238032846e+00
1.226260917886978774e+00
-1.035577975703940279e+00
-5.413215762486949245e-01
6.726268365183143416e-01
1.213538218683485326e+00
5.200103998489158386e-01
-3.895960858647136149e-01
3.010250213831440647e+00
1.154659684846180312e+00
-1.281539010957674751e+00
-7.997869979036131838e-01
-6.405886936744087379e-01
9.901764677890110278e-01
2.138332022667784216e+00
7.680597739867085494e-01
2.814239441797177221e-01
-1.213627124704873772e+00
6.187607918062223433e-01
1.901814524583000932e-01
1.783159438942583108e+00
6.670611388442848622e-01
7.217564991521570050e-01
-2.196277380415381231e-01
-2.497625077812442029e-01
1.167548403211764452e-01
2.564896161374115025e-01
1.430910565603957352e+00
2.289028758293664367e+00
6.693777347636231667e-01
7.618389830040435129e-01
3.896167551710192356e-01
7.612145714508811167e-01
-6.245680284134493832e-01
2.753682235415775281e-01
-1.721688249441170271e+00
-6.447001626828061660e-01
4.905814893038673574e-01
-4.835072125382913200e-01
-1.724345746480563157e+00
-1.597163762884986404e+00
-1.783406542364698311e-01
-9.484317848821524066e-01
1.063700459281387012e+00
-1.835732788317423925e+00
1.008833199500034361e+00
-7.142470090581012343e-01
1.764157521473624257e+00
-2.033429931712120720e-01
-1.603753213849676840e+00
-2.094978397883693333e+00
-4.462735434854812056e-01
8.220618831887636091e-01
-1.148804736359067213e+00
2.475162590794742101e+00
-1.746527362559903818e+00
1.681680344670171579e+00
2.833643000894117137e-01
1.167952014892920332e+00
6.570947030522642507e-01
-1.494898381973215784e+00
2.764725984782216983e-01
1.584731434041026787e+00
-1.533706938584291635e-01
-1.019323082433629679e+00
5.790271779122360130e-01
-9.051048725119184013e-01
-9.078297382538371707e-01
1.589124410946098465e+00
1.178429679679561914e+00
-4.907275785397882117e-01
1.055280323247043128e+00
-1.647975736844902173e-01
8.763171504448319382e-01
-3.924042315250737545e-01
1.002948486166527431e+00
9.654047633374753801e-01
3.843559647363026244e-01
-1.438898843326079646e+00
-1.184915074206669861e+00
-1.046716218343846094e-03
-4.012866513144901504e-01
9.298519101538049725e-01
-1.195537069942345099e-01
-4.213526562580769408e-01
-2.566288637165947684e+00
-1.341446329157935935e-01
-2.666694591584501950e-01
2.862117670476909126e+00
1.806365943656977890e+00
5.878719943245140911e-01
-6.073402273279615571e-01
2.925957073017970700e-01
1.613422522947915994e+00
2.609992989892484516e-01
-9.019753084488790762e-02
9.514503858424649962e-01
1.340246330712595579e+00
-4.239747735833265807e-01
-1.606629583181685028e+00
-7.193241277545769918e-01
1.590905014506915904e+00
-9.266654148152664305e-01
-1.771673051391894127e+00
-9.711588286871180031e-01
1.444172919685610346e+00
1.026168336500287381e+00
-2.893347755909552177e-01
-2.969657197206423405e-01
-9.799349928748632976e-01
-1.297468412586564313e-01
4.319307506655247764e-01
4.206295422740780054e-01
-1.016881018149699667e+00
1.397065116040066890e+00
6.858225306271386046e-01
1.162110483883509460e+00
-1.619242164793019079e+00
8.737282927002585353e-01
1.162656430435644594e+00
-1.219088894529356537e-01
2.752723392267687252e+00
-6.775212971357458258e-02
5.456116846270724352e-01
6.786587495600668873e-01
6.998453100388646320e-01
8.318391835281726543e-01
-2.397304634447392502e-01
8.160246670380013612e-01
-2.682187967255588390e+00
-1.024669710530615063e+00
-8.896780808465445389e-01
1.260196794246452257e+00
-4.156329887591443395e-01
9.798927512320094735e-01
2.217806847771933931e+00
8.058890653909855928e-01
-1.144334233671756351e+00
3.242310548993243557e-01
-3.185129706404721261e-01
2.521820081398047364e+00
-2.824295255747426570e+00
-5.114316505499720833e-01
-2.130891157130854197e-02
3.093279041559604536e-01
2.136628467466525905e+00
3.308343293543467567e-01
2.310568875789890342e+00
-6.152655997425782175e-02
-1.131963698456251333e+00
-9.882533407270432946e-02
-3.587753994841733629e-01
8.978302343396471485e-02
1.795776750155964052e+00
-6.729005195616331036e-01
-5.152697309318075014e-01
1.507262069046446662e+00
4.168969328280009989e-01
-1.492265437086759405e-01
7.888795115902240696e-01
-2.071008198832648972e-01
2.628353539412132456e+00
3.957125986895544401e-01
-4.504413598453460565e-02
1.596567793692994286e+00
9.941209391163949860e-01
1.547527359415115100e-01
-1.058414297814329608e+00
5.757284583812571910e-01
-7.949520305171091650e-01
9.601950993349248620e-01
1.379113626651075286e+00
1.206016853855762960e+00
-1.008427210344418512e+00
-4.336916142720328438e-01
8.372751394512158996e-01
-1.249962858780255370e+00
6.917981736098353096e-01
-2.101816840381989238e-01
5.327708281946144098e-01
2.327756506729553365e+00
9.657951031319056412e-01
-8.847456007756031582e-01
1.346216826687827606e+00
1.029085785710117662e+00
1.387290391775284348e+00
1.368732888291842364e+00
-1.530566253788784969e+00
-1.884687231956174713e-01
-2.811918572013176743e-01
-1.574266406702240495e+00
-1.320948351353441463e+00
1.864103707611342031e-02
-1.142972179520522769e+00
-1.178369700129717756e+00
3.428696379437479180e-01
1.659833453333900977e+00
-1.323159751720883737e+00
-1.588390146839238959e+00
3.685219950247855536e-01
-2.024426148979796558e+00
6.617462132682501164e-01
-2.182964574105583200e+00
1.554872308086885369e+00
1.427344661492192301e+00
-1.722993259319554937e+00
1.810829414953918359e-02
6.483859491810628484e-01
4.867692944730208637e-01
-3.380264537595686569e+00
-1.357715697799195098e+00
1.356202042662423501e+00
-1.252774888595693525e+00
1.335900731472179359e-01
-1.817021678333965440e-01
-4.785677425394920803e-01
-1.425670909626479688e+00
1.744994866962283453e+00
4.732672033562836944e-01
-1.765804297385811239e+00
-7.937487365699587016e-01
1.615484472554868489e+00
-1.019137876958844835e+00
-1.230598111778735682e+00
2.168152485391292572e+00
4.463369282654108261e-01
-3.892566407148221330e-01
3.774768015917340236e+00
-5.898869619467816960e-02
-1.444230112501766250e+00
5.858673572400778795e-01
8.322232093680881349e-02
6.621985773627514504e-02
-7.161700147265666061e-01
1.710775153763732348e+00
-1.991269280575584943e-01
9.555594275245438141e-01
8.831407590099313865e-01
-1.799612659414947302e+00
-2.654546065013912326e+00
-2.765011504092316219e+00
2.307494422239084741e-01
1.184966829417027689e+00
4.165889255073338404e-01
-1.093640739606192902e+00
1.106091527307492939e+00
-3.821809821967452336e-01
9.188944670910847989e-01
3.563669728890941357e-01
-3.979001873537129086e-01
1.310700286772021883e-01
-9.381629206960351297e-01
-5.399197662862853520e-01
1.687914210608711052e+00
-8.779052365707586958e-01
1.172440891049100209e+00
6.078020192557076484e-02
8.480428682429668186e-01
3.775099100603869218e+00
1.474984708196118710e+00
3.051951184931711580e-01
5.035494324959088885e-03
-5.284520576555253868e-01
3.513701088603591316e-01
-1.891758334621507665e+00
1.999991209591565067e-01
8.333929694940467314e-01
-4.030836293940875947e-01
-1.159104679225712253e+00
2.509713694128897998e+00
-6.799734484963710912e-01
-1.655029078787959573e+00
-1.944147237972990716e+00
-8.984040468034200089e-01
-1.934836966729377217e+00
-9.042874685428188286e-01
-1.079464331882253880e+00
1.596433369673142977e+00
1.301130036459782424e+00
-6.908220213612281668e-02
-3.983245682431295620e-01
-6.035853544758209566e-01
-9.811865928423975092e-01
-4.636558638202092908e-02
7.975071177290509183e-01
