-3.846075617318387430e-01
-9.531485210757617565e-01
-5.653316020637584316e-01
-6.654086138526311700e-01
-9.188425600255669679e-01
-5.489922894121797015e-01
-2.397422886629882566e+00
-2.900033707455875742e-01
-1.581336214517553351e+00
-2.143230622480432057e+00
2.356574666359334103e+00
1.062021545274229872e+00
1.468772576254258055e+00
4.418374385007108884e-01
-6.044370582392302182e-01
1.841572123908338909e+00
1.110085361604196130e+00
-4.627336586992596423e-01
-1.876872497692982922e+00
-1.053546818064825086e+00
2.343458393765935455e+00
-1.106261497499332780e+00
-2.929525742572496760e+00
-1.462686049331094473e+00
-9.359591841815078084e-01
2.340788988041970775e+00
-5.870315799866325790e-01
2.293650527036817266e+00
1.907506186253991487e+00
-1.038502944244417137e+00
-3.041446046920004420e-02
7.977006039971046292e-01
-8.419490303579006962e-01
-2.194968593981803107e+00
1.161184576783794498e+00
1.243828648414261551e+00
6.725896005167131264e-01
1.119991515803516968e+00
-7.491777662983798436e-01
2.124498903203207334e+00
-1.430489069179555095e+00
-1.777533460384327135e+00
1.485817470070305291e-01
-2.325606827451516256e+00
-3.924507504015208870e+00
-7.221070285395354560e-01
1.162579098221321772e+00
4.756923511533628357e-02
-2.459293600266603264e-01
1.018940770157820808e+00
1.189740204691476677e+00
1.620456001435042204e+00
5.990679442180821823e-01
-2.222236247608843751e+00
-8.548498823202832497e-01
-1.229785270761727389e-01
-5.231099879061247293e-01
-1.187470242245021179e+00
-1.044122001763477137e+00
-1.814917181299429139e+00
2.497312965175435551e-01
1.921640856772162564e+00
2.433776187715764650e+00
9.338552886923512375e-02
-3.002881463208471047e-01
-2.386298457166163622e+00
5.015648517282498275e-01
-1.402633723474814076e+00
1.860535864460367783e+00
1.235279742596140373e+00
8.089206501379688774e-01
2.068709807268174217e+00
9.724511939056785792e-01
-8.239013965255113092e-01
3.893502053699924303e-01
7.401347061326202237e-01
-1.680290395258939196e+00
7.037132727781267860e-01
-1.681163882915114094e+00
1.079891798582077733e+00
4.041440372996776276e-01
5.719720432821917555e-01
-1.415626521904016499e-01
1.344963126633837547e+00
-1.497634927041424646e-02
-6.018141927433759975e-01
-1.623220213564846581e+00
-1.022319395447495172e+00
-3.386736306991257717e+00
-8.853366562057356504e-01
1.368632702838756821e+00
-9.778744615744718871e-01
2.065959302783624274e+00
-1.129914315443310890e+00
1.431107905765943045e+00
-2.390819903370179134e+00
-2.578916560574038286e-01
2.611294455781529855e+00
-2.192427338863435438e+00
-4.278006962275124891e-01
6.858076167126991862e-01
-2.063623558751203735e+00
-4.355459773221603825e-01
1.700155026072575737e+00
1.132720571167915580e+00
-1.004273653577635983e+00
-1.850001068880084532e+00
-1.375036954955197288e+00
3.291903388982220235e-02
1.786236877630571485e-01
-2.347798362060062871e-01
-1.929753223209123458e+00
4.689346490754324748e-01
-2.541753471397228736e+00
-1.453407677430480494e+00
1.001134917860281526e+00
9.898157820935455931e-01
-2.662408814056878015e-01
2.512402856404002627e+00
4.210961036896785359e-01
1.001592831614361856e-01
-1.042945957698524495e-01
-1.568260943669212981e+00
-1.958341446228524685e+00
1.592793621839492246e+00
2.039019858949016495e+00
-4.198183987933141736e-01
6.706556616949619354e-01
1.726279177352310512e+00
6.100405800452746163e-01
-1.083150847327809974e+00
-1.177853333926987212e+00
-3.480039883256438316e-01
-5.257847049085730973e-01
-1.354509725773216378e+00
5.185890907589474352e-01
-1.215523918853618213e-01
1.631920115158624007e+00
-1.945511380777125154e-01
-9.228169437245545836e-01
8.460645306630176776e-01
2.034398925355075605e+00
-2.313754157250265564e+00
-1.613121247543664261e+00
2.332674084094128020e+00
2.280522010126788679e+00
2.423071574901483061e-01
-2.527830560239993751e+00
2.897224145505368220e+00
1.665454669577738578e+00
1.490078835664283119e+00
-1.593929454743789442e+00
9.069667209437870525e-01
5.502080091024303954e-01
-6.586812428725350443e-01
-7.018442744138386757e-01
4.753988364461534388e-01
-1.671312188987963410e-01
2.256685802609778690e+00
-6.207209537347262440e-01
2.419283109623577843e+00
-8.348314912691723322e-02
-1.298970817487447693e+00
3.473496832680922353e-01
-1.055524846989040810e+00
-2.310428717679817723e-01
-6.690847994278534827e-01
-5.799253356661671077e-01
-4.964625780220623952e-01
-3.402050975133432686e-01
-9.095439504063662639e-03
8.730075427350767470e-01
-9.476907363364182046e-01
9.060005241842166157e-01
-2.156327062498031299e+00
-9.528345681711005710e-01
-3.341223925091514779e+00
2.479744812727879832e-01
1.170060816374203227e-01
2.427292089679705001e+00
1.434571030056366325e-01
-1.457539051921354911e-01
-2.721722977131530996e-01
-2.412828032843077786e+00
-2.565966561471944463e+00
-2.425681337428612139e+00
-1.265185027773083171e+00
2.784800701948375590e+00
9.556164687362969090e-01
-2.069439978801366653e+00
1.740565419526229007e+00
-2.505254841774205765e+00
-2.291811912860401979e+00
1.718611411937135180e+00
1.473952028484938559e+00
-2.815356955611400203e+00
-7.368041431911400707e-01
4.938423200256245593e-01
-4.366616143470025690e-01
1.430850522467663311e+00
-8.334736745516480028e-02
-4.531498747266544669e-01
-2.007977810682963771e+00
1.373938885640448859e-01
1.401105304840180921e+00
-1.077688848628039597e+00
1.139265754734647196e+00
2.837952609495015821e-01
1.751413564219889807e+00
-2.389618446805751972e+00
-1.037093606676374513e+00
2.262648238920892396e+00
-6.459156176343103795e-01
1.004726659242258791e-01
1.979051479639906574e+00
5.853435879053190405e-01
-4.592943793617507708e-01
3.860593515942913001e+00
-1.542818422883298179e+00
1.055844281640665017e+00
1.300429875058553009e-01
2.109986800108623939e+00
5.800832888015561295e-01
-8.128783151764249482e-01
1.913774832416122784e+00
-1.610788553930479594e+00
4.053531360694062613e-02
-1.612737207055598976e+00
2.389952347552726231e+00
-1.813923939215682513e+00
3.555054688007599495e-01
-6.172154167591203944e-01
-1.309133859510442477e+00
-2.107863573843250293e+00
-2.356031157908855533e-02
-7.477704554980890705e-01
-2.356276676676078985e+00
-4.290999216078015266e-01
3.213909490451460016e+00
1.277658923438981020e+00
-1.280170504115240693e+00
-1.940222527165340161e+00
-1.866692974739538879e+00
-1.033024930600472402e-01
-1.122279452994839666e+00
7.237903307641300188e-01
-1.510387164933092663e+00
2.273994914881072305e-01
-1.878686427531326864e+00
-6.496198558441559356e-01
-1.594580083949384885e+00
9.735275568009171820e-02
-1.597599489421721586e-01
-8.916498949012279240e-01
-6.486648668869587908e-01
-2.770314089474470443e+00
-1.734361246629799957e+00
-1.690641967361134590e+00
-7.888046646680253460e-01
-4.581851935186618263e-01
-1.825894313246691603e+00
-1.077661546322126185e+00
7.762198959545152377e-01
7.799838163805903335e-01
1.294784765158658146e+00
3.092950075261811094e-01
1.289345976764238344e+00
1.157314051954396739e+00
-7.930327940884591698e-01
-1.452127805279092687e+00
-8.647693594419179064e-01
6.827841178007600931e-01
-3.142213442676675683e-01
1.272416502717539366e+00
1.394500404831219065e+00
9.268295714262464458e-03
5.758500248960087831e-01
1.619505937769196713e+00
9.160250661421631690e-01
2.975570709475778841e-01
-7.304526400487922899e-01
2.023673345934375867e+00
-1.166667271588187837e+00
2.614733017218208388e+00
-2.019862939895831655e+00
1.055526546972914481e+00
5.559197033278451272e-03
-3.137957866504370585e-01
2.063006730015199963e+00
-7.738189130388306580e-01
-2.491451937146226037e+00
-7.814945386069362954e-01
2.106733498867940924e-01
-8.391677869673408452e-02
1.191096816887688092e+00
1.871482111948077787e+00
-2.400754983291829348e+00
-3.208215790808432999e+00
1.614028175066546389e+00
8.086688420950016720e-01
-1.173156222307794039e-01
-8.444788106014069484e-01
-5.115815438655788583e-01
-7.751433192377277237e-02
-2.983712368005692728e+00
-1.854209812855218242e+00
1.702439990014865678e+00
1.766975532097916357e-01
1.404688948715266505e+00
-9.481720081782896159e-02
-1.383484018395874315e+00
4.285663588229411403e-01
-1.268948881859822464e+00
9.309276750727342176e-01
9.361725777953013861e-01
1.060799740435458105e+00
-3.167094761853937790e+00
-8.842201096861304066e-01
-2.401772235363790475e+00
3.413416158896339425e+00
8.789299515968371779e-01
-2.043745837484982619e+00
-7.401742334585446059e-01
-2.491956528120260916e+00
-3.104202376652747120e-01
-2.105732519586669405e+00
-6.529108252537962898e-02
1.316378653042621139e+00
1.294223819770103923e+00
-1.978434392497781857e+00
1.320986397655225630e+00
1.209807522289780835e+00
-1.762815256345904302e-01
-1.922997694877506270e+00
6.363642096943467052e-01
2.445904674602310536e-01
-2.162028920998242398e+00
1.182853287673799159e+00
7.821400893460257464e-01
-3.086146668201093402e+00
-7.098788376936768785e-01
1.850195890833004064e+00
-4.088439532458867376e-01
-5.087105155158990755e-01
-1.928299853952644582e+00
9.450131974897484355e-01
-2.259532029311650092e+00
2.136880614850413806e-01
-2.778524249266887125e-01
-2.827537374881140764e+00
3.283927741075736151e-01
6.110420949870798424e-01
-2.165652273187568255e-02
-5.033052464883480681e-01
5.155179785949117743e-01
1.295824873216488982e-01
-1.540518701061743378e+00
1.144673647020717056e+00
5.979621019821301786e-03
-1.961069925006542647e+00
2.263164835547541998e-01
-4.516033256171860799e-01
-3.492981748935992670e-01
-8.337658136122634289e-01
-1.094800391576362664e+00
3.210047839598651365e+00
3.607586119562338212e-01
4.690706906770465423e-01
-2.306954623442369456e+00
9.609513631761688046e-01
1.687028376425415921e+00
-3.621085176795260097e-01
-1.603232088063538896e+00
-1.637975334712767239e+00
-1.841215721240196945e+00
-2.788420513032614956e+00
-7.328917991454799719e-01
3.443270519475273517e+00
-3.357924088850614552e-01
1.728924960507036701e-01
-2.048014530314352655e-01
-1.586384807839630540e+00
-7.463372191966426428e-01
-4.548718589459070927e-01
-2.390748879537508031e+00
-6.291943763166578663e-01
1.893372176536409768e-01
-2.207705672921459694e+00
8.401961183792661103e-02
-1.589797108731150210e+00
1.592135382196660842e+00
3.931965668362771282e-01
2.948692945943740540e-01
5.670868391203764958e-01
-2.667929843954910396e-01
1.461803675774140387e-01
-6.178265340282171891e-01
6.093213052794350659e-01
-2.060667844871521659e+00
-1.602279326973485407e+00
-1.140938188587482749e+00
6.244746037237778324e-01
-1.294125155498580426e+00
2.879550976027545062e-03
3.951643809328642121e+00
-2.383782171261289662e+00
-4.608007376148730572e-01
-1.422121068517476772e+00
-1.311518544070956693e+00
-1.677282439252039126e-01
2.927512058314878374e-01
-9.088062849104785457e-01
-3.074062832385227928e+00
-5.100794777211490327e-01
6.679902571052407367e-01
6.816979418192623541e-01
-8.445398461906652443e-01
1.515338094145503689e+00
6.652938949250213341e-01
-7.848088541142530516e-01
-3.970804770886644519e-01
2.342064670324226938e+00
2.169819640496315927e+00
-1.485228869318895306e+00
-1.479010122506579261e+00
1.318096321741258237e+00
1.113441273293204858e+00
1.258837731745394706e-01
8.162057961252591198e-01
-3.490195926895331979e-01
2.982713227537391099e+00
4.949684088999717346e-02
-2.746352684049274018e+00
1.193353095675174558e+00
1.281808530771886723e+00
-8.120941333544164920e-01
-8.513326746471170381e-01
2.016301190715847014e+00
3.019898679221633131e-01
-1.488194044899938007e+00
1.691246771103518398e-01
-9.319831876556499139e-01
5.091426320457062005e-01
7.190213695819824835e-02
1.192764425638246806e+00
-3.134332640713352713e+00
-2.271561870509992254e+00
2.850090463490657200e+00
1.123494239346931600e+00
-4.613120055136379349e-01
2.659651700008282660e+00
5.490969874117679339e-01
-3.026624905871757587e+00
-1.663528961776366000e+00
1.444785668985768545e+00
-2.559255776461821785e+00
7.570028968268811553e-01
9.608107978625497481e-01
-1.846870388129740803e+00
1.454510055316503347e+00
4.228323775589961642e-01
1.392202064684482821e+00
-1.038498134719914034e+00
1.493335858305790964e-01
2.117412466401997762e-01
-8.759169627846228323e-01
-2.455111822342255223e-01
2.051547152576542743e+00
1.906742570565274519e+00
1.068475338286178022e+00
-1.918900713910405287e-01
-1.703207615695249810e+00
-8.807698569300068669e-01
-2.731161989615434216e+00
6.478056578686235412e-01
-1.762452225142332463e+00
6.466620988998865727e-01
-5.524174516586208838e-01
-1.659020485471803141e+00
9.565547087867507514e-01
1.152040165889314238e+00
-1.194526181060577397e+00
-3.822012565069021761e-01
4.656350481728530610e-01
5.038369046594954881e-01
1.032115325501461456e-01
-2.298212943376174877e+00
-5.670791349920376589e-01
-1.078392078755978201e+00
3.531492448880948487e-01
1.615167155557450940e-01
-1.390425419215291392e+00
1.231060900333753594e+00
-1.053015224218940560e+00
-6.284845206774729576e-01
2.425011961585372688e-01
1.510191919588298681e+00
-2.365801857815919007e+00
9.753291567089386049e-01
2.349417302750341108e+00
2.093290345801213093e+00
-1.625209187524517152e+00
8.873755356208210543e-01
1.442016612649776874e-02
1.594325071431248020e+00
-1.845033461498601923e-02
-1.276268439729739690e+00
3.257219311993502231e-01
7.221344481901494916e-01
-1.131755591713776710e-01
-3.584826198707986578e-01
7.956853905033387520e-01
-4.443328108538278087e-01
