-2.410802164616121068e+00
-1.687810874791626503e-01
-8.870579358136252424e-01
-5.727915487200423428e-01
-2.908442345544923313e+00
-6.549309366579905145e-01
-2.685692640516069929e+00
-1.091673571359082828e+00
-1.002044155717934260e+00
-1.110001179646482594e+00
4.454769084438741089e+00
1.824317978301320586e+00
1.644555878746441380e+00
2.734662255703099731e+00
4.432021164041133332e-01
1.233015376483481695e+00
-1.127013316196716630e-01
1.339144064645161336e+00
-1.668895591014972979e+00
-2.383422917879593594e+00
3.323656501157852716e+00
-1.423221463798734376e+00
-2.810970511527385973e+00
-9.443739626780081053e-01
-5.176727566012759851e-01
4.363756873967375327e+00
9.990002618086730735e-01
1.609403414003580224e+00
3.864634301167358288e+00
-2.454215815320957006e+00
-5.628650856943888670e-01
9.068212834041657899e-01
-1.344070427510982491e+00
-1.387369898228385967e+00
2.178225104475409957e+00
1.536461743179807549e+00
1.467446545430971305e+00
2.612957608550404487e+00
-2.792153003445374537e-02
2.735344213800847690e+00
-1.879506137825288636e+00
-4.562645764175693230e+00
-3.189751599815684457e-01
-3.870871601714650723e+00
-4.441307956381259636e+00
-3.636132383484191877e-02
3.412305805081661703e+00
-1.235562342147447090e+00
-1.190900160173082867e-01
3.077371262431313426e+00
2.732256695890507459e+00
9.604716345195463134e-01
3.608440935229069169e-01
-4.086396544335672232e+00
-4.514339520464147881e-01
5.444151628231530538e-02
-4.373175474740662594e-01
4.471135151166389932e-01
-1.475964530992465384e+00
-3.293452787148663408e+00
1.474540249779561663e+00
3.951462479369784120e+00
1.391040995314824613e+00
1.456071929428378375e+00
-1.716539429286942475e+00
-1.988761420337069374e+00
2.792683130450283713e+00
3.266704994199018941e-01
3.923503794892024388e+00
2.594320596234013010e+00
1.772272636284966119e+00
1.442906744918817097e+00
2.276990319863807954e+00
-9.554216273768005863e-01
-1.677385342968991111e-01
1.969828729505536558e+00
-2.449556814596902665e+00
1.210545018417530372e-01
-2.768910172277216919e+00
5.448720753963565144e-01
1.290169245013159660e+00
-4.565592667495543822e-01
1.213287149329397074e+00
8.906516613224413348e-01
-1.935755473634221957e-01
-1.312481313698155461e+00
-2.232205696962259900e+00
-2.043946203587411858e+00
-3.784170810115216277e+00
1.604507854886128015e+00
2.356790643772067817e+00
-8.651575606337535973e-01
3.015315370546124640e+00
-6.942295164798464313e-01
3.316725717650728100e+00
-5.000000000000000000e+00
-1.150985442308284590e+00
2.565922064645121736e+00
-3.025890359615663883e+00
-3.828227675986539680e-01
1.160403763429362911e-01
-4.076665351988707719e+00
2.407279868104176046e+00
2.137578179566876457e+00
7.962076228620942331e-01
-1.514300428407580945e+00
-1.468709862739738803e+00
-1.510879222913681375e+00
8.145063188188377268e-01
-1.660147192233102587e+00
-4.130285420988135670e-01
-3.323237810704672057e+00
5.025998355773140247e-01
-1.878726859934449767e+00
-3.082036214847768463e+00
-3.784716481927379306e-01
3.053995240699059366e+00
-2.077222643174852390e+00
1.958755490653000919e+00
-7.319584296348420338e-01
-1.293476600365073281e+00
-2.664978757613796656e+00
-1.039649570982821292e+00
-2.250289733991181151e+00
2.476875198403267753e+00
2.934008049333134416e+00
3.261407287822128964e-01
2.419331786559386188e+00
5.706206780942224555e-01
4.643533205972527611e-01
-1.407125531293431653e+00
-2.129468942650639018e+00
7.443144813390523140e-01
-2.099727328924487768e+00
-4.116932636161925174e-01
2.987562345521288520e-01
-1.348855917464612197e+00
2.000150642472524609e+00
7.914582192436192543e-02
-2.733678522065805971e+00
1.552399125291011650e+00
4.323054586413270783e-01
-4.130788755624017483e+00
-1.491949583380267619e+00
2.845350982002480933e+00
4.446708519182839936e+00
-1.009372692516239400e+00
-9.778665653148763681e-01
4.563561112582853241e+00
2.313185671165961743e+00
1.462871171798512115e+00
-4.211061210573873836e+00
2.130237025704059484e+00
2.235104374306587260e+00
-2.309183284571759032e+00
1.178004485858597405e+00
1.788719674394497972e+00
-1.222386673692730685e+00
2.866154089615523759e+00
-1.525495514879917636e+00
3.501639161065034145e+00
-1.013976993479995592e+00
-1.199889755601979413e+00
-7.999568370792289329e-01
7.256596437660034482e-01
8.442775578216163979e-01
-3.542604431822855560e-01
-9.620123299344811585e-01
1.616914038970040934e-01
4.983388133845352286e-01
-2.403755146155933886e+00
2.198949329263280461e+00
-5.952170078359566574e-01
2.108902886383252628e+00
-3.675279559148055153e+00
-2.567864620948739240e+00
-4.984823696899376877e+00
-1.178125254866100313e+00
8.393910021626274087e-01
4.088090006475917804e+00
4.580636570473402003e-01
-2.542759992452729989e-01
-1.136999334695163011e+00
-3.588707479908644249e+00
-2.331707267798211802e+00
-2.937078147225751223e+00
-1.547659692158227518e+00
5.000000000000000000e+00
9.098667135638027759e-02
-3.885421998333520310e+00
4.733573414807796809e-01
-1.796664296356036417e+00
-2.030917586173308642e+00
4.599446689026329693e-01
3.210606490162270177e+00
-1.686759760926145990e+00
8.365404932148825523e-01
1.395206999617403909e+00
-6.721068929851536922e-02
3.892604537113209417e+00
-2.268239848988871099e+00
3.490552014481282939e-01
-2.743933682804535756e+00
-5.971075125626130742e-01
1.905349167965809443e+00
1.827095470573114611e-01
1.312808238635811975e+00
1.283025548707357189e-01
3.434420538540125634e+00
-2.025448387943027395e+00
-3.749283145679730644e+00
3.307638684076026792e+00
-1.685820870496649970e+00
-1.324391886961105769e+00
4.866752301213519871e+00
1.982043153874881725e+00
-1.109977371181960493e-01
5.000000000000000000e+00
-8.704768377380700528e-01
1.378880770377465481e+00
1.688269252324525738e-01
3.860955841353524320e+00
4.668421987165274345e-01
-1.312122092003080276e+00
2.407122240903548871e+00
-4.113163996804382272e+00
1.919804491924709033e+00
-3.031891215914312543e+00
4.010532285846370115e+00
-3.147713399585643224e+00
3.631486179227128019e-02
1.175147892588451981e+00
-2.420248094665711669e+00
-3.187400147585978782e+00
5.874902995136892514e-01
8.751806933811430156e-01
-5.000000000000000000e+00
-1.296704691098717888e-01
3.133380045550868687e+00
4.122354298220891167e+00
1.344923770260014528e+00
-3.359885354490196541e+00
-1.436256552719794133e+00
3.255581384311776461e-01
-4.366236213342293837e-01
4.085076956426362926e+00
-1.429021951310538441e-02
-1.604354282884310035e+00
-2.375639360973660352e+00
-1.864223164391511034e+00
1.091246753386451829e+00
4.079355704389096005e-01
-4.127456757804086607e-01
1.179877029918766418e+00
-1.039146699651963601e+00
-2.790726236954138351e+00
-3.467493575235302217e+00
-2.457344068014215566e+00
-1.800545573639158015e+00
2.147001230842445096e+00
-2.059381869606061954e+00
3.319569450790291754e-01
1.872023923246608490e-01
2.132582386689909626e+00
7.377079452089869704e-01
1.880606523429303678e+00
-1.810449038370876451e+00
2.840065277164294244e-01
-1.645102053770326478e-01
2.466743039142125227e-01
-1.411222738813448174e+00
-8.178854602696583598e-01
1.948615986857745952e+00
1.162408041049975083e+00
1.221097777128735906e+00
-1.090649013194945560e+00
-1.628877533072312644e-01
1.681218150889471907e+00
2.675798885724494092e+00
-4.522502298649042629e-01
-1.469061450968478955e+00
1.742024906127359607e+00
-2.251105858616374356e+00
2.865084606148529112e+00
-4.914604928340154721e+00
8.163832463311040399e-01
-5.435065200915580874e-01
1.878566276706128413e+00
3.082083836309596592e+00
1.113681098724916829e+00
-2.776837447071933695e+00
-2.448968412502408931e+00
-1.263280634153326254e+00
-5.710092848892314166e-01
4.403122551206930524e-01
3.386978513672335822e+00
-3.781126599054337234e+00
-2.872071744828113449e+00
3.437364521816320462e+00
7.178959738087105080e-01
2.393062428570043920e+00
-9.649042679266948142e-01
1.624913535462155778e+00
8.984408300306601092e-01
-2.950677269740737518e+00
-5.016379998021474051e-01
3.623002678066001181e+00
-7.605293390014047361e-01
2.131480479179980847e+00
-7.310752875366590686e-01
-1.033094082527954427e+00
1.209688688650668809e+00
-4.752205641978886064e-01
2.767085227518808921e+00
9.394574166269054061e-01
2.386257419678699421e+00
-2.963217789906272159e+00
-7.239330577682299150e-01
-2.558917262648938706e+00
3.317548882937671806e+00
2.289187457146488747e+00
-2.811714750687250408e+00
1.662700808504744998e+00
-3.829220686044692012e+00
-5.191211416703485071e-01
-2.422750770803399067e+00
2.353799742542106443e-01
2.744024850301947538e+00
5.108560264252197669e-01
-1.612796699541547696e+00
2.188880014876692925e+00
6.819243430609800427e-01
6.026256722787817210e-01
-1.410773643244068065e+00
1.148728639672475182e+00
-3.667413735714424305e-01
-3.389913227642322724e+00
4.622801972096102219e-02
3.663319476231819749e+00
-4.359475270487172871e+00
-3.729193968188914354e+00
4.524060330004482822e+00
4.446924517833554802e-01
-6.439114845178997015e-01
-2.081269766443993863e+00
3.924374029228758332e+00
-1.123599584705854415e+00
3.548073097551052157e-01
-9.530933422397556143e-01
-3.740591061991684008e+00
1.158860807033877727e+00
-1.198330384852225095e+00
1.641403386557522381e+00
-8.600658207220348572e-01
2.438282468263309966e+00
2.682131193029491101e+00
-5.394298564885797731e-01
2.106841664966996319e+00
-2.056002473742051251e-01
-9.530420650848894226e-01
-1.368753421786481184e+00
7.199308894851030871e-01
-1.970466054076868367e+00
-2.079767729600505710e+00
-3.343601622639890358e+00
1.012558406878120820e+00
3.599003384365424552e+00
-1.080961045047140523e+00
-2.713962683425787947e+00
3.013247299480713792e+00
2.554603492176948265e+00
-1.622048083440922994e+00
-1.700416673898350606e+00
-2.315877227437526553e+00
1.150915297198498166e-01
-3.369850410671930252e+00
1.221040065364567440e+00
2.389154299017336669e+00
2.791263253308056136e-01
2.614485221402823356e+00
-1.080683325214361723e+00
-1.900044700469424086e+00
-1.341511269573079090e-01
1.085394136926439934e+00
-2.447089354382674831e+00
-8.258381631241293874e-01
-2.214239347881523656e-01
-1.424574013493788982e-01
-8.073907249690392973e-02
-4.199554613027519423e+00
2.121034313426660489e+00
1.256965989306898734e+00
-1.502701231554719463e+00
-9.075201581177232413e-01
-1.822071209568860262e+00
1.835661832210665700e+00
-1.747536736065295138e+00
-7.869174636805631451e-01
-1.250574151471479212e+00
-4.931291120192025090e-01
-1.726073855825293712e+00
1.207063533458553550e+00
-2.045293823291891577e+00
4.565113440603401074e-01
2.688741011221810417e+00
-2.971490255666057401e+00
-6.020121694488462794e-01
-1.764120261517517108e+00
-2.050247124179458424e+00
4.374878891098932243e-01
1.492192158391995704e+00
6.033319523401337037e-01
-3.595107031171422385e+00
-1.593376345011371598e+00
7.029907665710330988e-01
3.054131989988873030e+00
-2.090578775174400494e+00
-2.100042987197898725e-01
2.492444197574315012e+00
2.943018758627671261e-01
-5.981493063555838319e-01
9.950383570498857466e-01
1.633724276178761592e+00
-1.780424892717946683e+00
-4.282007152163060937e+00
1.959669278137412540e+00
2.344726479590859114e+00
-1.348976776282739820e-01
4.109969971036539604e+00
-1.946760446406771372e+00
5.000000000000000000e+00
1.218149219362119062e+00
-4.518376380726509822e-01
2.104136239399951869e+00
4.745710562632998730e-01
-3.559844581436146349e+00
-4.199126768618747008e+00
5.000000000000000000e+00
5.968337124565383789e-01
-8.218761003607220061e-01
6.857899959560622705e-01
-1.402168413379012435e+00
1.248274217420499710e+00
1.272476268659974430e+00
5.676182414008863475e-01
-2.634250323830475971e+00
-1.636218705398607032e+00
4.095565261110419186e+00
-1.569623348020972031e-01
-4.884350632456948560e-01
4.262238441909126152e+00
1.410971570305461498e-01
-3.625839075167729408e+00
-1.715192125644983356e+00
6.287696934423525619e-02
-3.025844411219780650e+00
6.540935018087825625e-01
6.132678645921609828e-01
-3.891544230709556018e+00
3.271170061587971745e+00
-2.262691578193466668e+00
6.839673792081191195e-01
-1.581441180051599282e+00
-2.378053568815197139e-02
-9.380580731152150520e-01
9.222693765972991287e-01
-5.637536448404425471e-01
3.030882637786007194e+00
2.642886465381750760e+00
1.323966466559982180e+00
-6.331792180352380228e-01
-9.529786521704295410e-01
-1.394474227276404577e+00
-3.491212851514150728e+00
4.178223239449676996e+00
-2.859119388995423616e+00
-1.056158376930787846e+00
3.707749489869645032e-01
-3.198872526073126998e+00
8.306648552901352289e-01
1.162579389826998266e+00
-2.313848934136875535e+00
-9.725043355078328844e-01
1.002079909845768668e+00
5.526254277813684723e-01
-2.068055227490867676e+00
-4.372846409093683384e+00
-8.782148073185229720e-01
-2.502897397203851515e+00
-2.101041353223066288e+00
-4.869468610111260531e-01
1.149658109722057731e+00
8.135201371840334872e-01
2.244411861900585947e-01
-1.352352224454991259e+00
2.299937419281016027e+00
1.156337588882659695e+00
-2.633400071460088476e+00
2.307935201843024586e+00
4.299828496982904369e+00
4.321087538406365169e+00
-7.196850956661080545e-01
3.590534413854744145e+00
7.684489613386169538e-02
1.542221176002021465e+00
2.180410486751860333e-01
-5.000000000000000000e+00
7.431143358513958574e-01
1.913032550739091064e-01
1.250579174614646405e+00
-3.610102252995668337e-01
8.271741328008062055e-01
-1.929259446057951966e+00
