-3.850367222733162009e-01
-9.589101884448787416e-01
-5.618411310013708970e-01
-6.705177209988191223e-01
-9.082583228628955396e-01
-5.503727271146114930e-01
-2.379095424675893966e+00
-2.963516612078089807e-01
-1.598697745108814683e+00
-2.149534765484990118e+00
2.355642684432508460e+00
1.070297025032384219e+00
1.477803766220862514e+00
4.584374814313116886e-01
-6.054459974904622399e-01
1.847416786488087936e+00
1.121178978759356681e+00
-4.649101563183339891e-01
-1.892612301607463632e+00
-1.057067311877974980e+00
2.322106918414416299e+00
-1.120225498559576760e+00
-2.915430806008660891e+00
-1.474910078487570164e+00
-9.194986444313935081e-01
2.343353341468331408e+00
-6.117176862853224151e-01
2.291408485429455411e+00
1.910225764078554711e+00
-1.039594525164186933e+00
-3.601594843115663025e-02
7.994179048383109887e-01
-8.516698443973940158e-01
-2.177955914622372369e+00
1.165013222593125342e+00
1.250610061427571473e+00
6.755422293738844175e-01
1.130432207439989511e+00
-7.620074079228666974e-01
2.124575039066560755e+00
-1.443172057330921909e+00
-1.770858438814078006e+00
1.341196039872531998e-01
-2.334965364434578028e+00
-3.915702967817380920e+00
-7.126081411223639250e-01
1.175987869071461134e+00
3.778115965628714434e-02
-2.507637100257040785e-01
1.004669664320246625e+00
1.184601501718763217e+00
1.614762779954512339e+00
5.994181701097778259e-01
-2.223995576561202725e+00
-8.506266198644105714e-01
-1.112400036062162201e-01
-5.315940742731797286e-01
-1.179650162531119761e+00
-1.048150278747639330e+00
-1.812786727872309989e+00
2.452898690307918628e-01
1.923050035352788178e+00
2.423182781690258025e+00
9.304197188564522492e-02
-3.013768933775686776e-01
-2.379860906459267511e+00
5.094716739179911968e-01
-1.394568533652980058e+00
1.856407790109017242e+00
1.237414986154074192e+00
7.992582041727906983e-01
2.077731083705982584e+00
9.666515194648290787e-01
-8.324926275310939872e-01
3.873118695032671255e-01
7.439591631612163525e-01
-1.696084750639881289e+00
7.100300166719542005e-01
-1.682862928734505381e+00
1.065656696591272379e+00
4.047338846895875974e-01
5.783752711884240227e-01
-1.284375517786742193e-01
1.348097430728460111e+00
-1.134714512529200192e-02
-5.881596040391885438e-01
-1.631827375010075798e+00
-1.015200331685307766e+00
-3.379517625352091770e+00
-8.951532601370297826e-01
1.372369950686338491e+00
-9.775517516425971110e-01
2.053343971122808753e+00
-1.114094251705375349e+00
1.428569369238884335e+00
-2.385146010987938325e+00
-2.566048325477439107e-01
2.600324311481355899e+00
-2.190544130696295166e+00
-4.266844382935905955e-01
6.867282433629648963e-01
-2.065426617122934072e+00
-4.342877972788441454e-01
1.688961903666863051e+00
1.118696382240285558e+00
-1.001553526009048678e+00
-1.865907090687014325e+00
-1.364414379697553414e+00
3.956081908784980783e-02
1.781603338190471675e-01
-2.423726085908981531e-01
-1.945621480696028804e+00
4.664829301595041500e-01
-2.534340576822728508e+00
-1.443844125412390600e+00
1.016177647952794416e+00
9.933130105443783719e-01
-2.625303187584275832e-01
2.511032658277201790e+00
4.163784113243664819e-01
8.969821046263248832e-02
-9.374782673703485614e-02
-1.566920625589059313e+00
-1.957368826682162499e+00
1.594835907222494242e+00
2.044588083944045565e+00
-4.278386646173073515e-01
6.872614338174738435e-01
1.744769518894964122e+00
6.198307309630397555e-01
-1.083945899460767581e+00
-1.174591524458913128e+00
-3.477506298496804149e-01
-5.270631602771516100e-01
-1.354918144004535474e+00
5.222259123424199956e-01
-1.234564909732984717e-01
1.632078838583474578e+00
-2.037417682179469836e-01
-9.316007816773721473e-01
8.461157474386915567e-01
2.024584379060617501e+00
-2.304976912537059608e+00
-1.613060305119993210e+00
2.336901023343197714e+00
2.288014684953925126e+00
2.429522038403808537e-01
-2.533018677901468063e+00
2.889266063790456585e+00
1.648179000642001846e+00
1.479117491374131177e+00
-1.573941028994740421e+00
9.115567519938903018e-01
5.468119770930268686e-01
-6.684471856445846072e-01
-7.187081504134580356e-01
4.736839158304846364e-01
-1.686096701661874420e-01
2.244805250854684076e+00
-6.429979145448374567e-01
2.401492112095901632e+00
-8.871184702949008738e-02
-1.296012331609244228e+00
3.583832130913000569e-01
-1.057846660671810657e+00
-2.211914905860545844e-01
-6.452059407093724275e-01
-5.914508747341251649e-01
-4.909708235093122042e-01
-3.572551103679950657e-01
-2.480043978276125216e-02
8.738935966549128409e-01
-9.575265140012403364e-01
8.922021707772920252e-01
-2.167891579374206401e+00
-9.509758856089902679e-01
-3.345916879329160487e+00
2.422437752997366189e-01
1.105491178122344209e-01
2.419408476493857485e+00
1.552489287729477141e-01
-1.242768251184127593e-01
-2.780641545251940627e-01
-2.401333335796235424e+00
-2.556742709223783550e+00
-2.422654806416583817e+00
-1.261872265733252618e+00
2.791955977019602742e+00
9.653980468935730030e-01
-2.071986443039310899e+00
1.742866243786689751e+00
-2.498744379095060530e+00
-2.288308641112902109e+00
1.723508215182266490e+00
1.459263858360907662e+00
-2.815277428047131547e+00
-7.577687301085438421e-01
5.035692946744996235e-01
-4.442384414870339526e-01
1.424825334052732373e+00
-7.236092156337203818e-02
-4.772412083955908102e-01
-2.002190091266343508e+00
1.270650803974868737e-01
1.398022644990028596e+00
-1.071905282354277400e+00
1.142207757459059891e+00
2.909011111787362935e-01
1.760227159900706440e+00
-2.402749381481661395e+00
-1.033754102383235729e+00
2.253804748216232667e+00
-6.463282704483628294e-01
1.017628547564815022e-01
1.985923960466910998e+00
5.954822779134723021e-01
-4.636750568410530349e-01
3.868575549838034533e+00
-1.541621711299789421e+00
1.053616415465280731e+00
1.361466768617178857e-01
2.124378411937652089e+00
5.990030882049000027e-01
-8.073101346561228908e-01
1.901253940328587078e+00
-1.609831634054153859e+00
6.223205165493794766e-03
-1.604299380757379101e+00
2.401112212617587005e+00
-1.818374689378196685e+00
3.439503735847928567e-01
-6.253747060338294972e-01
-1.327003424015130939e+00
-2.097431393963730795e+00
-2.843242943730928118e-02
-7.589016481628378941e-01
-2.349197212812937252e+00
-4.400988620665335915e-01
3.225944524611239927e+00
1.286212348081948953e+00
-1.293016394549394654e+00
-1.951779534778801839e+00
-1.874472867092515926e+00
-9.389111788593673680e-02
-1.126244531383523650e+00
7.328790081663942857e-01
-1.517344958532158561e+00
2.241499842251606367e-01
-1.865587433997237810e+00
-6.429293276593295303e-01
-1.607591006648072973e+00
9.230776728456646651e-02
-1.387326282617831197e-01
-8.848939118546734761e-01
-6.418996744253000486e-01
-2.785096894277222290e+00
-1.736175020854731521e+00
-1.696568282402248329e+00
-7.933250213752387481e-01
-4.702594615037511971e-01
-1.823659019982404317e+00
-1.077973395731968598e+00
7.658902363100930089e-01
7.821079540035995592e-01
1.310100405330300255e+00
3.232800099876271815e-01
1.278118631520019477e+00
1.152731940633437979e+00
-7.819686151010500907e-01
-1.441676604237040138e+00
-8.605116095955667177e-01
6.760881602477990526e-01
-3.158124555220105378e-01
1.265559800272397339e+00
1.395780148458700687e+00
6.733995882926002707e-03
5.755704456499044497e-01
1.624486738748219139e+00
9.122332892488014267e-01
2.850850206712500778e-01
-7.157985727759914596e-01
2.033245474209701698e+00
-1.159230529255258269e+00
2.618507737518971368e+00
-2.011069517964547249e+00
1.063649507564507601e+00
1.216404918136682056e-02
-3.382417076432222558e-01
2.058178514400436754e+00
-7.833980420000772327e-01
-2.488838381974112668e+00
-7.870332343810657605e-01
2.075441750488167258e-01
-9.052801350808525882e-02
1.196313372515599660e+00
1.874311099869444774e+00
-2.401511624329967898e+00
-3.203651002937946135e+00
1.622959247247810488e+00
8.011471292617091677e-01
-1.354502205370859969e-01
-8.476581252247434861e-01
-5.223537628850305481e-01
-9.506406826864743920e-02
-2.978684685840235602e+00
-1.849244470226935722e+00
1.690034286430620369e+00
1.859209186077528386e-01
1.395014026154857589e+00
-1.024034233733530641e-01
-1.399963780987568462e+00
4.437321402054150710e-01
-1.265437807031213335e+00
9.197220358673474649e-01
9.286960071006724604e-01
1.048991284444184657e+00
-3.177970480711458379e+00
-8.773668198537070140e-01
-2.387923529321743121e+00
3.395437439353436559e+00
8.860278137286883293e-01
-2.039055869349572170e+00
-7.413848598652448274e-01
-2.496793631763479127e+00
-3.078068772797344366e-01
-2.122237785615043393e+00
-7.079194372625075005e-02
1.312346563280771150e+00
1.293100803949197797e+00
-1.980442669342663109e+00
1.304273957252930494e+00
1.211544528758270900e+00
-1.724215545844707265e-01
-1.914623875037640310e+00
6.272572615928186934e-01
2.546908006211694442e-01
-2.170824020483940409e+00
1.163389306261225720e+00
7.838319558615589600e-01
-3.065406483966284235e+00
-7.223513250107185257e-01
1.833776832239177423e+00
-4.099279824909851655e-01
-5.147196291718341143e-01
-1.940319659331396274e+00
9.550233143707567152e-01
-2.259561388109621483e+00
2.194837120337815861e-01
-2.847175739688134755e-01
-2.845036724426952546e+00
3.418997447937108802e-01
6.145504969680342100e-01
-6.111533903565558035e-03
-4.860764531465102678e-01
5.177823287315366230e-01
1.299078172203547155e-01
-1.540030494275907103e+00
1.135134914227560188e+00
9.362900488456560311e-03
-1.979418885207000489e+00
2.181247391016718495e-01
-4.657951247535834227e-01
-3.573409097348410057e-01
-8.312483466858706649e-01
-1.106496144180296959e+00
3.215479970532022946e+00
3.604698595592106258e-01
4.656977536350712654e-01
-2.297274516894215246e+00
9.800671055893852568e-01
1.682689283097955624e+00
-3.403159332944971638e-01
-1.595555198956968734e+00
-1.639120252889182616e+00
-1.842775877468850965e+00
-2.773370376387181313e+00
-7.491109339823571744e-01
3.433994893411210114e+00
-3.478316071776674789e-01
1.710282015867514716e-01
-2.066375507493143360e-01
-1.582205771098598390e+00
-7.361904952958644444e-01
-4.462220644376095890e-01
-2.386469322181945518e+00
-6.370555054842990117e-01
1.979726059114641501e-01
-2.215546817554133519e+00
7.183904686809228224e-02
-1.583378200122123047e+00
1.575598462889724161e+00
3.793599587556588659e-01
2.975405561044812686e-01
5.693615849856126232e-01
-2.751361736802788727e-01
1.448419872775597028e-01
-6.123462589799268940e-01
6.237709030135540900e-01
-2.071523937372279800e+00
-1.605904701657768108e+00
-1.130727308694314814e+00
6.167676479258688005e-01
-1.309344430202264320e+00
-4.798074375623073706e-03
3.963373604739208744e+00
-2.369954363479212844e+00
-4.573089385368431792e-01
-1.424573639454689733e+00
-1.312116716039603226e+00
-1.575609631126271282e-01
2.969376649313328898e-01
-8.922459491910110785e-01
-3.084337644628545316e+00
-5.143074615043978781e-01
6.576008694179025227e-01
6.808908489261380481e-01
-8.487238814331838910e-01
1.519113182914193061e+00
6.675278255746039946e-01
-7.878791261083541997e-01
-4.020595181206534363e-01
2.349466299524456403e+00
2.158338755678556709e+00
-1.486856023062062881e+00
-1.475972016011358079e+00
1.335669892929761460e+00
1.095306842999773878e+00
1.072798797562493078e-01
8.220903718035534880e-01
-3.361583329844295420e-01
2.996160482652785007e+00
5.488059802806155574e-02
-2.749554081931355753e+00
1.214899579799311624e+00
1.285334388332736388e+00
-8.242464180006425778e-01
-8.611314258850422121e-01
2.019112540104062603e+00
3.033633921071734463e-01
-1.504547682722474633e+00
1.550907308474922530e-01
-9.261754411334148784e-01
5.205606676846485925e-01
7.181206310018861672e-02
1.203371833446458261e+00
-3.118620687780455647e+00
-2.275046015123955545e+00
2.858634894548432115e+00
1.116641585318972396e+00
-4.474466645625074790e-01
2.668225635677412555e+00
5.556239156576285865e-01
-3.004401479982035550e+00
-1.660418274297120966e+00
1.444772648267450776e+00
-2.561075611892477788e+00
7.620190526270800291e-01
9.736319766454206714e-01
-1.848799995353436199e+00
1.444477676953503931e+00
4.178778903727060623e-01
1.401261211059297018e+00
-1.049475324217649774e+00
1.722317083299005347e-01
2.371476202239559683e-01
-8.870213971224174543e-01
-2.474301346696847759e-01
2.063945019039080897e+00
1.904877906138749744e+00
1.077510763814203187e+00
-1.913330624049160988e-01
-1.715331120794290509e+00
-8.865578326123788599e-01
-2.727498581954266754e+00
6.518973931931313359e-01
-1.772639396250278665e+00
6.432627712340188708e-01
-5.554980766951382876e-01
-1.648900635338600651e+00
9.570925527308631331e-01
1.162578980143448071e+00
-1.192353359459672024e+00
-3.991490316921328940e-01
4.763169196340291123e-01
5.144556717923975953e-01
1.078800901884644503e-01
-2.309670866247308219e+00
-5.544645633653431105e-01
-1.099580171618546043e+00
3.431027446493626343e-01
1.442695843853600834e-01
-1.404575151689237966e+00
1.221675284161679365e+00
-1.040056791264111880e+00
-6.379062531155232918e-01
2.416188932995320116e-01
1.509399524379779756e+00
-2.373741843455058564e+00
9.744568516843576944e-01
2.352224982532522546e+00
2.085596931501052964e+00
-1.642031351984938325e+00
8.958174038167063813e-01
9.736967357710568649e-03
1.603197489496539063e+00
-2.701237532424194399e-02
-1.261969509731409644e+00
3.248740239090448512e-01
7.140229784298668392e-01
-1.248832262548829064e-01
-3.596267647989979110e-01
8.034195656223435122e-01
-4.420115626443745782e-01
