3.020569482730036531e-02
3.044831686645421351e-02
3.117332192757133955e-02
3.121538082420267576e-02
3.131133979886520369e-02
3.136428295217347229e-02
3.151101394750730617e-02
3.156193910392705859e-02
3.160449335142077876e-02
3.162220738658198110e-02
3.160227839887497919e-02
3.157933244867597994e-02
3.150561854653864680e-02
3.140929798642434073e-02
3.137871890310373751e-02
3.121538085756138392e-02
3.100941792423714607e-02
3.056900390918879801e-02
3.000239990400768025e-02
2.995997329771840634e-02
