3.519999999999999796e-01
3.649999999999999911e-01
4.159999999999999809e-01
4.199999999999999845e-01
4.299999999999999933e-01
4.362000099999999809e-01
4.580000000000000071e-01
4.689999999999999947e-01
4.830000000000000071e-01
4.969999999999999973e-01
5.179999999999999494e-01
5.262000099999999809e-01
5.430000000000000021e-01
5.580000000000000071e-01
5.620000000000000041e-01
5.799999967459222271e-01
5.980000000000000071e-01
6.280000000000000071e-01
6.580000000000000293e-01
6.600000000000000311e-01
