6.789000000000000000e+03
4.881000000000000000e+03
5.430000000000000000e+02
5.180000000000000000e+03
2.524000000000000000e+03
1.779000000000000000e+03
3.711000000000000000e+03
1.874000000000000000e+03
8.412000000000000000e+03
5.600000000000000000e+02
2.412000000000000000e+03
2.174000000000000000e+03
2.971000000000000000e+03
3.480000000000000000e+03
1.590000000000000000e+03
1.041000000000000000e+03
2.441000000000000000e+03
8.674000000000000000e+03
1.673000000000000000e+03
8.630000000000000000e+02
1.315000000000000000e+03
9.274000000000000000e+03
2.655000000000000000e+03
1.541000000000000000e+03
1.465000000000000000e+03
1.507000000000000000e+03
9.332000000000000000e+03
0.000000000000000000e+00
1.972000000000000000e+03
9.296000000000000000e+03
9.380000000000000000e+03
3.999000000000000000e+03
9.199000000000000000e+03
9.624000000000000000e+03
4.092000000000000000e+03
1.387000000000000000e+03
9.128000000000000000e+03
9.619000000000000000e+03
2.461000000000000000e+03
1.323000000000000000e+03
6.990000000000000000e+02
9.155000000000000000e+03
5.089000000000000000e+03
9.443000000000000000e+03
2.234000000000000000e+03
2.113000000000000000e+03
1.616000000000000000e+03
8.943000000000000000e+03
2.834000000000000000e+03
1.224000000000000000e+03
4.034000000000000000e+03
1.769000000000000000e+03
1.582000000000000000e+03
7.284000000000000000e+03
4.170000000000000000e+02
3.717000000000000000e+03
5.090000000000000000e+02
2.963000000000000000e+03
1.854000000000000000e+03
7.110000000000000000e+02
1.593000000000000000e+03
5.836000000000000000e+03
3.890000000000000000e+03
9.228000000000000000e+03
9.393000000000000000e+03
1.080000000000000000e+03
2.676000000000000000e+03
6.280000000000000000e+02
3.463000000000000000e+03
9.708000000000000000e+03
3.634000000000000000e+03
1.004000000000000000e+03
3.340000000000000000e+03
9.169000000000000000e+03
8.000000000000000000e+02
1.342000000000000000e+03
2.118000000000000000e+03
9.067000000000000000e+03
2.735000000000000000e+03
3.436000000000000000e+03
2.746000000000000000e+03
2.574000000000000000e+03
3.933000000000000000e+03
9.227000000000000000e+03
6.547000000000000000e+03
9.891000000000000000e+03
4.377000000000000000e+03
8.948000000000000000e+03
9.610000000000000000e+03
3.196000000000000000e+03
9.468000000000000000e+03
2.341000000000000000e+03
4.147000000000000000e+03
5.880000000000000000e+02
1.706000000000000000e+03
9.607000000000000000e+03
2.968000000000000000e+03
9.135000000000000000e+03
9.929000000000000000e+03
9.544000000000000000e+03
